NA NA NA NA NA NA NA NA NA NA NA NA NA NA NA NA NA NA NA NA NA NA NA NA NA NA NA NA NA NA NA NA NA NA NA NA NA NA NA NA NA NA NA NA NA NA NA NA NA NA NA NA NA NA NA NA NA NA NA NA NA NA NA NA NA NA NA NA NA NA NA NA NA NA NA NA NA NA NA NA NA NA NA NA NA NA NA NA NA NA NA NA NA NA NA NA NA NA NA NA NA 206 NA NA NA NA NA NA NA NA NA NA NA NA NA NA NA NA NA NA NA NA NA NA NA NA NA NA NA NA NA NA NA NA NA NA NA NA NA NA NA NA NA NA NA NA NA NA NA NA NA NA NA NA NA NA NA NA NA NA NA NA NA NA NA NA NA NA NA NA NA NA NA NA NA NA NA NA NA NA NA NA NA NA NA NA NA NA NA NA NA NA NA NA NA NA NA NA NA NA NA NA NA NA NA NA NA NA NA NA NA NA NA NA NA NA NA NA NA NA NA NA NA NA NA NA NA NA NA NA NA NA NA NA NA NA NA NA NA NA NA NA NA NA NA NA NA NA NA NA NA NA NA NA NA NA NA NA NA NA NA NA NA NA NA NA NA NA NA NA NA NA NA NA NA NA NA NA NA NA NA NA NA NA NA NA NA NA NA NA NA NA NA NA NA NA NA NA NA NA NA NA NA NA NA NA NA NA NA NA NA NA NA NA NA NA NA NA NA NA NA NA NA NA NA NA NA NA NA NA NA NA NA NA NA NA NA NA NA NA NA NA NA NA NA NA NA NA NA NA NA NA NA NA NA NA NA NA NA NA NA NA NA NA NA NA NA NA NA NA NA NA NA NA NA NA NA NA NA NA NA NA NA NA NA NA NA NA NA NA NA NA NA NA NA NA NA NA NA NA NA NA NA NA NA NA NA NA NA NA NA NA NA NA NA NA NA NA NA NA NA NA NA NA NA NA NA NA NA NA NA NA NA NA NA NA NA NA NA NA NA NA NA NA NA NA NA NA NA NA NA NA NA NA NA NA NA NA NA NA NA NA NA NA NA NA NA NA NA NA NA NA NA NA NA NA NA NA NA NA NA NA NA NA NA NA NA NA NA NA NA NA NA NA NA NA NA NA NA NA NA NA NA
NA NA NA NA NA NA NA NA NA NA NA NA NA NA NA NA NA NA NA NA NA NA NA NA NA NA NA NA NA NA NA NA NA NA NA NA NA NA NA NA NA NA NA NA NA NA NA NA NA NA NA NA NA NA NA NA NA NA NA NA NA NA NA NA NA NA NA NA NA NA NA NA NA NA NA NA NA NA NA NA NA NA NA NA NA NA NA NA NA NA NA NA NA NA NA NA NA NA NA NA 206 206 206 206 206 206 206 NA NA NA NA NA NA NA NA NA NA NA NA NA NA NA NA NA NA NA NA NA NA NA NA NA NA NA NA NA NA NA NA NA NA NA NA NA NA NA NA NA NA NA NA NA NA NA NA NA NA NA NA NA NA NA NA NA NA NA NA NA NA NA NA NA NA NA NA NA NA NA NA NA NA NA NA NA NA NA NA NA NA NA NA NA NA NA NA NA NA NA NA NA NA NA NA NA NA NA NA NA NA NA NA NA NA NA NA NA NA NA NA NA NA NA NA NA NA NA NA NA NA NA NA NA NA NA NA NA NA NA NA NA NA NA NA NA NA NA NA NA NA NA NA NA NA NA NA NA NA NA NA NA NA NA NA NA NA NA NA NA NA NA NA NA NA NA NA NA NA NA NA NA NA NA NA NA NA NA NA NA NA NA NA NA NA NA NA NA NA NA NA NA NA NA NA NA NA NA NA NA NA NA NA NA NA NA NA NA NA NA NA NA NA NA NA NA NA NA NA NA NA NA NA NA NA NA NA NA NA NA NA NA NA NA NA NA NA NA NA NA NA NA NA NA NA NA NA NA NA NA NA NA NA NA NA NA NA NA NA NA NA NA NA NA NA NA NA NA NA NA NA NA NA NA NA NA NA NA NA NA NA NA NA NA NA NA NA NA NA NA NA NA NA NA NA NA NA NA NA NA NA NA NA NA NA NA NA NA NA NA NA NA NA NA NA NA NA NA NA NA NA NA NA NA NA NA NA NA NA NA NA NA NA NA NA NA NA NA NA NA NA NA NA NA NA NA NA NA NA NA NA NA NA NA NA NA NA NA NA NA NA NA NA NA NA NA NA NA NA NA NA NA NA NA NA NA NA NA NA NA NA NA NA NA NA NA NA NA NA NA NA NA NA NA NA
NA NA NA NA NA NA NA NA NA NA NA NA NA NA NA NA NA NA NA NA NA NA NA NA NA NA NA NA NA NA NA NA NA NA NA NA NA NA NA NA NA NA NA NA NA NA NA NA NA NA NA NA NA NA NA NA NA NA NA NA NA NA NA NA NA NA NA NA NA NA NA NA NA NA NA NA NA NA NA NA NA NA NA NA NA NA NA NA NA NA 207 207 207 207 207 206 206 NA 206 206 206 206 206 206 206 206 206 206 NA NA NA NA NA NA NA NA NA NA NA NA NA NA NA NA NA NA NA NA NA NA NA NA NA 204 204 204 204 204 204 204 204 204 203 203 203 NA NA NA NA NA NA NA NA 203 NA NA NA NA NA NA NA NA NA NA NA NA NA NA NA NA NA NA NA NA NA NA NA NA NA NA NA NA NA NA NA NA NA NA NA NA NA NA NA NA NA NA NA NA NA NA NA NA NA NA NA NA NA NA NA NA NA NA NA NA NA NA NA NA NA NA NA NA NA NA NA NA NA NA NA NA NA NA NA NA NA NA NA NA NA NA NA NA NA NA NA NA NA NA NA NA NA NA NA NA NA NA NA NA NA NA NA NA NA NA NA NA NA NA NA NA NA NA NA NA NA NA NA NA NA NA NA NA NA NA NA NA NA NA NA NA NA NA NA NA NA NA NA NA NA NA NA NA NA NA NA NA NA NA NA NA NA NA NA NA NA NA NA NA NA NA NA NA NA NA NA NA NA NA NA NA NA NA NA NA NA NA NA NA NA NA NA NA NA NA NA NA NA NA NA NA NA NA NA NA NA NA NA NA NA NA NA NA NA NA NA NA NA NA NA NA NA NA NA NA NA NA NA NA NA NA NA NA NA NA NA NA NA NA NA NA NA NA NA NA NA NA NA NA NA NA NA NA NA NA NA NA NA NA NA NA NA NA NA NA NA NA NA NA NA NA NA NA NA NA NA NA NA NA NA NA NA NA NA NA NA NA NA NA NA NA NA NA NA NA NA NA NA NA NA NA NA NA NA NA NA NA NA NA NA NA NA NA NA NA NA NA NA NA NA NA NA NA NA NA NA NA NA NA NA NA NA NA NA NA NA NA NA NA NA NA NA NA NA NA NA NA NA NA NA NA NA NA NA
NA NA NA NA NA NA NA NA NA NA NA NA NA NA NA NA NA NA NA NA NA NA NA NA NA NA NA NA NA NA NA NA NA NA NA NA NA NA NA NA NA NA NA NA NA NA NA NA NA NA NA NA NA NA NA NA NA NA NA NA NA NA NA NA NA NA NA NA NA NA NA NA NA NA NA NA NA NA NA NA NA NA NA NA NA NA NA NA 207 207 207 207 207 207 207 207 206 206 206 206 206 206 206 206 206 206 206 206 206 206 206 NA NA NA NA NA NA NA NA NA NA NA NA NA NA NA NA NA NA NA NA 204 204 204 204 204 204 204 204 204 204 204 203 203 203 NA NA NA NA NA NA NA 203 203 203 NA NA NA NA NA NA NA NA NA NA NA NA NA NA NA NA NA NA NA NA NA NA NA NA NA NA NA NA NA NA NA NA NA NA NA NA NA NA NA NA NA NA NA NA NA NA NA NA NA NA NA NA NA NA NA NA NA NA NA NA NA NA NA NA NA NA NA NA NA NA NA NA NA NA NA NA NA NA NA NA NA NA NA NA NA NA NA NA NA NA NA NA NA NA NA NA NA NA NA NA NA NA NA NA NA NA NA NA NA NA NA NA NA NA NA NA NA NA NA NA NA NA NA NA NA NA NA NA NA NA NA NA NA NA NA NA NA NA NA NA NA NA NA NA NA NA NA NA NA NA NA NA NA NA NA NA NA NA NA NA NA NA NA NA NA NA NA NA NA NA NA NA NA NA NA NA NA NA NA NA NA NA NA NA NA NA NA NA NA NA NA NA NA NA NA NA NA NA NA NA NA NA NA NA NA NA NA NA NA NA NA NA NA NA NA NA NA NA NA NA NA NA NA NA NA NA NA NA NA NA NA NA NA NA NA NA NA NA NA NA NA NA NA NA NA NA NA NA NA NA NA NA NA NA NA NA NA NA NA NA NA NA NA NA NA NA NA NA NA NA NA NA NA NA NA NA NA NA NA NA NA NA NA NA NA NA NA NA NA NA NA NA NA NA NA NA NA NA NA NA NA NA NA NA NA NA NA NA NA NA NA NA NA NA NA NA NA NA NA NA NA NA NA NA NA NA NA NA NA NA NA NA NA NA NA NA NA NA NA NA NA NA NA NA NA NA NA NA
NA NA NA NA NA NA NA NA NA NA NA NA NA NA NA NA NA NA NA NA NA NA NA NA NA NA NA NA NA NA NA NA NA NA NA NA NA NA NA NA NA NA NA NA NA NA NA NA NA NA NA NA NA NA NA NA NA NA NA NA NA NA NA NA NA NA NA NA NA NA NA NA NA NA NA NA NA NA NA NA NA NA NA NA NA NA NA 207 207 207 207 207 207 207 207 207 207 207 206 206 206 206 206 206 206 206 206 206 206 206 206 206 NA NA NA NA NA NA NA NA NA NA NA NA NA NA NA NA 205 204 204 204 204 204 204 204 204 204 204 204 204 204 204 203 203 NA NA NA NA NA NA 203 203 203 203 203 203 NA NA NA NA NA NA 202 202 NA NA NA NA NA NA NA NA NA NA NA NA NA NA NA NA NA NA NA NA NA NA NA NA NA NA NA NA NA NA NA NA NA NA NA NA NA NA NA NA NA NA NA NA NA NA NA NA NA NA NA NA NA NA NA NA NA NA NA NA NA NA NA NA NA NA NA NA NA NA NA NA NA NA NA NA NA NA NA NA NA NA NA NA NA NA NA NA NA NA NA NA NA NA NA NA NA NA NA NA NA NA NA NA NA NA NA NA NA NA NA NA NA NA NA NA NA NA NA NA NA NA NA NA NA NA NA NA NA NA NA NA NA NA NA NA NA NA NA NA NA NA NA NA NA NA NA NA NA NA NA NA NA NA NA NA NA NA NA NA NA NA NA NA NA NA NA NA NA NA NA NA NA NA NA NA NA NA NA NA NA NA NA NA NA NA NA NA NA NA NA NA NA NA NA NA NA NA NA NA NA NA NA NA NA NA NA NA NA NA NA NA NA NA NA NA NA NA NA NA NA NA NA NA NA NA NA NA NA NA NA NA NA NA NA NA NA NA NA NA NA NA NA NA NA NA NA NA NA NA NA NA NA NA NA NA NA NA NA NA NA NA NA NA NA NA NA NA NA NA NA NA NA NA NA NA NA NA NA NA NA NA NA NA NA NA NA NA NA NA NA NA NA NA NA NA NA NA NA NA NA NA NA NA NA NA NA NA NA NA NA NA NA NA NA NA NA NA NA NA NA NA NA NA NA NA NA NA NA NA NA NA NA NA NA NA NA NA
NA NA NA NA NA NA NA NA NA NA NA NA NA NA NA NA NA NA NA NA NA NA NA NA NA NA NA NA NA NA NA NA NA NA NA NA NA NA NA NA NA NA NA NA NA NA NA NA NA NA NA NA NA NA NA NA NA NA NA NA NA NA NA NA NA NA NA NA NA NA NA NA NA NA NA NA NA NA NA NA NA NA NA 207 207 207 207 207 207 207 207 207 207 207 207 207 207 207 207 206 206 206 206 206 206 206 206 206 206 206 206 206 206 206 NA NA NA NA NA NA NA NA NA NA 205 205 205 205 205 205 204 204 204 204 204 204 204 204 204 204 204 204 204 204 203 203 NA NA 203 203 203 203 203 203 203 203 203 203 NA NA 202 202 202 202 202 202 202 NA NA NA NA NA NA NA NA NA NA NA NA NA NA NA NA NA NA NA NA NA NA NA NA NA NA NA NA NA NA NA NA NA NA NA NA NA NA NA NA NA NA NA NA NA NA NA NA NA NA NA NA NA NA NA NA NA NA NA NA NA NA NA NA NA NA NA NA NA NA NA NA NA NA NA NA NA NA NA NA NA NA NA NA NA NA NA NA NA NA NA NA NA NA NA NA NA NA NA NA NA NA NA NA NA NA NA NA NA NA NA NA NA NA NA NA NA NA NA NA NA NA NA NA NA NA NA NA NA NA NA NA NA NA NA NA NA NA NA NA NA NA NA NA NA NA NA NA NA NA NA NA NA NA NA NA NA NA NA NA NA NA NA NA NA NA NA NA NA NA NA NA NA NA NA NA NA NA NA NA NA NA NA NA NA NA NA NA NA NA NA NA NA NA NA NA NA NA NA NA NA NA NA NA NA NA NA NA NA NA NA NA NA NA NA NA NA NA NA NA NA NA NA NA NA NA NA NA NA NA NA NA NA NA NA NA NA NA NA NA NA NA NA NA NA NA NA NA NA NA NA NA NA NA NA NA NA NA NA NA NA NA NA NA NA NA NA NA NA NA NA NA NA NA NA NA NA NA NA NA NA NA NA NA NA NA NA NA NA NA NA NA NA NA NA NA NA NA NA NA NA NA NA NA NA NA NA NA NA NA NA NA NA NA NA NA NA NA NA NA NA NA NA NA NA NA NA NA NA NA NA NA NA NA NA NA
NA NA NA NA NA NA NA NA NA NA NA NA NA NA NA NA NA NA NA NA NA NA NA NA NA NA NA NA NA NA NA NA NA NA NA NA NA NA NA NA NA NA NA NA NA NA NA NA NA NA NA NA NA NA NA NA NA NA NA NA NA NA NA NA NA NA NA NA NA NA NA NA NA NA NA NA NA NA NA NA NA NA NA 207 207 207 207 207 207 207 207 207 207 207 207 207 207 207 207 207 206 206 206 206 206 206 206 206 206 206 206 206 206 206 206 205 205 205 NA NA NA NA 205 205 205 205 205 205 205 205 205 204 204 204 204 204 204 204 204 204 204 204 204 204 204 204 203 203 203 203 203 203 203 203 203 203 203 203 203 203 202 202 202 202 202 202 202 NA NA NA NA NA NA NA NA NA NA NA NA NA NA NA NA NA NA NA NA NA NA NA NA NA NA NA NA NA NA NA NA NA NA NA NA NA NA NA NA NA NA NA NA NA NA NA NA NA NA NA NA NA NA NA NA NA NA NA NA NA NA NA NA NA NA NA NA NA NA NA NA NA NA NA NA NA NA NA NA NA NA NA NA NA NA NA NA NA NA NA NA NA NA NA NA NA NA NA NA NA NA NA NA NA NA NA NA NA NA NA NA NA NA NA NA NA NA NA NA NA NA NA NA NA NA NA NA NA NA NA NA NA NA NA NA NA NA NA NA NA NA NA NA NA NA NA NA NA NA NA NA NA NA NA NA NA NA NA NA NA NA NA NA NA NA NA NA NA NA NA NA NA NA NA NA NA NA NA NA NA NA NA NA NA NA NA NA NA NA NA NA NA NA NA NA NA NA NA NA NA NA NA NA NA NA NA NA NA NA NA NA NA NA NA NA NA NA NA NA NA NA NA NA NA NA NA NA NA NA NA NA NA NA NA NA NA NA NA NA NA NA NA NA NA NA NA NA NA NA NA NA NA NA NA NA NA NA NA NA NA NA NA NA NA NA NA NA NA NA NA NA NA NA NA NA NA NA NA NA NA NA NA NA NA NA NA NA NA NA NA NA NA NA NA NA NA NA NA NA NA NA NA NA NA NA NA NA NA NA NA NA NA NA NA NA NA NA NA NA NA NA NA NA NA NA NA NA NA NA NA NA NA NA NA NA
NA NA NA NA NA NA NA NA NA NA NA NA NA NA NA NA NA NA NA NA NA NA NA NA NA NA NA NA NA NA NA NA NA NA NA NA NA NA NA NA NA NA NA NA NA NA NA NA NA NA NA NA NA NA NA NA NA NA NA NA NA NA NA NA NA NA NA NA NA NA NA NA NA NA NA NA NA NA NA NA NA NA NA NA 207 207 207 207 207 207 207 207 207 207 207 207 207 207 207 207 207 206 206 206 206 206 206 206 206 206 206 206 206 206 206 206 206 205 205 205 205 205 205 205 205 205 205 205 205 205 205 205 204 204 204 204 204 204 204 204 204 204 204 204 204 204 203 203 203 203 203 203 203 203 203 203 203 203 203 203 202 202 202 202 202 202 202 202 202 202 NA NA NA NA NA NA NA NA NA NA NA NA NA NA NA NA NA NA NA NA NA NA NA NA NA NA NA NA NA NA NA NA NA NA NA NA NA NA NA NA NA NA NA NA NA NA NA NA NA NA NA NA NA NA NA NA NA NA NA NA NA NA NA NA NA NA NA NA NA NA NA NA NA NA NA NA NA NA NA NA NA NA NA NA NA NA NA NA NA NA NA NA NA NA NA NA NA NA NA NA NA NA NA NA NA NA NA NA NA NA NA NA NA NA NA NA NA NA NA NA NA NA NA NA NA NA NA NA NA NA NA NA NA NA NA NA NA NA NA NA NA NA NA NA NA NA NA NA NA NA NA NA NA NA NA NA NA NA NA NA NA NA NA NA NA NA NA NA NA NA NA NA NA NA NA NA NA NA NA NA NA NA NA NA NA NA NA NA NA NA NA NA NA NA NA NA NA NA NA NA NA NA NA NA NA NA NA NA NA NA NA NA NA NA NA NA NA NA NA NA NA NA NA NA NA NA NA NA NA NA NA NA NA NA NA NA NA NA NA NA NA NA NA NA NA NA NA NA NA NA NA NA NA NA NA NA NA NA NA NA NA NA NA NA NA NA NA NA NA NA NA NA NA NA NA NA NA NA NA NA NA NA NA NA NA NA NA NA NA NA NA NA NA NA NA NA NA NA NA NA NA NA NA NA NA NA NA NA NA NA NA NA NA NA NA NA NA NA NA NA NA NA NA NA NA NA NA NA NA NA NA NA NA
NA NA NA NA NA NA NA NA NA NA NA NA NA NA NA NA NA NA NA NA NA NA NA NA NA NA NA NA NA NA NA NA NA NA NA NA NA NA NA NA NA NA NA NA NA NA NA NA NA NA NA NA NA NA NA NA NA NA NA NA NA NA NA NA NA NA NA NA NA NA NA NA NA NA NA NA NA NA NA NA NA NA NA NA NA 208 207 207 207 207 207 207 207 207 207 207 207 207 207 207 207 207 207 206 206 206 206 206 206 206 206 206 206 206 206 206 206 206 205 205 205 205 205 205 205 205 205 205 205 205 205 205 205 205 204 204 204 204 204 204 204 204 204 204 204 204 204 204 203 203 203 203 203 203 203 203 203 203 203 203 203 202 202 202 202 202 202 202 202 202 202 202 NA NA NA NA NA NA NA NA NA NA NA NA NA NA NA NA NA NA NA NA NA NA NA NA NA NA NA NA NA NA NA NA NA NA NA NA NA NA NA NA NA NA NA NA NA NA NA NA NA NA NA NA NA NA NA NA NA NA NA NA NA NA NA NA NA NA NA NA NA NA NA NA NA NA NA NA NA NA NA NA NA NA NA NA NA NA NA NA NA NA NA NA NA NA NA NA NA NA NA NA NA NA NA NA NA NA NA NA NA NA NA NA NA NA NA NA NA NA NA NA NA NA NA NA NA NA NA NA NA NA NA NA NA NA NA NA NA NA NA NA NA NA NA NA NA NA NA NA NA NA NA NA NA NA NA NA NA NA NA NA NA NA NA NA NA NA NA NA NA NA NA NA NA NA NA NA NA NA NA NA NA NA NA NA NA NA NA NA NA NA NA NA NA NA NA NA NA NA NA NA NA NA NA NA NA NA NA NA NA NA NA NA NA NA NA NA NA NA NA NA NA NA NA NA NA NA NA NA NA NA NA NA NA NA NA NA NA NA NA NA NA NA NA NA NA NA NA NA NA NA NA NA NA NA NA NA NA NA NA NA NA NA NA NA NA NA NA NA NA NA NA NA NA NA NA NA NA NA NA NA NA NA NA NA NA NA NA NA NA NA NA NA NA NA NA NA NA NA NA NA NA NA NA NA NA NA NA NA NA NA NA NA NA NA NA NA NA NA NA NA NA NA NA NA NA NA NA NA NA NA NA
NA NA NA NA NA NA NA NA NA NA NA NA NA NA NA NA NA NA NA NA NA NA NA NA NA NA NA NA NA NA NA NA NA NA NA NA NA NA NA NA NA NA NA NA NA NA NA NA NA NA NA NA NA NA NA NA NA NA NA NA NA NA NA NA NA NA NA NA NA NA NA NA NA NA NA NA NA NA NA NA NA NA NA 208 208 208 208 207 207 207 207 207 207 207 207 207 207 207 207 207 207 207 207 207 206 206 206 206 206 206 206 206 206 206 206 206 206 206 206 206 205 205 205 205 205 205 205 205 205 205 205 205 205 205 205 204 204 204 204 204 204 204 204 204 204 204 204 204 204 203 203 203 203 203 203 203 203 203 203 203 203 203 202 202 202 202 202 202 202 202 202 202 202 202 201 NA NA NA NA NA NA NA NA NA NA NA NA NA NA NA NA NA NA NA NA NA NA NA NA NA NA NA NA NA NA NA NA NA NA NA NA NA NA NA NA NA NA NA NA NA NA NA NA NA NA NA NA NA NA NA NA NA NA NA NA NA NA NA NA NA NA NA NA NA NA NA NA NA NA NA NA NA NA NA NA NA NA NA NA NA NA NA NA NA NA NA NA NA NA NA NA NA NA NA NA NA NA NA NA NA NA NA NA NA NA NA NA NA NA NA NA NA NA NA NA NA NA NA NA NA NA NA NA NA NA NA NA NA NA NA NA NA NA NA NA NA NA NA NA NA NA NA NA NA NA NA NA NA NA NA NA NA NA NA NA NA NA NA NA NA NA NA NA NA NA NA NA NA NA NA NA NA NA NA NA NA NA NA NA NA NA NA NA NA NA NA NA NA NA NA NA NA NA NA NA NA NA NA NA NA NA NA NA NA NA NA NA NA NA NA NA NA NA NA NA NA NA NA NA NA NA NA NA NA NA NA NA NA NA NA NA NA NA NA NA NA NA NA NA NA NA NA NA NA NA NA NA NA NA NA NA NA NA NA NA NA NA NA NA NA NA NA NA NA NA NA NA NA NA NA NA NA NA NA NA NA NA NA NA NA NA NA NA NA NA NA NA NA NA NA NA NA NA NA NA NA NA NA NA NA NA NA NA NA NA NA NA NA NA NA NA NA NA NA NA NA NA NA NA NA NA NA NA
NA NA NA NA NA NA NA NA NA NA NA NA NA NA NA NA NA NA NA NA NA NA NA NA NA NA NA NA NA NA NA NA NA NA NA NA NA NA NA NA NA NA NA NA NA NA NA NA NA NA NA NA NA NA NA NA NA NA NA NA NA NA NA NA NA NA NA NA NA NA NA NA NA NA NA NA NA NA NA NA NA 208 208 208 208 208 208 208 207 207 207 207 207 207 207 207 207 207 207 207 207 207 207 207 207 207 206 206 206 206 206 206 206 206 206 206 206 206 206 206 206 205 205 205 205 205 205 205 205 205 205 205 205 205 205 205 204 204 204 204 204 204 204 204 204 204 204 204 204 204 203 203 203 203 203 203 203 203 203 203 203 203 203 202 202 202 202 202 202 202 202 202 202 202 NA NA NA NA NA NA NA NA NA NA NA NA NA NA NA NA NA NA NA NA NA NA NA NA NA NA NA NA NA NA NA NA NA NA NA NA NA NA NA NA NA NA NA NA NA NA NA NA NA NA NA NA NA NA NA NA NA NA NA NA NA NA NA NA NA NA NA NA NA NA NA NA NA NA NA NA NA NA NA NA NA NA NA NA NA NA NA NA NA NA NA NA NA NA NA NA NA NA NA NA NA NA NA NA NA NA NA NA NA NA NA NA NA NA NA NA NA NA NA NA NA NA NA NA NA NA NA NA NA NA NA NA NA NA NA NA NA NA NA NA NA NA NA NA NA NA NA NA NA NA NA NA NA NA NA NA NA NA NA NA NA NA NA NA NA NA NA NA NA NA NA NA NA NA NA NA NA NA NA NA NA NA NA NA NA NA NA NA NA NA NA NA NA NA NA NA NA NA NA NA NA NA NA NA NA NA NA NA NA NA NA NA NA NA NA NA NA NA NA NA NA NA NA NA NA NA NA NA NA NA NA NA NA NA NA NA NA NA NA NA NA NA NA NA NA NA NA NA NA NA NA NA NA NA NA NA NA NA NA NA NA NA NA NA NA NA NA NA NA NA NA NA NA NA NA NA NA NA NA NA NA NA NA NA NA NA NA NA NA NA NA NA NA NA NA NA NA NA NA NA NA NA NA NA NA NA NA NA NA NA NA NA NA NA NA NA NA NA NA NA NA NA NA NA NA NA NA NA NA
NA NA NA NA NA NA NA NA NA NA NA NA NA NA NA NA NA NA NA NA NA NA NA NA NA NA NA NA NA NA NA NA NA NA NA NA NA NA NA NA NA NA NA NA NA NA NA NA NA NA NA NA NA NA NA NA NA NA NA NA NA NA NA NA NA NA NA NA NA NA NA NA NA NA NA NA NA NA 208 208 208 208 208 208 208 208 208 208 208 208 207 207 207 207 207 207 207 207 207 207 207 207 207 207 207 207 207 206 206 206 206 206 206 206 206 206 206 206 206 206 206 206 206 205 205 205 205 205 205 205 205 205 205 205 205 205 205 204 204 204 204 204 204 204 204 204 204 204 204 204 204 203 203 203 203 203 203 203 203 203 203 203 203 203 202 202 202 202 202 202 202 202 202 202 202 202 NA NA NA NA NA NA NA NA NA NA NA NA NA NA NA NA NA NA NA NA NA NA NA NA NA NA NA NA NA NA NA NA NA NA NA NA NA NA NA NA NA NA NA NA NA NA NA NA NA NA NA NA NA NA NA NA NA NA NA NA NA NA NA NA NA NA NA NA NA NA NA NA NA NA NA NA NA NA NA NA NA NA NA NA NA NA NA NA NA NA NA NA NA NA NA NA NA NA NA NA NA NA NA NA NA NA NA NA NA NA NA NA NA NA NA NA NA NA NA NA NA NA NA NA NA NA NA NA NA NA NA NA NA NA NA NA NA NA NA NA NA NA NA NA NA NA NA NA NA NA NA NA NA NA NA NA NA NA NA NA NA NA NA NA NA NA NA NA NA NA NA NA NA NA NA NA NA NA NA NA NA NA NA NA NA NA NA NA NA NA NA NA NA NA NA NA NA NA NA NA NA NA NA NA NA NA NA NA NA NA NA NA NA NA NA NA NA NA NA NA NA NA NA NA NA NA NA NA NA NA NA NA NA NA NA NA NA NA NA NA NA NA NA NA NA NA NA NA NA NA NA NA NA NA NA NA NA NA NA NA NA NA NA NA NA NA NA NA NA NA NA NA NA NA NA NA NA NA NA NA NA NA NA NA NA NA NA NA NA NA NA NA NA NA NA NA NA NA NA NA NA NA NA NA NA NA NA NA NA NA NA NA NA NA NA NA NA NA NA NA NA NA NA NA NA NA NA
NA NA NA NA NA NA NA NA NA NA NA NA NA NA NA NA NA NA NA NA NA NA NA NA NA NA NA NA NA NA NA NA NA NA NA NA NA NA NA NA NA NA NA NA NA NA NA NA NA NA NA NA NA NA NA NA NA NA NA NA NA NA NA NA NA NA NA NA NA NA NA NA NA NA NA NA NA NA 208 208 208 208 208 208 208 208 208 208 208 208 208 207 208 207 207 207 207 207 207 207 207 207 207 207 207 207 207 207 206 206 206 206 206 206 206 206 206 206 206 206 206 206 206 206 205 205 205 205 205 205 205 205 205 205 205 205 205 205 205 204 204 204 204 204 204 204 204 204 204 204 204 204 203 203 203 203 203 203 203 203 203 203 203 203 203 202 202 202 202 202 202 202 202 202 202 202 201 201 NA NA NA NA NA NA NA NA NA NA NA NA NA NA NA NA NA NA NA NA NA NA NA NA NA NA NA NA NA NA NA NA NA NA NA NA NA NA NA NA NA NA NA NA NA NA NA NA NA NA NA NA NA NA NA NA NA NA NA NA NA NA NA NA NA NA NA NA NA NA NA NA NA NA NA NA NA NA NA NA NA NA NA NA NA NA NA NA NA NA NA NA NA NA NA NA NA NA NA NA NA NA NA NA NA NA NA NA NA NA NA NA NA NA NA NA NA NA NA NA NA NA NA NA NA NA NA NA NA NA NA NA NA NA NA NA NA NA NA NA NA NA NA NA NA NA NA NA NA NA NA NA NA NA NA NA NA NA NA NA NA NA NA NA NA NA NA NA NA NA NA NA NA NA NA NA NA NA NA NA NA NA NA NA NA NA NA NA NA NA NA NA NA NA NA NA NA NA NA NA NA NA NA NA NA NA NA NA NA NA NA NA NA NA NA NA NA NA NA NA NA NA NA NA NA NA NA NA NA NA NA NA NA NA NA NA NA NA NA NA NA NA NA NA NA NA NA NA NA NA NA NA NA NA NA NA NA NA NA NA NA NA NA NA NA NA NA NA NA NA NA NA NA NA NA NA NA NA NA NA NA NA NA NA NA NA NA NA NA NA NA NA NA NA NA NA NA NA NA NA NA NA NA NA NA NA NA NA NA NA NA NA NA NA NA NA NA NA NA NA NA NA NA NA NA
NA NA NA NA NA NA NA NA NA NA NA NA NA NA NA NA NA NA NA NA NA NA NA NA NA NA NA NA NA NA NA NA NA NA NA NA NA NA NA NA NA NA NA NA NA NA NA NA NA NA NA NA NA NA NA NA NA NA NA NA NA NA NA NA NA NA NA NA NA NA NA NA NA NA NA NA NA 208 208 208 208 208 208 208 208 208 208 208 208 208 208 208 208 208 207 207 207 207 207 207 207 207 207 207 207 207 207 207 207 207 206 206 206 206 206 206 206 206 206 206 206 206 206 206 206 205 205 205 205 205 205 205 205 205 205 205 205 205 205 205 204 204 204 204 204 204 204 204 204 204 204 204 204 203 203 203 203 203 203 203 203 203 203 203 203 203 202 202 202 202 202 202 202 202 202 202 202 202 201 NA NA NA NA NA NA NA NA NA NA NA NA NA NA NA NA NA NA NA NA NA NA NA NA NA NA NA NA NA NA NA NA NA NA NA NA NA NA NA NA NA NA NA NA NA NA NA NA NA NA NA NA NA NA NA NA NA NA NA NA NA NA NA NA NA NA NA NA NA NA NA NA NA NA NA NA NA NA NA NA NA NA NA NA NA NA NA NA NA NA NA NA NA NA NA NA NA NA NA NA NA NA NA NA NA NA NA NA NA NA NA NA NA NA NA NA NA NA NA NA NA NA NA NA NA NA NA NA NA NA NA NA NA NA NA NA NA NA NA NA NA NA NA NA NA NA NA NA NA NA NA NA NA NA NA NA NA NA NA NA NA NA NA NA NA NA NA NA NA NA NA NA NA NA NA NA NA NA NA NA NA NA NA NA NA NA NA NA NA NA NA NA NA NA NA NA NA NA NA NA NA NA NA NA NA NA NA NA NA NA NA NA NA NA NA NA NA NA NA NA NA NA NA NA NA NA NA NA NA NA NA NA NA NA NA NA NA NA NA NA NA NA NA NA NA NA NA NA NA NA NA NA NA NA NA NA NA NA NA NA NA NA NA NA NA NA NA NA NA NA NA NA NA NA NA NA NA NA NA NA NA NA NA NA NA NA NA NA NA NA NA NA NA NA NA NA NA NA NA NA NA NA NA NA NA NA NA NA NA NA NA NA NA NA NA NA NA NA NA NA NA NA NA NA
NA NA NA NA NA NA NA NA NA NA NA NA NA NA NA NA NA NA NA NA NA NA NA NA NA NA NA NA NA NA NA NA NA NA NA NA NA NA NA NA NA NA NA NA NA NA NA NA NA NA NA NA NA NA NA NA NA NA NA NA NA NA NA NA NA NA NA NA NA NA NA NA NA NA NA NA 208 208 208 208 208 208 208 208 208 208 208 208 208 208 208 208 208 208 208 207 207 207 207 207 207 207 207 207 207 207 207 207 207 207 207 206 206 206 206 206 206 206 206 206 206 206 206 206 206 206 205 205 205 205 205 205 205 205 205 205 205 205 205 205 205 204 204 204 204 204 204 204 204 204 204 204 204 204 203 203 203 203 203 203 203 203 203 203 203 203 202 202 202 202 202 202 202 202 202 202 202 202 202 NA NA NA NA NA NA NA NA NA NA NA NA NA NA NA NA NA NA NA NA NA NA NA NA NA NA NA NA NA NA NA NA NA NA NA NA NA NA NA NA NA NA NA NA NA NA NA NA NA NA NA NA NA NA NA NA NA NA NA NA NA NA NA NA NA NA NA NA NA NA NA NA NA NA NA NA NA NA NA NA NA NA NA NA NA NA NA NA NA NA NA NA NA NA NA NA NA NA NA NA NA NA NA NA NA NA NA NA NA NA NA NA NA NA NA NA NA NA NA NA NA NA NA NA NA NA NA NA NA NA NA NA NA NA NA NA NA NA NA NA NA NA NA NA NA NA NA NA NA NA NA NA NA NA NA NA NA NA NA NA NA NA NA NA NA NA NA NA NA NA NA NA NA NA NA NA NA NA NA NA NA NA NA NA NA NA NA NA NA NA NA NA NA NA NA NA NA NA NA NA NA NA NA NA NA NA NA NA NA NA NA NA NA NA NA NA NA NA NA NA NA NA NA NA NA NA NA NA NA NA NA NA NA NA NA NA NA NA NA NA NA NA NA NA NA NA NA NA NA NA NA NA NA NA NA NA NA NA NA NA NA NA NA NA NA NA NA NA NA NA NA NA NA NA NA NA NA NA NA NA NA NA NA NA NA NA NA NA NA NA NA NA NA NA NA NA NA NA NA NA NA NA NA NA NA NA NA NA NA NA NA NA NA NA NA NA NA NA NA NA NA NA NA NA
NA NA NA NA NA NA NA NA NA NA NA NA NA NA NA NA NA NA NA NA NA NA NA NA NA NA NA NA NA NA NA NA NA NA NA NA NA NA NA NA NA NA NA NA NA NA NA NA NA NA NA NA NA NA NA NA NA NA NA NA NA NA NA NA NA NA NA NA NA NA NA NA NA NA 209 209 209 208 208 208 208 208 208 208 208 208 208 208 208 208 208 208 208 208 208 208 208 207 207 207 207 207 207 207 207 207 207 207 207 207 207 207 206 206 206 206 206 206 206 206 206 206 206 206 206 206 206 205 205 205 205 205 205 205 205 205 205 205 205 205 205 205 204 204 204 204 204 204 204 204 204 204 204 204 203 203 203 203 203 203 203 203 203 203 203 203 203 202 202 202 202 202 202 202 202 202 202 202 202 202 201 NA NA NA NA NA NA NA NA NA NA NA NA NA NA NA NA NA NA NA NA NA NA NA NA NA NA NA NA NA NA NA NA NA NA NA NA NA NA NA NA NA NA NA NA NA NA NA NA NA NA NA NA NA NA NA NA NA NA NA NA NA NA NA NA NA NA NA NA NA NA NA NA NA NA NA NA NA NA NA NA NA NA NA NA NA NA NA NA NA NA NA NA NA NA NA NA NA NA NA NA NA NA NA NA NA NA NA NA NA NA NA NA NA NA NA NA NA NA NA NA NA NA NA NA NA NA NA NA NA NA NA NA NA NA NA NA NA NA NA NA NA NA NA NA NA NA NA NA NA NA NA NA NA NA NA NA NA NA NA NA NA NA NA NA NA NA NA NA NA NA NA NA NA NA NA NA NA NA NA NA NA NA NA NA NA NA NA NA NA NA NA NA NA NA NA NA NA NA NA NA NA NA NA NA NA NA NA NA NA NA NA NA NA NA NA NA NA NA NA NA NA NA NA NA NA NA NA NA NA NA NA NA NA NA NA NA NA NA NA NA NA NA NA NA NA NA NA NA NA NA NA NA NA NA NA NA NA NA NA NA NA NA NA NA NA NA NA NA NA NA NA NA NA NA NA NA NA NA NA NA NA NA NA NA NA NA NA NA NA NA NA NA NA NA NA NA NA NA NA NA NA NA NA NA NA NA NA NA NA NA NA NA NA NA NA NA NA NA NA NA NA NA
NA NA NA NA NA NA NA NA NA NA NA NA NA NA NA NA NA NA NA NA NA NA NA NA NA NA NA NA NA NA NA NA NA NA NA NA NA NA NA NA NA NA NA NA NA NA NA NA NA NA NA NA NA NA NA NA NA NA NA NA NA NA NA NA NA NA NA NA NA NA NA NA NA 209 209 209 209 209 208 208 208 208 208 208 208 208 208 208 208 208 208 208 208 208 208 208 208 208 207 207 207 207 207 207 207 207 207 207 207 207 207 207 207 207 206 206 206 206 206 206 206 206 206 206 206 206 206 206 206 205 205 205 205 205 205 205 205 205 205 205 205 205 204 204 204 204 204 204 204 204 204 204 204 204 204 203 203 203 203 203 203 203 203 203 203 203 203 203 202 202 202 202 202 202 202 202 202 202 202 202 201 201 NA NA NA NA NA NA NA NA NA NA NA NA NA NA NA NA NA NA NA NA NA NA NA NA NA NA NA NA NA NA NA NA NA NA NA NA NA NA NA NA NA NA NA NA NA NA NA NA NA NA NA NA NA NA NA NA NA NA NA NA NA NA NA NA NA NA NA NA NA NA NA NA NA NA NA NA NA NA NA NA NA NA NA NA NA NA NA NA NA NA NA NA NA NA NA NA NA NA NA NA NA NA NA NA NA NA NA NA NA NA NA NA NA NA NA NA NA NA NA NA NA NA NA NA NA NA NA NA NA NA NA NA NA NA NA NA NA NA NA NA NA NA NA NA NA NA NA NA NA NA NA NA NA NA NA NA NA NA NA NA NA NA NA NA NA NA NA NA NA NA NA NA NA NA NA NA NA NA NA NA NA NA NA NA NA NA NA NA NA NA NA NA NA NA NA NA NA NA NA NA NA NA NA NA NA NA NA NA NA NA NA NA NA NA NA NA NA NA NA NA NA NA NA NA NA NA NA NA NA NA NA NA NA NA NA NA NA NA NA NA NA NA NA NA NA NA NA NA NA NA NA NA NA NA NA NA NA NA NA NA NA NA NA NA NA NA NA NA NA NA NA NA NA NA NA NA NA NA NA NA NA NA NA NA NA NA NA NA NA NA NA NA NA NA NA NA NA NA NA NA NA NA NA NA NA NA NA NA NA NA NA NA NA NA NA NA NA NA NA NA NA
NA NA NA NA NA NA NA NA NA NA NA NA NA NA NA NA NA NA NA NA NA NA NA NA NA NA NA NA NA NA NA NA NA NA NA NA NA NA NA NA NA NA NA NA NA NA NA NA NA NA NA NA NA NA NA NA NA NA NA NA NA NA NA NA 209 209 209 NA NA NA NA NA 209 209 209 209 209 209 209 208 208 208 208 208 208 208 208 208 208 208 208 208 208 208 208 208 208 208 208 207 207 207 207 207 207 207 207 207 207 207 207 207 207 207 207 206 206 206 206 206 206 206 206 206 206 206 206 206 206 206 205 205 205 205 205 205 205 205 205 205 205 205 205 204 204 204 204 204 204 204 204 204 204 204 204 204 203 203 203 203 203 203 203 203 203 203 203 203 203 202 202 202 202 202 202 202 202 202 202 202 202 201 201 NA NA NA NA NA NA NA NA NA NA NA NA NA NA NA NA NA NA NA NA NA NA NA NA NA NA NA NA NA NA NA NA NA NA NA NA NA NA NA NA NA NA NA NA NA NA NA NA NA NA NA NA NA NA NA NA NA NA NA NA NA NA NA NA NA NA NA NA NA NA NA NA NA NA NA NA NA NA NA NA NA NA NA NA NA NA NA NA NA NA NA NA NA NA NA NA NA NA NA NA NA NA NA NA NA NA NA NA NA NA NA NA NA NA NA NA NA NA NA NA NA NA NA NA NA NA NA NA NA NA NA NA NA NA NA NA NA NA NA NA NA NA NA NA NA NA NA NA NA NA NA NA NA NA NA NA NA NA NA NA NA NA NA NA NA NA NA NA NA NA NA NA NA NA NA NA NA NA NA NA NA NA NA NA NA NA NA NA NA NA NA NA NA NA NA NA NA NA NA NA NA NA NA NA NA NA NA NA NA NA NA NA NA NA NA NA NA NA NA NA NA NA NA NA NA NA NA NA NA NA NA NA NA NA NA NA NA NA NA NA NA NA NA NA NA NA NA NA NA NA NA NA NA NA NA NA NA NA NA NA NA NA NA NA NA NA NA NA NA NA NA NA NA NA NA NA NA NA NA NA NA NA NA NA NA NA NA NA NA NA NA NA NA NA NA NA NA NA NA NA NA NA NA NA NA NA NA NA NA NA NA NA NA NA NA NA NA NA NA NA
NA NA NA NA NA NA NA NA NA NA NA NA NA NA NA NA NA NA NA NA NA NA NA NA NA NA NA NA NA NA NA NA NA NA 211 211 211 NA NA NA NA NA NA NA NA NA NA NA NA NA NA NA NA NA NA NA NA NA NA NA NA NA 210 210 209 209 209 NA 209 209 209 209 209 209 209 209 209 209 209 209 208 208 208 208 208 208 208 208 208 208 208 208 208 208 208 208 208 208 208 208 208 207 207 207 207 207 207 207 207 207 207 207 207 207 207 207 207 206 206 206 206 206 206 206 206 206 206 206 206 206 205 205 205 205 205 205 205 205 205 205 205 205 205 205 204 204 204 204 204 204 204 204 204 204 204 204 204 204 203 203 203 203 203 203 203 203 203 203 203 203 202 202 202 202 202 202 202 202 202 202 202 202 201 NA NA NA NA NA NA NA NA NA NA NA NA NA NA NA NA NA NA NA NA NA NA NA NA NA NA NA NA NA NA NA NA NA NA NA NA NA NA NA NA NA NA NA NA NA NA NA NA NA NA NA NA NA NA NA NA NA NA NA NA NA NA NA NA NA NA NA NA NA NA NA NA NA NA NA NA NA NA NA NA NA NA NA NA NA NA NA NA NA NA NA NA NA NA NA NA NA NA NA NA NA NA NA NA NA NA NA NA NA NA NA NA NA NA NA NA NA NA NA NA NA NA NA NA NA NA NA NA NA NA NA NA NA NA NA NA NA NA NA NA NA NA NA NA NA NA NA NA NA NA NA NA NA NA NA NA NA NA NA NA NA NA NA NA NA NA NA NA NA NA NA NA NA NA NA NA NA NA NA NA NA NA NA NA NA NA NA NA NA NA NA NA NA NA NA NA NA NA NA NA NA NA NA NA NA NA NA NA NA NA NA NA NA NA NA NA NA NA NA NA NA NA NA NA NA NA NA NA NA NA NA NA NA NA NA NA NA NA NA NA NA NA NA NA NA NA NA NA NA NA NA NA NA NA NA NA NA NA NA NA NA NA NA NA NA NA NA NA NA NA NA NA NA NA NA NA NA NA NA NA NA NA NA NA NA NA NA NA NA NA NA NA NA NA NA NA NA NA NA NA NA NA NA NA NA NA NA NA NA NA NA NA NA NA NA NA NA NA NA NA
NA NA NA NA NA NA NA NA NA NA NA NA NA NA NA NA NA NA NA NA NA NA NA NA NA NA NA NA NA NA NA NA NA 211 211 211 211 211 211 NA NA NA NA NA NA NA NA NA NA NA NA NA NA NA NA NA NA NA NA NA 210 210 210 210 210 209 209 209 209 209 209 209 209 209 209 209 209 209 209 209 209 209 208 208 208 208 208 208 208 208 208 208 208 208 208 208 208 208 208 208 208 208 207 207 207 207 207 207 207 207 207 207 207 207 207 207 207 207 206 206 206 206 206 206 206 206 206 206 206 206 206 205 205 205 205 205 205 205 205 205 205 205 205 205 204 204 204 204 204 204 204 204 204 204 204 204 204 204 203 203 203 203 203 203 203 203 203 203 203 203 203 202 202 202 202 202 202 202 202 202 202 202 202 NA NA NA NA NA NA NA NA NA NA NA NA NA NA NA NA NA NA NA NA NA NA NA NA NA NA NA NA NA NA NA NA NA NA NA NA NA NA NA NA NA NA NA NA NA NA NA NA NA NA NA NA NA NA NA NA NA NA NA NA NA NA NA NA NA NA NA NA NA NA NA NA NA NA NA NA NA NA NA NA NA NA NA NA NA NA NA NA NA NA NA NA NA NA NA NA NA NA NA NA NA NA NA NA NA NA NA NA NA NA NA NA NA NA NA NA NA NA NA NA NA NA NA NA NA NA NA NA NA NA NA NA NA NA NA NA NA NA NA NA NA NA NA NA NA NA NA NA NA NA NA NA NA NA NA NA NA NA NA NA NA NA NA NA NA NA NA NA NA NA NA NA NA NA NA NA NA NA NA NA NA NA NA NA NA NA NA NA NA NA NA NA NA NA NA NA NA NA NA NA NA NA NA NA NA NA NA NA NA NA NA NA NA NA NA NA NA NA NA NA NA NA NA NA NA NA NA NA NA NA NA NA NA NA NA NA NA NA NA NA NA NA NA NA NA NA NA NA NA NA NA NA NA NA NA NA NA NA NA NA NA NA NA NA NA NA NA NA NA NA NA NA NA NA NA NA NA NA NA NA NA NA NA NA NA NA NA NA NA NA NA NA NA NA NA NA NA NA NA NA NA NA NA NA NA NA NA NA NA NA NA NA NA NA NA NA NA NA NA NA
NA NA NA NA NA NA NA NA NA NA NA NA NA NA NA NA NA NA NA NA NA NA NA NA NA NA NA NA NA NA NA NA 211 211 211 211 211 211 211 NA NA NA NA NA NA NA NA NA NA NA NA NA NA NA NA NA NA 210 210 210 210 210 210 210 210 210 209 209 209 209 209 209 209 209 209 209 209 209 209 209 209 209 209 209 208 208 208 208 208 208 208 208 208 208 208 208 208 208 208 208 208 208 208 207 207 207 207 207 207 207 207 207 207 207 207 207 207 207 207 206 206 206 206 206 206 206 206 206 206 206 206 206 205 205 205 205 205 205 205 205 205 205 205 205 205 204 204 204 204 204 204 204 204 204 204 204 204 204 204 204 203 203 203 203 203 203 203 203 203 203 203 203 202 202 202 202 202 202 202 202 202 202 202 202 NA NA NA NA NA NA NA NA NA NA NA NA NA NA NA NA NA NA NA NA NA NA NA NA NA NA NA NA NA NA NA NA NA NA NA NA NA NA NA NA NA NA NA NA NA NA NA NA NA NA NA NA NA NA NA NA NA NA NA NA NA NA NA NA NA NA NA NA NA NA NA NA NA NA NA NA NA NA NA NA NA NA NA NA NA NA NA NA NA NA NA NA NA NA NA NA NA NA NA NA NA NA NA NA NA NA NA NA NA NA NA NA NA NA NA NA NA NA NA NA NA NA NA NA NA NA NA NA NA NA NA NA NA NA NA NA NA NA NA NA NA NA NA NA NA NA NA NA NA NA NA NA NA NA NA NA NA NA NA NA NA NA NA NA NA NA NA NA NA NA NA NA NA NA NA NA NA NA NA NA NA NA NA NA NA NA NA NA NA NA NA NA NA NA NA NA NA NA NA NA NA NA NA NA NA NA NA NA NA NA NA NA NA NA NA NA NA NA NA NA NA NA NA NA NA NA NA NA NA NA NA NA NA NA NA NA NA NA NA NA NA NA NA NA NA NA NA NA NA NA NA NA NA NA NA NA NA NA NA NA NA NA NA NA NA NA NA NA NA NA NA NA NA NA NA NA NA NA NA NA NA NA NA NA NA NA NA NA NA NA NA NA NA NA NA NA NA NA NA NA NA NA NA NA NA NA NA NA NA NA NA NA NA NA NA NA NA NA NA
NA NA NA NA NA NA NA NA NA NA NA NA NA NA NA NA NA NA NA NA NA NA NA NA NA NA NA NA NA NA NA 212 212 211 211 211 211 211 211 NA NA NA NA NA NA NA NA NA NA NA NA NA NA NA NA NA 210 210 210 210 210 210 210 210 210 210 210 210 209 209 209 209 209 209 209 209 209 209 209 209 209 209 209 209 209 208 208 208 208 208 208 208 208 208 208 208 208 208 208 208 208 208 208 208 208 207 207 207 207 207 207 207 207 207 207 207 207 207 207 207 206 206 206 206 206 206 206 206 206 206 206 206 206 205 205 205 205 205 205 205 205 205 205 205 205 205 205 204 204 204 204 204 204 204 204 204 204 204 204 204 203 203 203 203 203 203 203 203 203 203 203 203 203 202 202 202 202 202 202 202 202 202 202 202 202 NA NA NA NA NA NA NA NA NA NA NA NA NA NA NA NA NA NA NA NA NA NA NA NA NA NA NA NA NA NA NA NA NA NA NA NA NA NA NA NA NA NA NA NA NA NA NA NA NA NA NA NA NA NA NA NA NA NA NA NA NA NA NA NA NA NA NA NA NA NA NA NA NA NA NA NA NA NA NA NA NA NA NA NA NA NA NA NA NA NA NA NA NA NA NA NA NA NA NA NA NA NA NA NA NA NA NA NA NA NA NA NA NA NA NA NA NA NA NA NA NA NA NA NA NA NA NA NA NA NA NA NA NA NA NA NA NA NA NA NA NA NA NA NA NA NA NA NA NA NA NA NA NA NA NA NA NA NA NA NA NA NA NA NA NA NA NA NA NA NA NA NA NA NA NA NA NA NA NA NA NA NA NA NA NA NA NA NA NA NA NA NA NA NA NA NA NA NA NA NA NA NA NA NA NA NA NA NA NA NA NA NA NA NA NA NA NA NA NA NA NA NA NA NA NA NA NA NA NA NA NA NA NA NA NA NA NA NA NA NA NA NA NA NA NA NA NA NA NA NA NA NA NA NA NA NA NA NA NA NA NA NA NA NA NA NA NA NA NA NA NA NA NA NA NA NA NA NA NA NA NA NA NA NA NA NA NA NA NA NA NA NA NA NA NA NA NA NA NA NA NA NA NA NA NA NA NA NA NA NA NA NA NA NA NA NA NA NA
NA NA NA NA NA NA NA NA NA NA NA NA NA NA NA NA NA NA NA NA NA NA NA NA NA NA NA NA NA NA 212 212 212 212 211 211 211 211 211 211 NA NA NA NA NA NA NA NA NA NA NA NA NA NA NA NA NA 210 210 210 210 210 210 210 210 210 210 210 210 209 209 209 209 209 209 209 209 209 209 209 209 209 209 209 209 209 208 208 208 208 208 208 208 208 208 208 208 208 208 208 208 208 208 208 208 208 207 207 207 207 207 207 207 207 207 207 207 207 207 207 207 206 206 206 206 206 206 206 206 206 206 206 206 206 205 205 205 205 205 205 205 205 205 205 205 205 205 205 204 204 204 204 204 204 204 204 204 204 204 204 204 204 203 203 203 203 203 203 203 203 203 203 203 203 202 202 202 202 202 202 202 202 202 202 NA NA NA NA NA NA NA NA NA NA NA NA NA NA NA NA NA NA NA NA NA NA NA NA NA NA NA NA NA NA NA NA NA NA NA NA NA NA NA NA NA NA NA NA NA NA NA NA NA NA NA NA NA NA NA NA NA NA NA NA NA NA NA NA NA NA NA NA NA NA NA NA NA NA NA NA NA NA NA NA NA NA NA NA NA NA NA NA NA NA NA NA NA NA NA NA NA NA NA NA NA NA NA NA NA NA NA NA NA NA NA NA NA NA NA NA NA NA NA NA NA NA NA NA NA NA NA NA NA NA NA NA NA NA NA NA NA NA NA NA NA NA NA NA NA NA NA NA NA NA NA NA NA NA NA NA NA NA NA NA NA NA NA NA NA NA NA NA NA NA NA NA NA NA NA NA NA NA NA NA NA NA NA NA NA NA NA NA NA NA NA NA NA NA NA NA NA NA NA NA NA NA NA NA NA NA NA NA NA NA NA NA NA NA NA NA NA NA NA NA NA NA NA NA NA NA NA NA NA NA NA NA NA NA NA NA NA NA NA NA NA NA NA NA NA NA NA NA NA NA NA NA NA NA NA NA NA NA NA NA NA NA NA NA NA NA NA NA NA NA NA NA NA NA NA NA NA NA NA NA NA NA NA NA NA NA NA NA NA NA NA NA NA NA NA NA NA NA NA NA NA NA NA NA NA NA NA NA NA NA NA NA NA NA NA NA NA NA NA
NA NA NA NA NA NA NA NA NA NA NA NA NA NA NA NA NA NA NA NA NA NA NA NA NA NA NA NA NA NA 212 212 212 212 212 212 212 211 211 211 211 211 NA NA NA NA 211 211 211 211 NA NA 211 210 210 210 NA NA 210 210 210 210 210 210 210 210 210 210 210 210 209 209 209 209 209 209 209 209 209 209 209 209 209 209 209 209 209 208 208 208 208 208 208 208 208 208 208 208 208 208 208 208 208 208 208 208 208 207 207 207 207 207 207 207 207 207 207 207 207 207 207 207 207 206 206 206 206 206 206 206 206 206 206 206 206 205 205 205 205 205 205 205 205 205 205 205 205 205 205 204 204 204 204 204 204 204 204 204 204 204 204 204 204 203 203 203 203 203 203 203 203 203 203 203 203 202 202 202 202 202 202 202 202 202 202 NA NA NA NA NA NA NA NA NA NA NA NA NA NA NA NA NA NA NA NA NA NA NA NA NA NA NA NA NA NA NA NA NA NA NA NA NA NA NA NA NA NA NA NA NA NA NA NA NA NA NA NA NA NA NA NA NA NA NA NA NA NA NA NA NA NA NA NA NA NA NA NA NA NA NA NA NA NA NA NA NA NA NA NA NA NA NA NA NA NA NA NA NA NA NA NA NA NA NA NA NA NA NA NA NA NA NA NA NA NA NA NA NA NA NA NA NA NA NA NA NA NA NA NA NA NA NA NA NA NA NA NA NA NA NA NA NA NA NA NA NA NA NA NA NA NA NA NA NA NA NA NA NA NA NA NA NA NA NA NA NA NA NA NA NA NA NA NA NA NA NA NA NA NA NA NA NA NA NA NA NA NA NA NA NA NA NA NA NA NA NA NA NA NA NA NA NA NA NA NA NA NA NA NA NA NA NA NA NA NA NA NA NA NA NA NA NA NA NA NA NA NA NA NA NA NA NA NA NA NA NA NA NA NA NA NA NA NA NA NA NA NA NA NA NA NA NA NA NA NA NA NA NA NA NA NA NA NA NA NA NA NA NA NA NA NA NA NA NA NA NA NA NA NA NA NA NA NA NA NA NA NA NA NA NA NA NA NA NA NA NA NA NA NA NA NA NA NA NA NA NA NA NA NA NA NA NA NA NA NA NA NA NA NA NA NA NA NA
NA NA NA NA NA NA NA NA NA NA NA NA NA NA NA NA NA NA NA NA NA NA NA NA NA NA NA NA NA NA NA 212 212 212 212 212 212 211 211 211 211 211 211 211 211 211 211 211 211 211 211 211 211 211 210 210 210 210 210 210 210 210 210 210 210 210 210 210 210 210 210 209 209 209 209 209 209 209 209 209 209 209 209 209 209 209 209 209 208 208 208 208 208 208 208 208 208 208 208 208 208 208 208 208 208 208 208 208 207 207 207 207 207 207 207 207 207 207 207 207 207 207 207 207 206 206 206 206 206 206 206 206 206 206 206 206 206 205 205 205 205 205 205 205 205 205 205 205 205 205 204 204 204 204 204 204 204 204 204 204 204 204 204 204 203 203 203 203 203 203 203 203 203 203 203 202 202 202 202 202 202 202 202 202 202 202 NA NA NA NA NA NA NA NA NA NA NA NA NA NA NA NA NA NA NA NA NA NA NA NA NA NA NA NA NA NA NA NA NA NA NA NA NA NA NA NA NA NA NA NA NA NA NA NA NA NA NA NA NA NA NA NA NA NA NA NA NA NA NA NA NA NA NA NA NA NA NA NA NA NA NA NA NA NA NA NA NA NA NA NA NA NA NA NA NA NA NA NA NA NA NA NA NA NA NA NA NA NA NA NA NA NA NA NA NA NA NA NA NA NA NA NA NA NA NA NA NA NA NA NA NA NA NA NA NA NA NA NA NA NA NA NA NA NA NA NA NA NA NA NA NA NA NA NA NA NA NA NA NA NA NA NA NA NA NA NA NA NA NA NA NA NA NA NA NA NA NA NA NA NA NA NA NA NA NA NA NA NA NA NA NA NA NA NA NA NA NA NA NA NA NA NA NA NA NA NA NA NA NA NA NA NA NA NA NA NA NA NA NA NA NA NA NA NA NA NA NA NA NA NA NA NA NA NA NA NA NA NA NA NA NA NA NA NA NA NA NA NA NA NA NA NA NA NA NA NA NA NA NA NA NA NA NA NA NA NA NA NA NA NA NA NA NA NA NA NA NA NA NA NA NA NA NA NA NA NA NA NA NA NA NA NA NA NA NA NA NA NA NA NA NA NA NA NA NA NA NA NA NA NA NA NA NA NA NA NA NA NA NA NA NA NA NA
NA NA NA NA NA NA NA NA NA NA NA NA NA NA NA NA NA NA NA NA NA NA NA NA NA NA NA NA NA NA NA 212 212 212 212 212 212 212 212 211 211 211 211 211 211 211 211 211 211 211 211 211 211 211 211 210 210 210 210 210 210 210 210 210 210 210 210 210 210 210 210 210 210 209 209 209 209 209 209 209 209 209 209 209 209 209 209 209 209 208 208 208 209 208 208 208 208 208 208 208 208 208 208 208 208 208 208 208 208 207 207 207 207 207 207 207 207 207 207 207 207 207 207 207 207 206 206 206 206 206 206 206 206 206 206 206 206 206 205 205 205 205 205 205 205 205 205 205 205 205 205 204 204 204 204 204 204 204 204 204 204 204 204 204 204 203 203 203 203 203 203 203 203 203 203 203 202 202 202 202 202 202 202 202 202 202 202 202 NA NA NA NA NA NA NA NA NA NA NA NA NA NA NA NA NA NA NA NA NA NA NA NA NA NA NA NA NA NA NA NA NA NA NA NA NA NA NA NA NA NA NA NA NA NA NA NA NA NA NA NA NA NA NA NA NA NA NA NA NA NA NA NA NA NA NA NA NA NA NA NA NA NA NA NA NA NA NA NA NA NA NA NA NA NA NA NA NA NA NA NA NA NA NA NA NA NA NA NA NA NA NA NA NA NA NA NA NA NA NA NA NA NA NA NA NA NA NA NA NA NA NA NA NA NA NA NA NA NA NA NA NA NA NA NA NA NA NA NA NA NA NA NA NA NA NA NA NA NA NA NA NA NA NA NA NA NA NA NA NA NA NA NA NA NA NA NA NA NA NA NA NA NA NA NA NA NA NA NA NA NA NA NA NA NA NA NA NA NA NA NA NA NA NA NA NA NA NA NA NA NA NA NA NA NA NA NA NA NA NA NA NA NA NA NA NA NA NA NA NA NA NA NA NA NA NA NA NA NA NA NA NA NA NA NA NA NA NA NA NA NA NA NA NA NA NA NA NA NA NA NA NA NA NA NA NA NA NA NA NA NA NA NA NA NA NA NA NA NA NA NA NA NA NA NA NA NA NA NA NA NA NA NA NA NA NA NA NA NA NA NA NA NA NA NA NA NA NA NA NA NA NA NA NA NA NA NA NA NA NA NA NA NA NA
NA NA NA NA NA NA NA NA NA NA NA NA NA NA NA NA NA NA NA NA NA NA NA NA NA NA NA NA NA NA NA 212 212 212 212 212 212 212 212 211 211 211 211 211 211 211 211 211 211 211 211 211 211 211 211 211 210 210 210 210 210 210 210 210 210 210 210 210 210 210 210 210 210 210 209 209 209 209 209 209 209 209 209 209 209 209 209 209 209 209 208 208 209 209 209 208 208 208 208 208 208 208 208 208 208 208 208 208 208 208 208 207 207 207 207 207 207 207 207 207 207 207 207 207 207 207 206 206 206 206 206 206 206 206 206 206 206 206 206 205 205 205 205 205 205 205 205 205 205 205 205 205 204 204 204 204 204 204 204 204 204 204 204 204 204 204 203 203 203 203 203 203 203 203 203 203 203 203 202 202 202 202 202 202 202 202 202 202 202 201 NA NA NA NA NA NA NA NA NA NA NA NA NA NA NA NA NA NA NA NA NA NA NA NA NA NA NA NA NA NA NA NA NA NA NA NA NA NA NA NA NA NA NA NA NA NA NA NA NA NA NA NA NA NA NA NA NA NA NA NA NA NA NA NA NA NA NA NA NA NA NA NA NA NA NA NA NA NA NA NA NA NA NA NA NA NA NA NA NA NA NA NA NA NA NA NA NA NA NA NA NA NA NA NA NA NA NA NA NA NA NA NA NA NA NA NA NA NA NA NA NA NA NA NA NA NA NA NA NA NA NA NA NA NA NA NA NA NA NA NA NA NA NA NA NA NA NA NA NA NA NA NA NA NA NA NA NA NA NA NA NA NA NA NA NA NA NA NA NA NA NA NA NA NA NA NA NA NA NA NA NA NA NA NA NA NA NA NA NA NA NA NA NA NA NA NA NA NA NA NA NA NA NA NA NA NA NA NA NA NA NA NA NA NA NA NA NA NA NA NA NA NA NA NA NA NA NA NA NA NA NA NA NA NA NA NA NA NA NA NA NA NA NA NA NA NA NA NA NA NA NA NA NA NA NA NA NA NA NA NA NA NA NA NA NA NA NA NA NA NA NA NA NA NA NA NA NA NA NA NA NA NA NA NA NA NA NA NA NA NA NA NA NA NA NA NA NA NA NA NA NA NA NA NA NA NA NA NA NA NA NA NA NA
NA NA NA NA NA NA NA NA NA NA NA NA NA NA NA NA NA NA NA NA NA NA NA NA 212 212 212 212 212 212 212 212 212 212 212 212 212 212 212 212 211 211 211 211 211 211 211 211 211 211 211 211 211 211 211 211 211 210 210 210 210 210 210 210 210 210 210 210 210 210 210 210 210 210 210 209 209 209 209 209 209 209 209 209 209 209 209 209 209 209 209 208 209 209 209 209 209 208 208 208 208 208 208 208 208 208 208 208 208 208 208 208 207 207 207 207 207 207 207 207 207 207 207 207 207 207 207 206 206 206 206 206 206 206 206 206 206 206 206 206 205 205 205 205 205 205 205 205 205 205 205 205 205 204 204 204 204 204 204 204 204 204 204 204 204 204 204 203 203 203 203 203 203 203 203 203 203 203 202 202 202 202 202 202 202 202 202 202 202 202 201 201 201 201 201 201 201 201 NA NA NA NA NA NA NA NA NA NA NA NA NA NA NA NA NA NA NA NA NA NA NA NA NA NA NA NA NA NA NA NA NA NA NA NA NA NA NA NA NA NA NA NA NA NA NA NA NA NA NA NA NA NA NA NA NA NA NA NA NA NA NA NA NA NA NA NA NA NA NA NA NA NA NA NA NA NA NA NA NA NA NA NA NA NA NA NA NA NA NA NA NA NA NA NA NA NA NA NA NA NA NA NA NA NA NA NA NA NA NA NA NA NA NA NA NA NA NA NA NA NA NA NA NA NA NA NA NA NA NA NA NA NA NA NA NA NA NA NA NA NA NA NA NA NA NA NA NA NA NA NA NA NA NA NA NA NA NA NA NA NA NA NA NA NA NA NA NA NA NA NA NA NA NA NA NA NA NA NA NA NA NA NA NA NA NA NA NA NA NA NA NA NA NA NA NA NA NA NA NA NA NA NA NA NA NA NA NA NA NA NA NA NA NA NA NA NA NA NA NA NA NA NA NA NA NA NA NA NA NA NA NA NA NA NA NA NA NA NA NA NA NA NA NA NA NA NA NA NA NA NA NA NA NA NA NA NA NA NA NA NA NA NA NA NA NA NA NA NA NA NA NA NA NA NA NA NA NA NA NA NA NA NA NA NA NA NA NA NA NA NA NA NA NA NA NA NA NA NA NA NA NA NA NA
NA NA NA NA NA NA NA NA NA NA NA NA NA NA NA NA NA NA NA NA NA NA 213 213 213 212 212 212 212 212 212 212 212 212 212 212 212 212 212 212 212 212 211 211 211 211 211 211 211 211 211 211 211 211 211 211 211 211 211 210 210 210 210 210 210 210 210 210 210 210 210 210 210 210 210 210 209 209 209 209 209 209 209 209 209 209 209 209 209 209 209 209 209 209 209 209 209 209 208 208 208 208 208 208 208 208 208 208 208 208 208 208 208 207 207 207 207 207 207 207 207 207 207 207 207 207 207 207 206 206 206 206 206 206 206 206 206 206 206 206 206 205 205 205 205 205 205 205 205 205 205 205 205 205 204 204 204 204 204 204 204 204 204 204 204 204 204 204 203 203 203 203 203 203 203 203 203 203 203 202 202 202 202 202 202 202 202 202 202 202 202 201 201 201 201 201 201 201 201 201 NA NA NA NA NA NA NA NA NA NA NA NA NA NA NA NA NA NA NA NA NA NA NA NA NA NA NA NA NA NA NA NA NA NA NA NA NA NA NA NA NA NA NA NA NA NA NA NA NA NA NA NA NA NA NA NA NA NA NA NA NA NA NA NA NA NA NA NA NA NA NA NA NA NA NA NA NA NA NA NA NA NA NA NA NA NA NA NA NA NA NA NA NA NA NA NA NA NA NA NA NA NA NA NA NA NA NA NA NA NA NA NA NA NA NA NA NA NA NA NA NA NA NA NA NA NA NA NA NA NA NA NA NA NA NA NA NA NA NA NA NA NA NA NA NA NA NA NA NA NA NA NA NA NA NA NA NA NA NA NA NA NA NA NA NA NA NA NA NA NA NA NA NA NA NA NA NA NA NA NA NA NA NA NA NA NA NA NA NA NA NA NA NA NA NA NA NA NA NA NA NA NA NA NA NA NA NA NA NA NA NA NA NA NA NA NA NA NA NA NA NA NA NA NA NA NA NA NA NA NA NA NA NA NA NA NA NA NA NA NA NA NA NA NA NA NA NA NA NA NA NA NA NA NA NA NA NA NA NA NA NA NA NA NA NA NA NA NA NA NA NA NA NA NA NA NA NA NA NA NA NA NA NA NA NA NA NA NA NA NA NA NA NA NA NA NA NA NA NA NA NA NA NA
NA NA NA NA NA NA NA NA NA NA NA NA NA NA NA NA NA NA NA NA NA NA 213 213 213 213 212 212 212 212 212 212 212 212 212 212 212 212 212 212 212 212 211 211 211 211 211 211 211 211 211 211 211 211 211 211 211 211 211 211 211 210 210 210 210 210 210 210 210 210 210 210 210 210 210 210 210 209 209 209 209 209 209 209 209 209 209 209 209 209 209 209 209 209 209 209 209 209 209 208 208 208 208 208 208 208 208 208 208 208 208 208 208 208 208 207 207 207 207 207 207 207 207 207 207 207 207 207 207 206 206 206 206 206 206 206 206 206 206 206 206 206 205 205 205 205 205 205 205 205 205 205 205 205 205 204 204 204 204 204 204 204 204 204 204 204 204 204 203 203 203 203 203 203 203 203 203 203 203 203 202 202 202 202 202 202 202 202 202 202 202 202 201 201 201 201 201 201 201 201 NA NA NA NA NA NA NA NA NA NA NA NA NA NA NA NA NA NA NA NA NA NA NA NA NA NA NA NA NA NA NA NA NA NA NA NA NA NA NA NA NA NA NA NA NA NA NA NA NA NA NA NA NA NA NA NA NA NA NA NA NA NA NA NA NA NA NA NA NA NA NA NA NA NA NA NA NA NA NA NA NA NA NA NA NA NA NA NA NA NA NA NA NA NA NA NA NA NA NA NA NA NA NA NA NA NA NA NA NA NA NA NA NA NA NA NA NA NA NA NA NA NA NA NA NA NA NA NA NA NA NA NA NA NA NA NA NA NA NA NA NA NA NA NA NA NA NA NA NA NA NA NA NA NA NA NA NA NA NA NA NA NA NA NA NA NA NA NA NA NA NA NA NA NA NA NA NA NA NA NA NA NA NA NA NA NA NA NA NA NA NA NA NA NA NA NA NA NA NA NA NA NA NA NA NA NA NA NA NA NA NA NA NA NA NA NA NA NA NA NA NA NA NA NA NA NA NA NA NA NA NA NA NA NA NA NA NA NA NA NA NA NA NA NA NA NA NA NA NA NA NA NA NA NA NA NA NA NA NA NA NA NA NA NA NA NA NA NA NA NA NA NA NA NA NA NA NA NA NA NA NA NA NA NA NA NA NA NA NA NA NA NA NA NA NA NA NA NA NA NA NA NA NA
NA NA NA NA NA NA NA NA NA NA NA NA NA NA NA NA NA NA NA NA NA NA 213 213 213 213 213 212 212 212 212 212 212 212 212 212 212 212 212 212 212 212 212 211 211 211 211 211 211 211 211 211 211 211 211 211 211 211 211 211 211 211 210 210 210 210 210 210 210 210 210 210 210 210 210 210 210 210 209 209 209 209 209 209 209 209 209 209 209 209 209 209 209 209 209 209 209 209 209 209 208 208 208 208 208 208 208 208 208 208 208 208 208 208 208 208 207 207 207 207 207 207 207 207 207 207 207 207 207 207 207 206 206 206 206 206 206 206 206 206 206 206 205 205 205 205 205 205 205 205 205 205 205 205 205 204 204 204 204 204 204 204 204 204 204 204 204 204 204 203 203 203 203 203 203 203 203 203 203 203 203 202 202 202 202 202 202 202 202 202 202 202 202 201 201 201 201 201 201 201 201 NA NA NA NA NA NA NA NA NA NA NA NA NA NA NA NA NA NA NA NA NA NA NA NA NA NA NA NA NA NA NA NA NA NA NA NA NA NA NA NA NA NA NA NA NA NA NA NA NA NA NA NA NA NA NA NA NA NA NA NA NA NA NA NA NA NA NA NA NA NA NA NA NA NA NA NA NA NA NA NA NA NA NA NA NA NA NA NA NA NA NA NA NA NA NA NA NA NA NA NA NA NA NA NA NA NA NA NA NA NA NA NA NA NA NA NA NA NA NA NA NA NA NA NA NA NA NA NA NA NA NA NA NA NA NA NA NA NA NA NA NA NA NA NA NA NA NA NA NA NA NA NA NA NA NA NA NA NA NA NA NA NA NA NA NA NA NA NA NA NA NA NA NA NA NA NA NA NA NA NA NA NA NA NA NA NA NA NA NA NA NA NA NA NA NA NA NA NA NA NA NA NA NA NA NA NA NA NA NA NA NA NA NA NA NA NA NA NA NA NA NA NA NA NA NA NA NA NA NA NA NA NA NA NA NA NA NA NA NA NA NA NA NA NA NA NA NA NA NA NA NA NA NA NA NA NA NA NA NA NA NA NA NA NA NA NA NA NA NA NA NA NA NA NA NA NA NA NA NA NA NA NA NA NA NA NA NA NA NA NA NA NA NA NA NA NA NA NA NA NA NA NA
NA NA NA NA NA NA NA NA NA NA 213 213 213 213 213 NA NA NA NA 213 213 NA NA 213 213 213 213 213 213 212 212 212 212 212 212 212 212 212 212 212 212 212 212 212 211 211 211 211 211 211 211 211 211 211 211 211 211 211 211 211 211 211 211 211 210 210 210 210 210 210 210 210 210 210 210 210 210 210 210 210 209 209 209 209 209 209 209 209 209 209 209 209 209 209 209 209 209 209 209 209 209 209 208 208 208 208 208 208 208 208 208 208 208 208 208 208 208 207 207 207 207 207 207 207 207 207 207 207 207 207 207 207 206 206 206 206 206 206 206 206 206 206 206 205 205 205 205 205 205 205 205 205 205 205 205 205 204 204 204 204 204 204 204 204 204 204 204 204 204 204 203 203 203 203 203 203 203 203 203 203 203 203 202 202 202 202 202 202 202 202 202 202 202 202 201 201 201 201 201 201 201 NA NA NA NA NA NA NA NA NA NA NA NA NA NA NA NA NA NA NA NA NA NA NA NA NA NA NA NA NA NA NA NA NA NA NA NA NA NA NA NA NA NA NA NA NA NA NA NA NA NA NA NA NA NA NA NA NA NA NA NA NA NA NA NA NA NA NA NA NA NA NA NA NA NA NA NA NA NA NA NA NA NA NA NA NA NA NA NA NA NA NA NA NA NA NA NA NA NA NA NA NA NA NA NA NA NA NA NA NA NA NA NA NA NA NA NA NA NA NA NA NA NA NA NA NA NA NA NA NA NA NA NA NA NA NA NA NA NA NA NA NA NA NA NA NA NA NA NA NA NA NA NA NA NA NA NA NA NA NA NA NA NA NA NA NA NA NA NA NA NA NA NA NA NA NA NA NA NA NA NA NA NA NA NA NA NA NA NA NA NA NA NA NA NA NA NA NA NA NA NA NA NA NA NA NA NA NA NA NA NA NA NA NA NA NA NA NA NA NA NA NA NA NA NA NA NA NA NA NA NA NA NA NA NA NA NA NA NA NA NA NA NA NA NA NA NA NA NA NA NA NA NA NA NA NA NA NA NA NA NA NA NA NA NA NA NA NA NA NA NA NA NA NA NA NA NA NA NA NA NA NA NA NA NA NA NA NA NA NA NA NA NA NA NA NA NA NA NA NA NA NA NA
NA NA NA NA NA NA NA NA 214 214 213 213 213 213 213 213 213 213 213 213 213 213 213 213 213 213 213 213 213 213 213 212 212 212 212 212 212 212 212 212 212 212 212 212 212 212 211 211 211 211 211 211 211 211 211 211 211 211 211 211 211 211 211 211 211 210 210 210 210 210 210 210 210 210 210 210 210 210 210 210 210 209 209 209 209 209 209 209 209 209 209 209 209 209 209 209 209 209 209 209 209 209 209 208 208 208 208 208 208 208 208 208 208 208 208 208 208 208 207 207 207 207 207 207 207 207 207 207 207 207 207 207 207 206 206 206 206 206 206 206 206 206 206 206 205 205 205 205 205 205 205 205 205 205 205 205 205 205 204 204 204 204 204 204 204 204 204 204 204 204 204 203 203 203 203 203 203 203 203 203 203 203 203 202 202 202 202 202 202 202 202 202 202 202 202 201 201 201 201 201 201 201 NA NA NA NA NA NA NA NA NA NA NA NA NA NA NA NA NA NA NA NA NA NA NA NA NA NA NA NA NA NA NA NA NA NA NA NA NA NA NA NA NA NA NA NA NA NA NA NA NA NA NA NA NA NA NA NA NA NA NA NA NA NA NA NA NA NA NA NA NA NA NA NA NA NA NA NA NA NA NA NA NA NA NA NA NA NA NA NA NA NA NA NA NA NA NA NA NA NA NA NA NA NA NA NA NA NA NA NA NA NA NA NA NA NA NA NA NA NA NA NA NA NA NA NA NA NA NA NA NA NA NA NA NA NA NA NA NA NA NA NA NA NA NA NA NA NA NA NA NA NA NA NA NA NA NA NA NA NA NA NA NA NA NA NA NA NA NA NA NA NA NA NA NA NA NA NA NA NA NA NA NA NA NA NA NA NA NA NA NA NA NA NA NA NA NA NA NA NA NA NA NA NA NA NA NA NA NA NA NA NA NA NA NA NA NA NA NA NA NA NA NA NA NA NA NA NA NA NA NA NA NA NA NA NA NA NA NA NA NA NA NA NA NA NA NA NA NA NA NA NA NA NA NA NA NA NA NA NA NA NA NA NA NA NA NA NA NA NA NA NA NA NA NA NA NA NA NA NA NA NA NA NA NA NA NA NA NA NA NA NA NA NA NA NA NA NA NA NA NA NA NA
214 NA NA NA NA NA 214 214 214 214 214 213 213 213 213 213 213 213 213 213 213 213 213 213 213 213 213 213 213 213 213 212 212 212 212 212 212 212 212 212 212 212 212 212 212 212 212 211 211 211 211 211 211 211 211 211 211 211 211 211 211 211 211 211 211 211 210 210 210 210 210 210 210 210 210 210 210 210 210 210 210 210 209 209 209 209 209 209 209 209 209 209 209 209 209 209 209 209 209 209 209 209 209 209 208 208 208 208 208 208 208 208 208 208 208 208 208 208 208 207 207 207 207 207 207 207 207 207 207 207 207 207 207 207 206 206 206 206 206 206 206 206 206 206 206 205 205 205 205 205 205 205 205 205 205 205 205 205 205 204 204 204 204 204 204 204 204 204 204 204 204 203 203 203 203 203 203 203 203 203 203 203 203 203 202 202 202 202 202 202 202 202 202 202 202 202 201 201 201 201 201 201 NA NA NA NA NA NA NA NA NA NA NA NA NA NA NA NA NA NA NA NA NA NA NA NA NA NA NA NA NA NA NA NA NA NA NA NA NA NA NA NA NA NA NA NA NA NA NA NA NA NA NA NA NA NA NA NA NA NA NA NA NA NA NA NA NA NA NA NA NA NA NA NA NA NA NA NA NA NA NA NA NA NA NA NA NA NA NA NA NA NA NA NA NA NA NA NA NA NA NA NA NA NA NA NA NA NA NA NA NA NA NA NA NA NA NA NA NA NA NA NA NA NA NA NA NA NA NA NA NA NA NA NA NA NA NA NA NA NA NA NA NA NA NA NA NA NA NA NA NA NA NA NA NA NA NA NA NA NA NA NA NA NA NA NA NA NA NA NA NA NA NA NA NA NA NA NA NA NA NA NA NA NA NA NA NA NA NA NA NA NA NA NA NA NA NA NA NA NA NA NA NA NA NA NA NA NA NA NA NA NA NA NA NA NA NA NA NA NA NA NA NA NA NA NA NA NA NA NA NA NA NA NA NA NA NA NA NA NA NA NA NA NA NA NA NA NA NA NA NA NA NA NA NA NA NA NA NA NA NA NA NA NA NA NA NA NA NA NA NA NA NA NA NA NA NA NA NA NA NA NA NA NA NA NA NA NA NA NA NA NA NA NA NA NA NA NA NA NA NA NA NA
NA 214 214 214 214 214 214 214 214 214 214 214 214 213 213 213 213 213 213 213 213 213 213 213 213 213 213 213 213 213 213 213 212 212 212 212 212 212 212 212 212 212 212 212 212 212 212 212 212 211 211 211 211 211 211 211 211 211 211 211 211 211 211 211 211 211 211 210 210 210 210 210 210 210 210 210 210 210 210 210 210 210 210 209 209 209 209 209 209 209 209 209 209 209 209 209 209 209 209 209 209 209 209 209 209 208 208 208 208 208 208 208 208 208 208 208 208 208 208 208 207 207 207 207 207 207 207 207 207 207 207 207 207 207 207 206 206 206 206 206 206 206 206 206 206 206 205 205 205 205 205 205 205 205 205 205 205 205 205 205 204 204 204 204 204 204 204 204 204 204 204 204 204 203 203 203 203 203 203 203 203 203 203 203 203 202 202 202 202 202 202 202 202 202 202 202 202 201 201 201 201 201 201 NA NA NA NA NA 200 200 200 NA NA NA NA NA NA NA NA NA NA NA NA NA NA NA NA NA NA NA NA NA NA NA NA NA NA NA NA NA NA NA NA NA NA NA NA NA NA NA NA NA NA NA NA NA NA NA NA NA NA NA NA NA NA NA NA NA NA NA NA NA NA NA NA NA NA NA NA NA NA NA NA NA NA NA NA NA NA NA NA NA NA NA NA NA NA NA NA NA NA NA NA NA NA NA NA NA NA NA NA NA NA NA NA NA NA NA NA NA NA NA NA NA NA NA NA NA NA NA NA NA NA NA NA NA NA NA NA NA NA NA NA NA NA NA NA NA NA NA NA NA NA NA NA NA NA NA NA NA NA NA NA NA NA NA NA NA NA NA NA NA NA NA NA NA NA NA NA NA NA NA NA NA NA NA NA NA NA NA NA NA NA NA NA NA NA NA NA NA NA NA NA NA NA NA NA NA NA NA NA NA NA NA NA NA NA NA NA NA NA NA NA NA NA NA NA NA NA NA NA NA NA NA NA NA NA NA NA NA NA NA NA NA NA NA NA NA NA NA NA NA NA NA NA NA NA NA NA NA NA NA NA NA NA NA NA NA NA NA NA NA NA NA NA NA NA NA NA NA NA NA NA NA NA NA NA NA NA NA NA NA NA NA NA NA NA NA NA NA NA NA NA
NA 214 214 214 214 214 214 214 214 214 214 214 214 214 214 213 213 213 213 213 213 213 213 213 213 213 213 213 213 213 213 213 213 213 213 212 212 212 212 212 212 212 212 212 212 212 212 212 212 212 211 211 211 211 211 211 211 211 211 211 211 211 211 211 211 211 211 211 210 210 210 210 210 210 210 210 210 210 210 210 210 210 210 210 209 209 209 209 209 209 209 209 209 209 209 209 209 209 209 209 209 209 209 209 209 209 209 208 208 208 208 208 208 208 208 208 208 208 208 208 208 208 207 207 207 207 207 207 207 207 207 207 207 207 207 207 206 206 206 206 206 206 206 206 206 206 206 206 205 205 205 205 205 205 205 205 205 205 205 205 204 204 204 204 204 204 204 204 204 204 204 204 204 204 203 203 203 203 203 203 203 203 203 203 203 203 202 202 202 202 202 202 202 202 202 202 202 202 201 201 201 201 201 201 NA NA 201 201 201 200 200 NA NA NA NA NA NA NA NA NA NA NA NA NA NA NA NA NA NA NA NA NA NA NA NA NA NA NA NA NA NA NA NA NA NA NA NA NA NA NA NA NA NA NA NA NA NA NA NA NA NA NA NA NA NA NA NA NA NA NA NA NA NA NA NA NA NA NA NA NA NA NA NA NA NA NA NA NA NA NA NA NA NA NA NA NA NA NA NA NA NA NA NA NA NA NA NA NA NA NA NA NA NA NA NA NA NA NA NA NA NA NA NA NA NA NA NA NA NA NA NA NA NA NA NA NA NA NA NA NA NA NA NA NA NA NA NA NA NA NA NA NA NA NA NA NA NA NA NA NA NA NA NA NA NA NA NA NA NA NA NA NA NA NA NA NA NA NA NA NA NA NA NA NA NA NA NA NA NA NA NA NA NA NA NA NA NA NA NA NA NA NA NA NA NA NA NA NA NA NA NA NA NA NA NA NA NA NA NA NA NA NA NA NA NA NA NA NA NA NA NA NA NA NA NA NA NA NA NA NA NA NA NA NA NA NA NA NA NA NA NA NA NA NA NA NA NA NA NA NA NA NA NA NA NA NA NA NA NA NA NA NA NA NA NA NA NA NA NA NA NA NA NA NA NA NA NA NA NA NA NA NA NA NA NA NA NA NA NA NA NA NA NA
NA 214 214 214 214 214 214 214 214 214 214 214 214 214 214 214 214 213 213 213 213 213 213 213 213 213 213 213 213 213 213 213 213 213 213 213 212 212 212 212 212 212 212 212 212 212 212 212 212 212 212 211 211 211 211 211 211 211 211 211 211 211 211 211 211 211 211 211 211 210 210 210 210 210 210 210 210 210 210 210 210 210 210 210 210 209 209 209 209 209 209 209 209 209 209 209 209 209 209 209 209 209 209 209 209 209 209 209 208 208 208 208 208 208 208 208 208 208 208 208 208 208 208 207 207 207 207 207 207 207 207 207 207 207 207 207 207 206 206 206 206 206 206 206 206 206 206 206 206 205 205 205 205 205 205 205 205 205 205 205 205 204 204 204 204 204 204 204 204 204 204 204 204 204 204 203 203 203 203 203 203 203 203 203 203 203 203 202 202 202 202 202 202 202 202 202 202 202 202 201 201 201 201 201 201 201 201 201 201 201 200 NA NA NA NA NA NA NA NA NA NA NA NA NA NA NA NA NA NA NA NA NA NA NA NA NA NA NA NA NA NA NA NA NA NA NA NA NA NA NA NA NA NA NA NA NA NA NA NA NA NA NA NA NA NA NA NA NA NA NA NA NA NA NA NA NA NA NA NA NA NA NA NA NA NA NA NA NA NA NA NA NA NA NA NA NA NA NA NA NA NA NA NA NA NA NA NA NA NA NA NA NA NA NA NA NA NA NA NA NA NA NA NA NA NA NA NA NA NA NA NA NA NA NA NA NA NA NA NA NA NA NA NA NA NA NA NA NA NA NA NA NA NA NA NA NA NA NA NA NA NA NA NA NA NA NA NA NA NA NA NA NA NA NA NA NA NA NA NA NA NA NA NA NA NA NA NA NA NA NA NA NA NA NA NA NA NA NA NA NA NA NA NA NA NA NA NA NA NA NA NA NA NA NA NA NA NA NA NA NA NA NA NA NA NA NA NA NA NA NA NA NA NA NA NA NA NA NA NA NA NA NA NA NA NA NA NA NA NA NA NA NA NA NA NA NA NA NA NA NA NA NA NA NA NA NA NA NA NA NA NA NA NA NA NA NA NA NA NA NA NA NA NA NA NA NA NA NA NA NA NA NA NA NA NA NA NA NA NA NA NA NA NA
NA NA 214 214 214 214 214 214 214 214 214 214 214 214 214 214 214 214 213 213 213 213 213 213 213 213 213 213 213 213 213 213 213 213 213 213 213 212 212 212 212 212 212 212 212 212 212 212 212 212 212 212 211 211 211 211 211 211 211 211 211 211 211 211 211 211 211 211 211 211 210 210 210 210 210 210 210 210 210 210 210 210 210 210 210 210 209 209 209 209 209 209 210 209 209 209 209 209 209 209 209 209 209 209 209 209 209 209 209 208 208 208 208 208 208 208 208 208 208 208 208 208 208 208 207 207 207 207 207 207 207 207 207 207 207 207 207 207 206 206 206 206 206 206 206 206 206 206 206 206 205 205 205 205 205 205 205 205 205 205 205 205 205 204 204 204 204 204 204 204 204 204 204 204 204 204 203 203 203 203 203 203 203 203 203 203 203 203 202 202 202 202 202 202 202 202 202 202 202 202 201 201 201 201 201 201 201 201 201 201 201 NA NA NA NA NA NA NA NA NA NA NA NA NA NA NA NA NA NA NA NA NA NA NA NA NA NA NA NA NA NA NA NA NA NA NA NA NA NA NA NA NA NA NA NA NA NA NA NA NA NA NA NA NA NA NA NA NA NA NA NA NA NA NA NA NA NA NA NA NA NA NA NA NA NA NA NA NA NA NA NA NA NA NA NA NA NA NA NA NA NA NA NA NA NA NA NA NA NA NA NA NA NA NA NA NA NA NA NA NA NA NA NA NA NA NA NA NA NA NA NA NA NA NA NA NA NA NA NA NA NA NA NA NA NA NA NA NA NA NA NA NA NA NA NA NA NA NA NA NA NA NA NA NA NA NA NA NA NA NA NA NA NA NA NA NA NA NA NA NA NA NA NA NA NA NA NA NA NA NA NA NA NA NA NA NA NA NA NA NA NA NA NA NA NA NA NA NA NA NA NA NA NA NA NA NA NA NA NA NA NA NA NA NA NA NA NA NA NA NA NA NA NA NA NA NA NA NA NA NA NA NA NA NA NA NA NA NA NA NA NA NA NA NA NA NA NA NA NA NA NA NA NA NA NA NA NA NA NA NA NA NA NA NA NA NA NA NA NA NA NA NA NA NA NA NA NA NA NA NA NA NA NA NA NA NA NA NA NA NA NA NA NA
NA NA 214 214 214 214 214 214 214 214 214 214 214 214 214 214 214 214 214 214 213 213 213 213 213 213 213 213 213 213 213 213 213 213 213 213 213 213 212 212 212 212 212 212 212 212 212 212 212 212 212 212 212 212 211 211 211 211 211 211 211 211 211 211 211 211 211 211 211 211 211 210 210 210 210 210 210 210 210 210 210 210 210 210 210 210 210 209 209 209 209 209 210 210 209 209 209 209 209 209 209 209 209 209 209 209 209 209 209 209 208 208 208 208 208 208 208 208 208 208 208 208 208 208 208 207 207 207 207 207 207 207 207 207 207 207 207 207 207 206 206 206 206 206 206 206 206 206 206 206 206 205 205 205 205 205 205 205 205 205 205 205 205 205 204 204 204 204 204 204 204 204 204 204 204 204 204 203 203 203 203 203 203 203 203 203 203 203 203 202 202 202 202 202 202 202 202 202 202 202 202 201 201 201 201 201 201 201 201 201 201 201 NA NA NA NA NA NA NA NA NA NA NA NA NA NA NA NA NA NA NA NA NA NA NA NA NA NA NA NA NA NA NA NA NA NA NA NA NA NA NA NA NA NA NA NA NA NA NA NA NA NA NA NA NA NA NA NA NA NA NA NA NA NA NA NA NA NA NA NA NA NA NA NA NA NA NA NA NA NA NA NA NA NA NA NA NA NA NA NA NA NA NA NA NA NA NA NA NA NA NA NA NA NA NA NA NA NA NA NA NA NA NA NA NA NA NA NA NA NA NA NA NA NA NA NA NA NA NA NA NA NA NA NA NA NA NA NA NA NA NA NA NA NA NA NA NA NA NA NA NA NA NA NA NA NA NA NA NA NA NA NA NA NA NA NA NA NA NA NA NA NA NA NA NA NA NA NA NA NA NA NA NA NA NA NA NA NA NA NA NA NA NA NA NA NA NA NA NA NA NA NA NA NA NA NA NA NA NA NA NA NA NA NA NA NA NA NA NA NA NA NA NA NA NA NA NA NA NA NA NA NA NA NA NA NA NA NA NA NA NA NA NA NA NA NA NA NA NA NA NA NA NA NA NA NA NA NA NA NA NA NA NA NA NA NA NA NA NA NA NA NA NA NA NA NA NA NA NA NA NA NA NA NA NA NA NA NA NA NA NA NA NA
NA NA NA NA 214 214 214 214 214 214 214 214 214 214 214 214 214 214 214 214 214 213 213 213 213 213 213 213 213 213 213 213 213 213 213 213 213 213 213 212 212 212 212 212 212 212 212 212 212 212 212 212 212 212 212 211 211 211 211 211 211 211 211 211 211 211 211 211 211 211 211 211 210 210 210 210 210 210 210 210 210 210 210 210 210 210 210 210 209 209 209 209 210 210 210 209 209 209 209 209 209 209 209 209 209 209 209 209 209 209 209 209 208 208 208 208 208 208 208 208 208 208 208 208 208 208 207 207 207 207 207 207 207 207 207 207 207 207 207 207 206 206 206 206 206 206 206 206 206 206 206 206 205 205 205 205 205 205 205 205 205 205 205 205 205 204 204 204 204 204 204 204 204 204 204 204 204 204 203 203 203 203 203 203 203 203 203 203 203 203 202 202 202 202 202 202 202 202 202 202 202 202 201 201 201 201 201 201 201 201 201 201 201 200 200 200 NA NA NA NA NA NA NA NA NA NA NA NA NA NA NA NA NA NA NA NA NA NA NA NA NA NA NA NA NA NA NA NA NA NA NA NA NA NA NA NA NA NA NA NA NA NA NA NA NA NA NA NA NA NA NA NA NA NA NA NA NA NA NA NA NA NA NA NA NA NA NA NA NA NA NA NA NA NA NA NA NA NA NA NA NA NA NA NA NA NA NA NA NA NA NA NA NA NA NA NA NA NA NA NA NA NA NA NA NA NA NA NA NA NA NA NA NA NA NA NA NA NA NA NA NA NA NA NA NA NA NA NA NA NA NA NA NA NA NA NA NA NA NA NA NA NA NA NA NA NA NA NA NA NA NA NA NA NA NA NA NA NA NA NA NA NA NA NA NA NA NA NA NA NA NA NA NA NA NA NA NA NA NA NA NA NA NA NA NA NA NA NA NA NA NA NA NA NA NA NA NA NA NA NA NA NA NA NA NA NA NA NA NA NA NA NA NA NA NA NA NA NA NA NA NA NA NA NA NA NA NA NA NA NA NA NA NA NA NA NA NA NA NA NA NA NA NA NA NA NA NA NA NA NA NA NA NA NA NA NA NA NA NA NA NA NA NA NA NA NA NA NA NA NA NA NA NA NA NA NA NA NA NA NA NA NA NA
NA NA NA NA NA 214 214 214 214 214 214 214 214 214 214 214 214 214 214 214 214 214 213 213 213 213 213 213 213 213 213 213 213 213 213 213 213 213 213 213 213 212 212 212 212 212 212 212 212 212 212 212 212 212 212 212 211 211 211 211 211 211 211 211 211 211 211 211 211 211 211 211 211 210 210 210 210 210 210 210 210 210 210 210 210 210 210 210 210 209 209 209 210 210 210 210 209 209 209 209 209 209 209 209 209 209 209 209 209 209 209 209 209 208 208 208 208 208 208 208 208 208 208 208 208 208 208 207 207 207 207 207 207 207 207 207 207 207 207 207 207 206 206 206 206 206 206 206 206 206 206 206 206 205 205 205 205 205 205 205 205 205 205 205 205 205 204 204 204 204 204 204 204 204 204 204 204 204 204 203 203 203 203 203 203 203 203 203 203 203 203 202 202 202 202 202 202 202 202 202 202 202 202 201 201 201 201 201 201 201 201 201 201 201 200 200 200 NA NA NA NA NA NA NA NA NA NA NA NA NA NA NA NA NA NA NA NA NA NA NA NA NA NA NA NA NA NA NA NA NA NA NA NA NA NA NA NA NA NA NA NA NA NA NA NA NA NA NA NA NA NA NA NA NA NA NA NA NA NA NA NA NA NA NA NA NA NA NA NA NA NA NA NA NA NA NA NA NA NA NA NA NA NA NA NA NA NA NA NA NA NA NA NA NA NA NA NA NA NA NA NA NA NA NA NA NA NA NA NA NA NA NA NA NA NA NA NA NA NA NA NA NA NA NA NA NA NA NA NA NA NA NA NA NA NA NA NA NA NA NA NA NA NA NA NA NA NA NA NA NA NA NA NA NA NA NA NA NA NA NA NA NA NA NA NA NA NA NA NA NA NA NA NA NA NA NA NA NA NA NA NA NA NA NA NA NA NA NA NA NA NA NA NA NA NA NA NA NA NA NA NA NA NA NA NA NA NA NA NA NA NA NA NA NA NA NA NA NA NA NA NA NA NA NA NA NA NA NA NA NA NA NA NA NA NA NA NA NA NA NA NA NA NA NA NA NA NA NA NA NA NA NA NA NA NA NA NA NA NA NA NA NA NA NA NA NA NA NA NA NA NA NA NA NA NA NA NA NA NA NA NA NA NA
NA NA NA NA NA 214 214 214 214 214 214 214 214 214 214 214 214 214 214 214 214 214 214 213 213 213 213 213 213 213 213 213 213 213 213 213 213 213 213 213 213 213 212 212 212 212 212 212 212 212 212 212 212 212 212 212 212 211 211 211 211 211 211 211 211 211 211 211 211 211 211 211 211 211 211 210 210 210 210 210 210 210 210 210 210 210 210 210 210 210 209 209 210 210 210 210 210 209 209 209 209 209 209 209 209 209 209 209 209 209 209 209 209 209 208 208 208 208 208 208 208 208 208 208 208 208 208 208 207 207 207 207 207 207 207 207 207 207 207 207 207 207 206 206 206 206 206 206 206 206 206 206 206 206 205 205 205 205 205 205 205 205 205 205 205 205 204 204 204 204 204 204 204 204 204 204 204 204 204 204 203 203 203 203 203 203 203 203 203 203 203 203 202 202 202 202 202 202 202 202 202 202 202 202 201 201 201 201 201 201 201 201 201 201 201 200 200 200 NA NA NA NA NA NA NA NA NA NA NA NA NA NA NA NA NA NA NA NA NA NA NA NA NA NA NA NA NA NA NA NA NA NA NA NA NA NA NA NA NA NA NA NA NA NA NA NA NA NA NA NA NA NA NA NA NA NA NA NA NA NA NA NA NA NA NA NA NA NA NA NA NA NA NA NA NA NA NA NA NA NA NA NA NA NA NA NA NA NA NA NA NA NA NA NA NA NA NA NA NA NA NA NA NA NA NA NA NA NA NA NA NA NA NA NA NA NA NA NA NA NA NA NA NA NA NA NA NA NA NA NA NA NA NA NA NA NA NA NA NA NA NA NA NA NA NA NA NA NA NA NA NA NA NA NA NA NA NA NA NA NA NA NA NA NA NA NA NA NA NA NA NA NA NA NA NA NA NA NA NA NA NA NA NA NA NA NA NA NA NA NA NA NA NA NA NA NA NA NA NA NA NA NA NA NA NA NA NA NA NA NA NA NA NA NA NA NA NA NA NA NA NA NA NA NA NA NA NA NA NA NA NA NA NA NA NA NA NA NA NA NA NA NA NA NA NA NA NA NA NA NA NA NA NA NA NA NA NA NA NA NA NA NA NA NA NA NA NA NA NA NA NA NA NA NA NA NA NA NA NA NA NA NA NA
NA NA NA NA NA 214 214 214 214 214 214 214 214 214 214 214 214 214 214 214 214 214 214 214 214 213 213 213 213 213 213 213 213 213 213 213 213 213 213 213 213 213 212 212 212 212 212 212 212 212 212 212 212 212 212 212 212 212 211 211 211 211 211 211 211 211 211 211 211 211 211 211 211 211 211 211 210 210 210 210 210 210 210 210 210 210 210 210 210 210 210 209 210 210 210 210 210 210 209 209 209 209 209 209 209 209 209 209 209 209 209 209 209 209 209 208 208 208 208 208 208 208 208 208 208 208 208 208 208 207 207 207 207 207 207 207 207 207 207 207 207 207 206 206 206 206 206 206 206 206 206 206 206 206 206 205 205 205 205 205 205 205 205 205 205 205 205 204 204 204 204 204 204 204 204 204 204 204 204 204 203 203 203 203 203 203 203 203 203 203 203 203 203 202 202 202 202 202 202 202 202 202 202 202 202 201 201 201 201 201 201 201 201 201 201 201 200 200 200 200 NA NA NA NA NA NA NA NA NA NA NA NA NA NA NA NA NA NA NA NA NA NA NA NA NA NA NA NA NA NA NA NA NA NA NA NA NA NA NA NA NA NA NA NA NA NA NA NA NA NA NA NA NA NA NA NA NA NA NA NA NA NA NA NA NA NA NA NA NA NA NA NA NA NA NA NA NA NA NA NA NA NA NA NA NA NA NA NA NA NA NA NA NA NA NA NA NA NA NA NA NA NA NA NA NA NA NA NA NA NA NA NA NA NA NA NA NA NA NA NA NA NA NA NA NA NA NA NA NA NA NA NA NA NA NA NA NA NA NA NA NA NA NA NA NA NA NA NA NA NA NA NA NA NA NA NA NA NA NA NA NA NA NA NA NA NA NA NA NA NA NA NA NA NA NA NA NA NA NA NA NA NA NA NA NA NA NA NA NA NA NA NA NA NA NA NA NA NA NA NA NA NA NA NA NA NA NA NA NA NA NA NA NA NA NA NA NA NA NA NA NA NA NA NA NA NA NA NA NA NA NA NA NA NA NA NA NA NA NA NA NA NA NA NA NA NA NA NA NA NA NA NA NA NA NA NA NA NA NA NA NA NA NA NA NA NA NA NA NA NA NA NA NA NA NA NA NA NA NA NA NA NA NA
NA NA NA NA NA 214 214 214 214 214 214 214 214 214 214 214 214 214 214 214 214 214 214 214 213 213 213 213 213 213 213 213 213 213 213 213 213 213 213 213 213 213 213 212 212 212 212 212 212 212 212 212 212 212 212 212 212 212 212 212 212 212 211 211 211 211 211 211 211 211 211 211 211 211 211 211 211 211 211 210 210 210 210 210 210 210 210 210 210 210 210 210 210 210 210 210 209 209 209 209 209 209 209 209 209 209 209 209 209 209 209 209 209 208 208 208 208 208 208 208 208 208 208 208 208 208 208 208 207 207 207 207 207 207 207 207 207 207 207 207 207 207 206 206 206 206 206 206 206 206 206 206 206 206 206 205 205 205 205 205 205 205 205 205 205 205 205 205 204 204 204 204 204 204 204 204 204 204 204 204 203 203 203 203 203 203 203 203 203 203 203 203 203 202 202 202 202 202 202 202 202 202 202 202 202 201 201 201 201 201 201 201 201 201 201 201 200 200 200 200 200 NA NA NA NA NA NA NA NA NA NA NA NA NA NA NA NA NA NA NA NA NA NA NA NA NA NA NA NA NA NA NA NA NA NA NA NA NA NA NA NA NA NA NA NA NA NA NA NA NA NA NA NA NA NA NA NA NA NA NA NA NA NA NA NA NA NA NA NA NA NA NA NA NA NA NA NA NA NA NA NA NA NA NA NA NA NA NA NA NA NA NA NA NA NA NA NA NA NA NA NA NA NA NA NA NA NA NA NA NA NA NA NA NA NA NA NA NA NA NA NA NA NA NA NA NA NA NA NA NA NA NA NA NA NA NA NA NA NA NA NA NA NA NA NA NA NA NA NA NA NA NA NA NA NA NA NA NA NA NA NA NA NA NA NA NA NA NA NA NA NA NA NA NA NA NA NA NA NA NA NA NA NA NA NA NA NA NA NA NA NA NA NA NA NA NA NA NA NA NA NA NA NA NA NA NA NA NA NA NA NA NA NA NA NA NA NA NA NA NA NA NA NA NA NA NA NA NA NA NA NA NA NA NA NA NA NA NA NA NA NA NA NA NA NA NA NA NA NA NA NA NA NA NA NA NA NA NA NA NA NA NA NA NA NA NA NA NA NA NA NA NA NA NA NA NA NA NA NA NA NA NA NA
NA NA NA NA 215 215 215 214 214 214 214 214 214 214 214 214 214 214 214 214 214 214 214 214 214 214 213 213 213 213 213 213 213 213 213 213 213 213 213 213 213 213 213 213 213 212 212 212 212 212 212 212 212 212 212 212 212 212 212 212 212 212 212 211 211 211 211 211 211 211 211 211 211 211 211 211 211 211 211 211 210 210 210 210 210 210 210 210 210 210 210 210 210 210 210 210 210 209 209 209 209 209 209 209 209 209 209 209 209 209 209 209 209 209 208 208 208 208 208 208 208 208 208 208 208 208 208 208 208 207 207 207 207 207 207 207 207 207 207 207 207 207 206 206 206 206 206 206 206 206 206 206 206 206 206 206 205 205 205 205 205 205 205 205 205 205 205 205 205 204 204 204 204 204 204 204 204 204 204 204 204 203 203 203 203 203 203 203 203 203 203 203 203 203 202 202 202 202 202 202 202 202 202 202 202 202 201 201 201 201 201 201 201 201 201 201 201 200 200 200 200 NA NA NA NA NA NA NA NA NA NA NA NA NA NA NA NA NA NA NA NA NA NA NA NA NA NA NA NA NA NA NA NA NA NA NA NA NA NA NA NA NA NA NA NA NA NA NA NA NA NA NA NA NA NA NA NA NA NA NA NA NA NA NA NA NA NA NA NA NA NA NA NA NA NA NA NA NA NA NA NA NA NA NA NA NA NA NA NA NA NA NA NA NA NA NA NA NA NA NA NA NA NA NA NA NA NA NA NA NA NA NA NA NA NA NA NA NA NA NA NA NA NA NA NA NA NA NA NA NA NA NA NA NA NA NA NA NA NA NA NA NA NA NA NA NA NA NA NA NA NA NA NA NA NA NA NA NA NA NA NA NA NA NA NA NA NA NA NA NA NA NA NA NA NA NA NA NA NA NA NA NA NA NA NA NA NA NA NA NA NA NA NA NA NA NA NA NA NA NA NA NA NA NA NA NA NA NA NA NA NA NA NA NA NA NA NA NA NA NA NA NA NA NA NA NA NA NA NA NA NA NA NA NA NA NA NA NA NA NA NA NA NA NA NA NA NA NA NA NA NA NA NA NA NA NA NA NA NA NA NA NA NA NA NA NA NA NA NA NA NA NA NA NA NA NA NA NA NA NA NA NA NA
NA NA NA NA 215 215 215 215 214 214 214 214 214 214 214 214 214 214 214 214 214 214 214 214 214 214 214 214 213 213 213 213 213 213 213 213 213 213 213 213 213 213 213 213 213 213 213 212 212 212 212 212 212 212 212 212 212 212 212 212 212 212 212 212 212 211 211 211 211 211 211 211 211 211 211 211 211 211 211 211 211 211 210 210 210 210 210 210 210 210 210 210 210 210 210 210 210 210 210 209 209 209 209 209 209 209 209 209 209 209 209 209 209 209 209 208 208 208 208 208 208 208 208 208 208 208 208 208 208 208 207 207 207 207 207 207 207 207 207 207 207 207 207 206 206 206 206 206 206 206 206 206 206 206 206 206 206 205 205 205 205 205 205 205 205 205 205 205 205 205 204 204 204 204 204 204 204 204 204 204 204 204 204 203 203 203 203 203 203 203 203 203 203 203 203 203 202 202 202 202 202 202 202 202 202 202 202 201 201 201 201 201 201 201 201 201 201 201 200 200 NA NA NA NA NA NA NA NA NA NA NA NA NA NA NA NA NA NA NA NA NA NA NA NA NA NA NA NA NA NA NA NA NA NA NA NA NA NA NA NA NA NA NA NA NA NA NA NA NA NA NA NA NA NA NA NA NA NA NA NA NA NA NA NA NA NA NA NA NA NA NA NA NA NA NA NA NA NA NA NA NA NA NA NA NA NA NA NA NA NA NA NA NA NA NA NA NA NA NA NA NA NA NA NA NA NA NA NA NA NA NA NA NA NA NA NA NA NA NA NA NA NA NA NA NA NA NA NA NA NA NA NA NA NA NA NA NA NA NA NA NA NA NA NA NA NA NA NA NA NA NA NA NA NA NA NA NA NA NA NA NA NA NA NA NA NA NA NA NA NA NA NA NA NA NA NA NA NA NA NA NA NA NA NA NA NA NA NA NA NA NA NA NA NA NA NA NA NA NA NA NA NA NA NA NA NA NA NA NA NA NA NA NA NA NA NA NA NA NA NA NA NA NA NA NA NA NA NA NA NA NA NA NA NA NA NA NA NA NA NA NA NA NA NA NA NA NA NA NA NA NA NA NA NA NA NA NA NA NA NA NA NA NA NA NA NA NA NA NA NA NA NA NA NA NA NA NA NA NA NA NA NA NA
NA NA NA NA 215 215 215 215 215 214 214 214 214 214 214 214 214 214 214 214 214 214 214 214 214 214 214 214 214 213 213 213 213 213 213 213 213 213 213 213 213 213 213 213 213 213 213 213 212 212 212 212 212 212 212 212 212 212 212 212 212 212 212 212 212 212 211 211 211 211 211 211 211 211 211 211 211 211 211 211 211 211 211 210 210 210 210 210 210 210 210 210 210 210 210 210 210 210 210 210 210 209 209 209 209 209 209 209 209 209 209 209 209 209 209 209 208 208 208 208 208 208 208 208 208 208 208 208 208 208 208 207 207 207 207 207 207 207 207 207 207 207 207 207 206 206 206 206 206 206 206 206 206 206 206 206 206 206 205 205 205 205 205 205 205 205 205 205 205 205 205 204 204 204 204 204 204 204 204 204 204 204 204 204 203 203 203 203 203 203 203 203 203 203 203 203 202 202 202 202 202 202 202 202 202 202 202 202 201 201 201 201 201 201 201 201 201 201 201 200 200 NA NA NA NA NA NA NA NA NA NA NA NA NA NA NA NA NA NA NA NA NA NA NA NA NA NA NA NA NA NA NA NA NA NA NA NA NA NA NA NA NA NA NA NA NA NA NA NA NA NA NA NA NA NA NA NA NA NA NA NA NA NA NA NA NA NA NA NA NA NA NA NA NA NA NA NA NA NA NA NA NA NA NA NA NA NA NA NA NA NA NA NA NA NA NA NA NA NA NA NA NA NA NA NA NA NA NA NA NA NA NA NA NA NA NA NA NA NA NA NA NA NA NA NA NA NA NA NA NA NA NA NA NA NA NA NA NA NA NA NA NA NA NA NA NA NA NA NA NA NA NA NA NA NA NA NA NA NA NA NA NA NA NA NA NA NA NA NA NA NA NA NA NA NA NA NA NA NA NA NA NA NA NA NA NA NA NA NA NA NA NA NA NA NA NA NA NA NA NA NA NA NA NA NA NA NA NA NA NA NA NA NA NA NA NA NA NA NA NA NA NA NA NA NA NA NA NA NA NA NA NA NA NA NA NA NA NA NA NA NA NA NA NA NA NA NA NA NA NA NA NA NA NA NA NA NA NA NA NA NA NA NA NA NA NA NA NA NA NA NA NA NA NA NA NA NA NA NA NA NA NA NA
NA NA NA NA 215 215 215 215 215 215 215 215 214 214 214 214 214 214 214 214 214 214 214 214 214 214 214 214 214 214 213 213 213 213 213 213 213 213 213 213 213 213 213 213 213 213 213 213 213 212 212 212 212 212 212 212 212 212 212 212 212 212 212 212 212 212 212 212 211 211 211 211 211 211 211 211 211 211 211 211 211 211 211 211 210 210 210 210 210 210 210 210 210 210 210 210 210 210 210 210 210 210 209 209 209 209 209 209 209 209 209 209 209 209 209 209 209 208 208 208 208 208 208 208 208 208 208 208 208 208 208 208 207 207 207 207 207 207 207 207 207 207 207 207 207 206 206 206 206 206 206 206 206 206 206 206 206 206 206 205 205 205 205 205 205 205 205 205 205 205 205 205 204 204 204 204 204 204 204 204 204 204 204 204 204 203 203 203 203 203 203 203 203 203 203 203 203 202 202 202 202 202 202 202 202 202 202 202 202 201 201 201 201 201 201 201 201 201 201 201 200 NA NA 200 NA NA NA NA NA NA NA NA NA NA NA NA NA NA NA NA NA NA NA NA NA NA NA NA NA NA NA NA NA NA NA NA NA NA NA NA NA NA NA NA NA NA NA NA NA NA NA NA NA NA NA NA NA NA NA NA NA NA NA NA NA NA NA NA NA NA NA NA NA NA NA NA NA NA NA NA NA NA NA NA NA NA NA NA NA NA NA NA NA NA NA NA NA NA NA NA NA NA NA NA NA NA NA NA NA NA NA NA NA NA NA NA NA NA NA NA NA NA NA NA NA NA NA NA NA NA NA NA NA NA NA NA NA NA NA NA NA NA NA NA NA NA NA NA NA NA NA NA NA NA NA NA NA NA NA NA NA NA NA NA NA NA NA NA NA NA NA NA NA NA NA NA NA NA NA NA NA NA NA NA NA NA NA NA NA NA NA NA NA NA NA NA NA NA NA NA NA NA NA NA NA NA NA NA NA NA NA NA NA NA NA NA NA NA NA NA NA NA NA NA NA NA NA NA NA NA NA NA NA NA NA NA NA NA NA NA NA NA NA NA NA NA NA NA NA NA NA NA NA NA NA NA NA NA NA NA NA NA NA NA NA NA NA NA NA NA NA NA NA NA NA NA NA NA NA NA NA NA NA
NA NA NA NA NA 215 215 215 215 215 215 215 214 214 214 214 214 214 214 214 214 214 214 214 214 214 214 214 214 214 214 213 213 213 213 213 213 213 213 213 213 213 213 213 213 213 213 213 213 213 212 212 212 212 212 212 212 212 212 212 212 212 212 212 212 212 212 212 212 211 211 211 211 211 211 211 211 211 211 211 211 211 211 211 211 210 210 210 210 210 210 210 210 210 210 210 210 210 210 210 210 210 210 209 209 209 209 209 209 209 209 209 209 209 209 209 209 209 208 208 208 208 208 208 208 208 208 208 208 208 208 208 208 207 207 207 207 207 207 207 207 207 207 207 207 207 206 206 206 206 206 206 206 206 206 206 206 206 206 206 205 205 205 205 205 205 205 205 205 205 205 205 205 204 204 204 204 204 204 204 204 204 204 204 204 204 203 203 203 203 203 203 203 203 203 203 203 203 202 202 202 202 202 202 202 202 202 202 202 202 201 201 201 201 201 201 201 201 201 201 201 200 200 200 NA NA NA NA NA NA NA NA NA NA NA NA NA NA NA NA NA NA NA NA NA NA NA NA NA NA NA NA NA NA NA NA NA NA NA NA NA NA NA NA NA NA NA NA NA NA NA NA NA NA NA NA NA NA NA NA NA NA NA NA NA NA NA NA NA NA NA NA NA NA NA NA NA NA NA NA NA NA NA NA NA NA NA NA NA NA NA NA NA NA NA NA NA NA NA NA NA NA NA NA NA NA NA NA NA NA NA NA NA NA NA NA NA NA NA NA NA NA NA NA NA NA NA NA NA NA NA NA NA NA NA NA NA NA NA NA NA NA NA NA NA NA NA NA NA NA NA NA NA NA NA NA NA NA NA NA NA NA NA NA NA NA NA NA NA NA NA NA NA NA NA NA NA NA NA NA NA NA NA NA NA NA NA NA NA NA NA NA NA NA NA NA NA NA NA NA NA NA NA NA NA NA NA NA NA NA NA NA NA NA NA NA NA NA NA NA NA NA NA NA NA NA NA NA NA NA NA NA NA NA NA NA NA NA NA NA NA NA NA NA NA NA NA NA NA NA NA NA NA NA NA NA NA NA NA NA NA NA NA NA NA NA NA NA NA NA NA NA NA NA NA NA NA NA NA NA NA NA NA
NA NA NA NA NA NA NA NA 215 215 215 215 215 214 214 214 214 214 214 214 214 214 214 214 214 214 214 214 214 214 214 214 214 213 213 213 213 213 213 213 213 213 213 213 213 213 213 213 213 213 213 212 212 212 212 212 212 212 212 212 212 212 212 212 212 212 212 212 212 212 211 211 211 211 211 211 211 211 211 211 211 211 211 211 211 211 210 210 210 210 210 210 210 210 210 210 210 210 210 210 210 210 210 210 209 209 209 209 209 209 209 209 209 209 209 209 209 209 209 208 208 208 208 208 208 208 208 208 208 208 208 208 208 208 207 207 207 207 207 207 207 207 207 207 207 207 206 206 206 206 206 206 206 206 206 206 206 206 206 206 206 205 205 205 205 205 205 205 205 205 205 205 205 205 204 204 204 204 204 204 204 204 204 204 204 204 204 203 203 203 203 203 203 203 203 203 203 203 203 202 202 202 202 202 202 202 202 202 202 202 202 201 201 201 201 201 201 201 201 201 201 201 200 200 200 NA NA NA NA NA NA NA NA NA NA NA 199 199 199 NA NA NA NA NA NA NA NA NA NA NA NA NA NA NA NA NA NA NA NA NA NA NA NA NA NA NA NA NA NA NA NA NA NA NA NA NA NA NA NA NA NA NA NA NA NA NA NA NA NA NA NA NA NA NA NA NA NA NA NA NA NA NA NA NA NA NA NA NA NA NA NA NA NA NA NA NA NA NA NA NA NA NA NA NA NA NA NA NA NA NA NA NA NA NA NA NA NA NA NA NA NA NA NA NA NA NA NA NA NA NA NA NA NA NA NA NA NA NA NA NA NA NA NA NA NA NA NA NA NA NA NA NA NA NA NA NA NA NA NA NA NA NA NA NA NA NA NA NA NA NA NA NA NA NA NA NA NA NA NA NA NA NA NA NA NA NA NA NA NA NA NA NA NA NA NA NA NA NA NA NA NA NA NA NA NA NA NA NA NA NA NA NA NA NA NA NA NA NA NA NA NA NA NA NA NA NA NA NA NA NA NA NA NA NA NA NA NA NA NA NA NA NA NA NA NA NA NA NA NA NA NA NA NA NA NA NA NA NA NA NA NA NA NA NA NA NA NA NA NA NA NA NA NA NA NA NA NA NA NA NA NA NA NA
NA NA NA NA NA NA NA NA NA 215 215 215 215 215 215 214 214 214 214 214 214 214 214 214 214 214 214 214 214 214 214 214 214 213 213 213 213 213 213 213 213 213 213 213 213 213 213 213 213 213 213 213 213 212 212 212 212 212 212 212 212 212 212 212 212 212 212 212 212 212 212 211 211 211 211 211 211 211 211 211 211 211 211 211 211 211 211 211 210 210 210 210 210 210 210 210 210 210 210 210 210 210 210 210 210 210 209 209 209 209 209 209 209 209 209 209 209 209 209 209 208 208 208 208 208 208 208 208 208 208 208 208 208 208 208 207 207 207 207 207 207 207 207 207 207 207 207 207 207 206 206 206 206 206 206 206 206 206 206 206 206 205 205 205 205 205 205 205 205 205 205 205 205 205 205 204 204 204 204 204 204 204 204 204 204 204 204 204 203 203 203 203 203 203 203 203 203 203 203 203 202 202 202 202 202 202 202 202 202 202 202 202 201 201 201 201 201 201 201 201 201 201 201 200 200 NA NA NA NA NA NA NA NA NA NA 199 199 199 199 199 199 NA NA NA NA NA NA NA NA NA NA NA NA NA NA NA NA NA NA NA NA NA NA NA NA NA NA NA NA NA NA NA NA NA NA NA NA NA NA NA NA NA NA NA NA NA NA NA NA NA NA NA NA NA NA NA NA NA NA NA NA NA NA NA NA NA NA NA NA NA NA NA NA NA NA NA NA NA NA NA NA NA NA NA NA NA NA NA NA NA NA NA NA NA NA NA NA NA NA NA NA NA NA NA NA NA NA NA NA NA NA NA NA NA NA NA NA NA NA NA NA NA NA NA NA NA NA NA NA NA NA NA NA NA NA NA NA NA NA NA NA NA NA NA NA NA NA NA NA NA NA NA NA NA NA NA NA NA NA NA NA NA NA NA NA NA NA NA NA NA NA NA NA NA NA NA NA NA NA NA NA NA NA NA NA NA NA NA NA NA NA NA NA NA NA NA NA NA NA NA NA NA NA NA NA NA NA NA NA NA NA NA NA NA NA NA NA NA NA NA NA NA NA NA NA NA NA NA NA NA NA NA NA NA NA NA NA NA NA NA NA NA NA NA NA NA NA NA NA NA NA NA NA NA NA NA NA NA NA NA NA NA NA
NA NA NA NA NA NA NA NA NA 215 215 215 215 215 215 215 214 214 214 214 214 214 214 214 214 214 214 214 214 214 214 214 214 214 213 213 213 213 213 213 213 213 213 213 213 213 213 213 213 213 213 213 213 213 212 212 212 212 212 212 212 212 212 212 212 212 212 212 212 212 212 212 212 211 211 211 211 211 211 211 211 211 211 211 211 211 211 211 210 210 210 210 210 210 210 210 210 210 210 210 210 210 210 210 210 210 210 209 209 209 209 209 209 209 209 209 209 209 209 209 209 208 208 208 208 208 208 208 208 208 208 208 208 208 208 208 207 207 207 207 207 207 207 207 207 207 207 207 207 207 206 206 206 206 206 206 206 206 206 206 206 206 205 205 205 205 205 205 205 205 205 205 205 205 205 205 204 204 204 204 204 204 204 204 204 204 204 204 204 203 203 203 203 203 203 203 203 203 203 203 203 202 202 202 202 202 202 202 202 202 202 202 202 201 201 201 201 201 201 201 201 201 201 201 200 NA NA NA NA NA NA NA NA NA NA 199 199 199 199 199 NA NA NA NA NA NA NA NA NA NA NA NA NA NA NA NA NA NA NA NA NA NA NA NA NA NA NA NA NA NA NA NA NA NA NA NA NA NA NA NA NA NA NA NA NA NA NA NA NA NA NA NA NA NA NA NA NA NA NA NA NA NA NA NA NA NA NA NA NA NA NA NA NA NA NA NA NA NA NA NA NA NA NA NA NA NA NA NA NA NA NA NA NA NA NA NA NA NA NA NA NA NA NA NA NA NA NA NA NA NA NA NA NA NA NA NA NA NA NA NA NA NA NA NA NA NA NA NA NA NA NA NA NA NA NA NA NA NA NA NA NA NA NA NA NA NA NA NA NA NA NA NA NA NA NA NA NA NA NA NA NA NA NA NA NA NA NA NA NA NA NA NA NA NA NA NA NA NA NA NA NA NA NA NA NA NA NA NA NA NA NA NA NA NA NA NA NA NA NA NA NA NA NA NA NA NA NA NA NA NA NA NA NA NA NA NA NA NA NA NA NA NA NA NA NA NA NA NA NA NA NA NA NA NA NA NA NA NA NA NA NA NA NA NA NA NA NA NA NA NA NA NA NA NA NA NA NA NA NA NA NA NA NA
NA NA NA NA NA NA NA NA NA 215 215 215 215 215 215 215 215 214 214 214 214 214 214 214 214 214 214 214 214 214 214 214 214 214 214 213 213 213 213 213 213 213 213 213 213 213 213 213 213 213 213 213 213 213 213 212 212 212 212 212 212 212 212 212 212 212 212 212 212 212 212 212 212 212 212 211 211 211 211 211 211 211 211 211 211 211 211 211 211 210 210 210 210 210 210 210 210 210 210 210 210 210 210 210 210 210 210 209 209 209 209 209 209 209 209 209 209 209 209 209 209 209 208 208 208 208 208 208 208 208 208 208 208 208 208 208 207 207 207 207 207 207 207 207 207 207 207 207 207 207 206 206 206 206 206 206 206 206 206 206 206 206 206 205 205 205 205 205 205 205 205 205 205 205 205 205 205 204 204 204 204 204 204 204 204 204 204 204 204 204 203 203 203 203 203 203 203 203 203 203 203 203 202 202 202 202 202 202 202 202 202 202 202 202 201 201 201 201 201 201 201 201 201 201 201 200 NA NA NA 200 200 200 200 200 200 200 199 199 199 199 NA NA NA NA NA NA NA NA NA NA NA NA NA NA NA NA NA NA NA NA NA NA NA NA NA NA NA NA NA NA NA NA NA NA NA NA NA NA NA NA NA NA NA NA NA NA NA NA NA NA NA NA NA NA NA NA NA NA NA NA NA NA NA NA NA NA NA NA NA NA NA NA NA NA NA NA NA NA NA NA NA NA NA NA NA NA NA NA NA NA NA NA NA NA NA NA NA NA NA NA NA NA NA NA NA NA NA NA NA NA NA NA NA NA NA NA NA NA NA NA NA NA NA NA NA NA NA NA NA NA NA NA NA NA NA NA NA NA NA NA NA NA NA NA NA NA NA NA NA NA NA NA NA NA NA NA NA NA NA NA NA NA NA NA NA NA NA NA NA NA NA NA NA NA NA NA NA NA NA NA NA NA NA NA NA NA NA NA NA NA NA NA NA NA NA NA NA NA NA NA NA NA NA NA NA NA NA NA NA NA NA NA NA NA NA NA NA NA NA NA NA NA NA NA NA NA NA NA NA NA NA NA NA NA NA NA NA NA NA NA NA NA NA NA NA NA NA NA NA NA NA NA NA NA NA NA NA NA NA NA NA NA NA
NA NA NA NA NA NA NA NA NA NA 215 215 215 215 215 215 215 215 214 214 214 214 214 214 214 214 214 214 214 214 214 214 214 214 214 214 214 213 213 213 213 213 213 213 213 213 213 213 213 213 213 213 213 213 213 213 213 212 212 212 212 212 212 212 212 212 212 212 212 212 212 212 212 212 212 212 211 211 211 211 211 211 211 211 211 211 211 211 211 211 211 210 210 210 210 210 210 210 210 210 210 210 210 210 210 210 210 210 209 209 209 209 209 209 209 209 209 209 209 209 209 209 209 208 208 208 208 208 208 208 208 208 208 208 208 208 208 207 207 207 207 207 207 207 207 207 207 207 207 207 207 206 206 206 206 206 206 206 206 206 206 206 206 206 206 205 205 205 205 205 205 205 205 205 205 205 205 205 204 204 204 204 204 204 204 204 204 204 204 204 204 203 203 203 203 203 203 203 203 203 203 203 203 203 202 202 202 202 202 202 202 202 202 202 202 201 201 201 201 201 201 201 201 201 201 201 200 200 200 200 200 200 200 200 200 200 200 199 199 NA NA NA NA NA NA NA NA NA NA NA NA NA NA NA NA NA NA NA NA NA NA NA NA NA NA NA NA NA NA NA NA NA NA NA NA NA NA NA NA NA NA NA NA NA NA NA NA NA NA NA NA NA NA NA NA NA NA NA NA NA NA NA NA NA NA NA NA NA NA NA NA NA NA NA NA NA NA NA NA NA NA NA NA NA NA NA NA NA NA NA NA NA NA NA NA NA NA NA NA NA NA NA NA NA NA NA NA NA NA NA NA NA NA NA NA NA NA NA NA NA NA NA NA NA NA NA NA NA NA NA NA NA NA NA NA NA NA NA NA NA NA NA NA NA NA NA NA NA NA NA NA NA NA NA NA NA NA NA NA NA NA NA NA NA NA NA NA NA NA NA NA NA NA NA NA NA NA NA NA NA NA NA NA NA NA NA NA NA NA NA NA NA NA NA NA NA NA NA NA NA NA NA NA NA NA NA NA NA NA NA NA NA NA NA NA NA NA NA NA NA NA NA NA NA NA NA NA NA NA NA NA NA NA NA NA NA NA NA NA NA NA NA NA NA NA NA NA NA NA NA NA NA NA NA NA NA NA NA NA NA NA NA NA
NA NA NA NA NA NA NA NA NA NA 215 215 215 215 215 215 215 215 215 214 214 214 214 214 214 214 214 214 214 214 214 214 214 214 214 214 214 214 213 213 213 213 213 213 213 213 213 213 213 213 213 213 213 213 213 213 213 213 212 212 212 212 212 212 212 212 212 212 212 212 212 212 212 212 212 212 211 211 211 211 211 211 211 211 211 211 211 211 211 211 211 211 211 210 210 210 210 210 210 210 210 210 210 210 210 210 210 210 210 210 209 209 209 209 209 209 209 209 209 209 209 209 209 209 208 208 208 208 208 208 208 208 208 208 208 208 208 208 208 207 207 207 207 207 207 207 207 207 207 207 207 207 207 206 206 206 206 206 206 206 206 206 206 206 206 206 205 205 205 205 205 205 205 205 205 205 205 205 205 204 204 204 204 204 204 204 204 204 204 204 204 204 204 203 203 203 203 203 203 203 203 203 203 203 203 202 202 202 202 202 202 202 202 202 202 202 201 201 201 201 201 201 201 201 201 201 201 200 200 200 200 200 200 200 200 200 200 200 NA NA NA NA NA NA NA NA NA NA NA NA NA NA NA NA NA NA NA NA NA NA NA NA NA NA NA NA NA NA NA NA NA NA NA NA NA NA NA NA NA NA NA NA NA NA NA NA NA NA NA NA NA NA NA NA NA NA NA NA NA NA NA NA NA NA NA NA NA NA NA NA NA NA NA NA NA NA NA NA NA NA NA NA NA NA NA NA NA NA NA NA NA NA NA NA NA NA NA NA NA NA NA NA NA NA NA NA NA NA NA NA NA NA NA NA NA NA NA NA NA NA NA NA NA NA NA NA NA NA NA NA NA NA NA NA NA NA NA NA NA NA NA NA NA NA NA NA NA NA NA NA NA NA NA NA NA NA NA NA NA NA NA NA NA NA NA NA NA NA NA NA NA NA NA NA NA NA NA NA NA NA NA NA NA NA NA NA NA NA NA NA NA NA NA NA NA NA NA NA NA NA NA NA NA NA NA NA NA NA NA NA NA NA NA NA NA NA NA NA NA NA NA NA NA NA NA NA NA NA NA NA NA NA NA NA NA NA NA NA NA NA NA NA NA NA NA NA NA NA NA NA NA NA NA NA NA NA NA NA NA NA NA NA NA
NA NA NA NA NA NA NA NA NA NA 215 215 215 215 215 215 215 215 215 215 214 214 214 214 214 214 214 214 214 214 214 214 214 214 214 214 214 214 214 214 213 213 213 213 213 213 213 213 213 213 213 213 213 213 213 213 213 213 213 213 212 212 212 212 212 212 212 212 212 212 212 212 212 212 212 212 212 211 211 211 211 211 211 211 211 211 211 211 211 211 211 211 211 210 210 210 210 210 210 210 210 210 210 210 210 210 210 210 210 210 210 209 209 209 209 209 209 209 209 209 209 209 209 209 209 208 208 208 208 208 208 208 208 208 208 208 208 208 208 207 207 207 207 207 207 207 207 207 207 207 207 207 207 206 206 206 206 206 206 206 206 206 206 206 206 206 206 205 205 205 205 205 205 205 205 205 205 205 205 205 204 204 204 204 204 204 204 204 204 204 204 204 204 204 203 203 203 203 203 203 203 203 203 203 203 202 202 202 202 202 202 202 202 202 202 202 202 201 201 201 201 201 201 201 201 201 201 201 200 200 200 200 200 200 200 200 200 200 NA NA NA NA NA NA NA NA NA NA NA NA NA NA NA NA NA NA NA NA NA NA NA NA NA NA NA NA NA NA NA NA NA NA NA NA NA NA NA NA NA NA NA NA NA NA NA NA NA NA NA NA NA NA NA NA NA NA NA NA NA NA NA NA NA NA NA NA NA NA NA NA NA NA NA NA NA NA NA NA NA NA NA NA NA NA NA NA NA NA NA NA NA NA NA NA NA NA NA NA NA NA NA NA NA NA NA NA NA NA NA NA NA NA NA NA NA NA NA NA NA NA NA NA NA NA NA NA NA NA NA NA NA NA NA NA NA NA NA NA NA NA NA NA NA NA NA NA NA NA NA NA NA NA NA NA NA NA NA NA NA NA NA NA NA NA NA NA NA NA NA NA NA NA NA NA NA NA NA NA NA NA NA NA NA NA NA NA NA NA NA NA NA NA NA NA NA NA NA NA NA NA NA NA NA NA NA NA NA NA NA NA NA NA NA NA NA NA NA NA NA NA NA NA NA NA NA NA NA NA NA NA NA NA NA NA NA NA NA NA NA NA NA NA NA NA NA NA NA NA NA NA NA NA NA NA NA NA NA NA NA NA NA NA NA
NA NA NA NA NA NA NA NA NA NA 215 215 215 215 215 215 215 215 215 215 215 215 215 214 214 214 214 214 214 214 214 214 214 214 214 214 214 214 214 214 214 213 214 213 213 213 213 213 213 213 213 213 213 213 213 213 213 213 213 213 213 212 212 212 212 212 212 212 212 212 212 212 212 212 212 212 212 212 212 211 211 211 211 211 211 211 211 211 211 211 211 211 211 211 211 210 210 210 210 210 210 210 210 210 210 210 210 210 210 210 210 210 209 209 209 209 209 209 209 209 209 209 209 209 209 209 208 208 208 208 208 208 208 208 208 208 208 208 208 208 207 207 207 207 207 207 207 207 207 207 207 207 207 207 206 206 206 206 206 206 206 206 206 206 206 206 206 206 205 205 205 205 205 205 205 205 205 205 205 205 205 204 204 204 204 204 204 204 204 204 204 204 204 204 204 203 203 203 203 203 203 203 203 203 203 203 202 202 202 202 202 202 202 202 202 202 202 202 201 201 201 201 201 201 201 201 201 201 201 200 200 200 200 200 200 200 200 200 NA NA NA NA NA NA NA NA NA NA NA NA NA NA NA NA NA NA NA NA NA NA NA NA NA NA NA NA NA NA NA NA NA NA NA NA NA NA NA NA NA NA NA NA NA NA NA NA NA NA NA NA NA NA NA NA NA NA NA NA NA NA NA NA NA NA NA NA NA NA NA NA NA NA NA NA NA NA NA NA NA NA NA NA NA NA NA NA NA NA NA NA NA NA NA NA NA NA NA NA NA NA NA NA NA NA NA NA NA NA NA NA NA NA NA NA NA NA NA NA NA NA NA NA NA NA NA NA NA NA NA NA NA NA NA NA NA NA NA NA NA NA NA NA NA NA NA NA NA NA NA NA NA NA NA NA NA NA NA NA NA NA NA NA NA NA NA NA NA NA NA NA NA NA NA NA NA NA NA NA NA NA NA NA NA NA NA NA NA NA NA NA NA NA NA NA NA NA NA NA NA NA NA NA NA NA NA NA NA NA NA NA NA NA NA NA NA NA NA NA NA NA NA NA NA NA NA NA NA NA NA NA NA NA NA NA NA NA NA NA NA NA NA NA NA NA NA NA NA NA NA NA NA NA NA NA NA NA NA NA NA NA NA NA NA
NA NA NA NA NA NA NA NA NA NA NA 215 215 215 215 215 215 215 215 215 215 215 215 215 214 214 214 214 214 214 214 214 214 214 214 214 214 214 214 214 214 214 214 214 214 213 213 213 213 213 213 213 213 213 213 213 213 213 213 213 213 213 212 212 212 212 212 212 212 212 212 212 212 212 212 212 212 212 212 212 211 211 211 211 211 211 211 211 211 211 211 211 211 211 211 211 210 210 210 210 210 210 210 210 210 210 210 210 210 210 210 210 210 209 209 209 209 209 209 209 209 209 209 209 209 209 209 208 208 208 208 208 208 208 208 208 208 208 208 208 208 208 207 207 207 207 207 207 207 207 207 207 207 207 207 206 206 206 206 206 206 206 206 206 206 206 206 206 206 205 205 205 205 205 205 205 205 205 205 205 205 205 204 204 204 204 204 204 204 204 204 204 204 204 204 204 203 203 203 203 203 203 203 203 203 203 203 202 202 202 202 202 202 202 202 202 202 202 202 201 201 201 201 201 201 201 201 201 201 201 200 200 200 200 200 200 200 200 NA NA NA NA NA NA NA NA NA NA NA NA NA NA NA NA NA NA NA NA NA NA NA NA NA NA NA NA NA NA NA NA NA NA NA NA NA NA NA NA NA NA NA NA NA NA NA NA NA NA NA NA NA NA NA NA NA NA NA NA NA NA NA NA NA NA NA NA NA NA NA NA NA NA NA NA NA NA NA NA NA NA NA NA NA NA NA NA NA NA NA NA NA NA NA NA NA NA NA NA NA NA NA NA NA NA NA NA NA NA NA NA NA NA NA NA NA NA NA NA NA NA NA NA NA NA NA NA NA NA NA NA NA NA NA NA NA NA NA NA NA NA NA NA NA NA NA NA NA NA NA NA NA NA NA NA NA NA NA NA NA NA NA NA NA NA NA NA NA NA NA NA NA NA NA NA NA NA NA NA NA NA NA NA NA NA NA NA NA NA NA NA NA NA NA NA NA NA NA NA NA NA NA NA NA NA NA NA NA NA NA NA NA NA NA NA NA NA NA NA NA NA NA NA NA NA NA NA NA NA NA NA NA NA NA NA NA NA NA NA NA NA NA NA NA NA NA NA NA NA NA NA NA NA NA NA NA NA NA NA NA NA NA NA NA
NA NA NA NA NA NA NA NA NA NA NA 215 215 215 215 215 215 215 215 215 215 215 215 215 215 214 214 214 214 214 214 214 214 214 214 214 214 214 214 214 214 214 214 214 214 214 213 213 213 213 213 213 213 213 213 213 213 213 213 213 213 213 213 212 212 212 212 212 212 212 212 212 212 212 212 212 212 212 212 212 212 211 211 211 211 211 211 211 211 211 211 211 211 211 211 211 211 211 210 210 210 210 210 210 210 210 210 210 210 210 210 210 210 210 209 209 209 209 209 209 209 209 209 209 209 209 209 209 208 208 208 208 208 208 208 208 208 208 208 208 208 208 207 207 207 207 207 207 207 207 207 207 207 207 207 207 206 206 206 206 206 206 206 206 206 206 206 206 206 206 205 205 205 205 205 205 205 205 205 205 205 205 205 204 204 204 204 204 204 204 204 204 204 204 204 204 204 203 203 203 203 203 203 203 203 203 203 203 202 202 202 202 202 202 202 202 202 202 202 202 201 201 201 201 201 201 201 201 201 201 201 200 200 200 200 200 200 200 NA NA NA NA NA NA NA NA NA NA NA NA NA NA NA NA NA NA NA NA NA NA NA NA NA NA NA NA NA NA NA NA NA NA NA NA NA NA NA NA NA NA NA NA NA NA NA NA NA NA NA NA NA NA NA NA NA NA NA NA NA NA NA NA NA NA NA NA NA NA NA NA NA NA NA NA NA NA NA NA NA NA NA NA NA NA NA NA NA NA NA NA NA NA NA NA NA NA NA NA NA NA NA NA NA NA NA NA NA NA NA NA NA NA NA NA NA NA NA NA NA NA NA NA NA NA NA NA NA NA NA NA NA NA NA NA NA NA NA NA NA NA NA NA NA NA NA NA NA NA NA NA NA NA NA NA NA NA NA NA NA NA NA NA NA NA NA NA NA NA NA NA NA NA NA NA NA NA NA NA NA NA NA NA NA NA NA NA NA NA NA NA NA NA NA NA NA NA NA NA NA NA NA NA NA NA NA NA NA NA NA NA NA NA NA NA NA NA NA NA NA NA NA NA NA NA NA NA NA NA NA NA NA NA NA NA NA NA NA NA NA NA NA NA NA NA NA NA NA NA NA NA NA NA NA NA NA NA NA NA NA NA NA NA NA
NA NA NA NA NA NA NA NA NA NA NA NA 215 215 215 215 215 215 215 215 215 215 215 215 215 215 214 214 214 214 214 214 214 214 214 214 214 214 214 214 214 214 214 214 214 214 214 213 213 213 213 213 213 213 213 213 213 213 213 213 213 213 213 213 213 212 212 212 212 212 212 212 212 212 212 212 212 212 212 212 212 212 211 211 211 211 211 211 211 211 211 211 211 211 211 211 211 211 211 211 210 210 210 210 210 210 210 210 210 210 210 210 210 210 210 209 209 209 209 209 209 209 209 209 209 209 209 209 209 208 208 208 208 208 208 208 208 208 208 208 208 208 208 207 207 207 207 207 207 207 207 207 207 207 207 207 207 206 206 206 206 206 206 206 206 206 206 206 206 206 206 205 205 205 205 205 205 205 205 205 205 205 205 205 204 204 204 204 204 204 204 204 204 204 204 204 204 204 203 203 203 203 203 203 203 203 203 203 203 202 202 202 202 202 202 202 202 202 202 202 202 201 201 201 201 201 201 201 201 201 201 201 200 200 200 200 200 200 NA NA NA NA NA NA NA NA NA NA NA NA NA NA NA NA NA NA NA NA NA NA NA NA NA NA NA NA NA NA NA NA NA NA NA NA NA NA NA NA NA NA NA NA NA NA NA NA NA NA NA NA NA NA NA NA NA NA NA NA NA NA NA NA NA NA NA NA NA NA NA NA NA NA NA NA NA NA NA NA NA NA NA NA NA NA NA NA NA NA NA NA NA NA NA NA NA NA NA NA NA NA NA NA NA NA NA NA NA NA NA NA NA NA NA NA NA NA NA NA NA NA NA NA NA NA NA NA NA NA NA NA NA NA NA NA NA NA NA NA NA NA NA NA NA NA NA NA NA NA NA NA NA NA NA NA NA NA NA NA NA NA NA NA NA NA NA NA NA NA NA NA NA NA NA NA NA NA NA NA NA NA NA NA NA NA NA NA NA NA NA NA NA NA NA NA NA NA NA NA NA NA NA NA NA NA NA NA NA NA NA NA NA NA NA NA NA NA NA NA NA NA NA NA NA NA NA NA NA NA NA NA NA NA NA NA NA NA NA NA NA NA NA NA NA NA NA NA NA NA NA NA NA NA NA NA NA NA NA NA NA NA NA NA NA
NA NA NA NA NA NA NA NA NA NA NA NA NA NA 215 215 215 215 215 215 215 215 215 215 215 215 214 214 214 214 214 214 214 214 214 214 214 214 214 214 214 214 214 214 214 214 214 214 214 213 213 213 213 213 213 213 213 213 213 213 213 213 213 213 213 213 212 212 212 212 212 212 212 212 212 212 212 212 212 212 212 212 212 211 211 211 211 211 211 211 211 211 211 211 211 211 211 211 211 211 210 210 210 210 210 210 210 210 210 210 210 210 210 210 210 210 209 209 209 209 209 209 209 209 209 209 209 209 209 209 208 208 208 208 208 208 208 208 208 208 208 208 208 208 208 207 207 207 207 207 207 207 207 207 207 207 207 207 207 206 206 206 206 206 206 206 206 206 206 206 206 206 205 205 205 205 205 205 205 205 205 205 205 205 205 204 204 204 204 204 204 204 204 204 204 204 204 204 204 203 203 203 203 203 203 203 203 203 203 203 202 202 202 202 202 202 202 202 202 202 202 202 201 201 201 201 201 201 201 201 201 201 201 200 200 200 200 200 NA NA NA NA NA NA NA NA NA NA NA NA NA NA NA NA NA NA NA NA NA NA NA NA NA NA NA NA NA NA NA NA NA NA NA NA NA NA NA NA NA NA NA NA NA NA NA NA NA NA NA NA NA NA NA NA NA NA NA NA NA NA NA NA NA NA NA NA NA NA NA NA NA NA NA NA NA NA NA NA NA NA NA NA NA NA NA NA NA NA NA NA NA NA NA NA NA NA NA NA NA NA NA NA NA NA NA NA NA NA NA NA NA NA NA NA NA NA NA NA NA NA NA NA NA NA NA NA NA NA NA NA NA NA NA NA NA NA NA NA NA NA NA NA NA NA NA NA NA NA NA NA NA NA NA NA NA NA NA NA NA NA NA NA NA NA NA NA NA NA NA NA NA NA NA NA NA NA NA NA NA NA NA NA NA NA NA NA NA NA NA NA NA NA NA NA NA NA NA NA NA NA NA NA NA NA NA NA NA NA NA NA NA NA NA NA NA NA NA NA NA NA NA NA NA NA NA NA NA NA NA NA NA NA NA NA NA NA NA NA NA NA NA NA NA NA NA NA NA NA NA NA NA NA NA NA NA NA NA NA NA NA NA NA NA
NA NA NA NA NA NA NA NA NA NA NA NA NA NA NA NA NA 215 215 215 215 215 215 215 215 215 215 215 214 214 214 214 214 214 214 214 214 214 214 214 214 214 214 214 214 214 214 214 214 214 213 213 213 213 213 213 213 213 213 213 213 213 213 213 213 213 213 212 212 212 212 212 212 212 212 212 212 212 212 212 212 212 212 212 211 211 211 211 211 211 211 211 211 211 211 211 211 211 211 211 211 211 210 210 210 210 210 210 210 210 210 210 210 210 210 210 210 209 209 209 209 209 209 209 209 209 209 209 209 209 209 208 208 208 208 208 208 208 208 208 208 208 208 208 208 208 207 207 207 207 207 207 207 207 207 207 207 207 207 207 206 206 206 206 206 206 206 206 206 206 206 206 206 205 205 205 205 205 205 205 205 205 205 205 205 205 204 204 204 204 204 204 204 204 204 204 204 204 204 204 203 203 203 203 203 203 203 203 203 203 203 203 202 202 202 202 202 202 202 202 202 202 202 201 201 201 201 201 201 201 201 201 201 201 201 200 200 200 NA NA NA NA NA NA NA NA NA NA NA NA NA NA NA NA NA NA NA NA NA NA NA NA NA NA NA NA NA NA NA NA NA NA NA NA NA NA NA NA NA NA NA NA NA NA NA NA NA NA NA NA NA NA NA NA NA NA NA NA NA NA NA NA NA NA NA NA NA NA NA NA NA NA NA NA NA NA NA NA NA NA NA NA NA NA NA NA NA NA NA NA NA NA NA NA NA NA NA NA NA NA NA NA NA NA NA NA NA NA NA NA NA NA NA NA NA NA NA NA NA NA NA NA NA NA NA NA NA NA NA NA NA NA NA NA NA NA NA NA NA NA NA NA NA NA NA NA NA NA NA NA NA NA NA NA NA NA NA NA NA NA NA NA NA NA NA NA NA NA NA NA NA NA NA NA NA NA NA NA NA NA NA NA NA NA NA NA NA NA NA NA NA NA NA NA NA NA NA NA NA NA NA NA NA NA NA NA NA NA NA NA NA NA NA NA NA NA NA NA NA NA NA NA NA NA NA NA NA NA NA NA NA NA NA NA NA NA NA NA NA NA NA NA NA NA NA NA NA NA NA NA NA NA NA NA NA NA NA NA NA NA NA NA NA
NA NA NA NA NA NA NA NA NA NA NA NA NA NA NA NA NA NA 215 215 215 215 215 215 215 215 215 215 215 214 214 214 214 214 214 214 214 214 214 214 214 214 214 214 214 214 214 214 214 214 214 213 213 213 213 213 213 213 213 213 213 213 213 213 213 213 213 213 213 212 212 212 212 212 212 212 212 212 212 212 212 212 212 212 212 212 211 211 211 211 211 211 211 211 211 211 211 211 211 211 211 211 210 210 210 210 210 210 210 210 210 210 210 210 210 210 210 210 210 209 209 209 209 209 209 209 209 209 209 209 209 209 209 208 208 208 208 208 208 208 208 208 208 208 208 208 207 207 207 207 207 207 207 207 207 207 207 207 207 207 207 206 206 206 206 206 206 206 206 206 206 206 206 206 205 205 205 205 205 205 205 205 205 205 205 205 205 204 204 204 204 204 204 204 204 204 204 204 204 204 204 203 203 203 203 203 203 203 203 203 203 203 203 202 202 202 202 202 202 202 202 202 202 202 201 201 201 201 201 201 201 201 201 201 201 200 200 200 NA NA NA NA NA NA NA NA NA NA NA NA NA NA NA NA NA NA NA NA NA NA NA NA NA NA NA NA NA NA NA NA NA NA NA NA NA NA NA NA NA NA NA NA NA NA NA NA NA NA NA NA NA NA NA NA NA NA NA NA NA NA NA NA NA NA NA NA NA NA NA NA NA NA NA NA NA NA NA NA NA NA NA NA NA NA NA NA NA NA NA NA NA NA NA NA NA NA NA NA NA NA NA NA NA NA NA NA NA NA NA NA NA NA NA NA NA NA NA NA NA NA NA NA NA NA NA NA NA NA NA NA NA NA NA NA NA NA NA NA NA NA NA NA NA NA NA NA NA NA NA NA NA NA NA NA NA NA NA NA NA NA NA NA NA NA NA NA NA NA NA NA NA NA NA NA NA NA NA NA NA NA NA NA NA NA NA NA NA NA NA NA NA NA NA NA NA NA NA NA NA NA NA NA NA NA NA NA NA NA NA NA NA NA NA NA NA NA NA NA NA NA NA NA NA NA NA NA NA NA NA NA NA NA NA NA NA NA NA NA NA NA NA NA NA NA NA NA NA NA NA NA NA NA NA NA NA NA NA NA NA NA NA NA NA
NA NA NA NA NA NA NA NA NA NA NA NA NA NA NA NA NA NA 215 215 215 215 215 215 215 215 215 215 215 215 215 214 214 214 214 214 214 214 214 214 214 214 214 214 214 214 214 214 214 214 214 214 213 213 213 213 213 213 213 213 213 213 213 213 213 213 213 213 213 213 212 212 212 212 212 212 212 212 212 212 212 212 212 212 212 212 212 211 211 211 211 211 211 211 211 211 211 211 211 211 211 211 211 210 210 210 210 210 210 210 210 210 210 210 210 210 210 210 210 210 209 209 209 209 209 209 209 209 209 209 209 209 209 209 208 208 208 208 208 208 208 208 208 208 208 208 208 207 207 207 207 207 207 207 207 207 207 207 207 207 207 207 206 206 206 206 206 206 206 206 206 206 206 206 206 206 205 205 205 205 205 205 205 205 205 205 205 205 204 204 204 204 204 204 204 204 204 204 204 204 204 204 203 203 203 203 203 203 203 203 203 203 203 203 202 202 202 202 202 202 202 202 202 202 202 201 201 201 201 201 201 201 201 201 201 201 200 200 NA NA NA NA NA NA NA NA NA NA NA NA NA NA NA NA NA NA NA NA NA NA NA NA NA NA NA NA NA NA NA NA NA NA NA NA NA NA NA NA NA NA NA NA NA NA NA NA NA NA NA NA NA NA NA NA NA NA NA NA NA NA NA NA NA NA NA NA NA NA NA NA NA NA NA NA NA NA NA NA NA NA NA NA NA NA NA NA NA NA NA NA NA NA NA NA NA NA NA NA NA NA NA NA NA NA NA NA NA NA NA NA NA NA NA NA NA NA NA NA NA NA NA NA NA NA NA NA NA NA NA NA NA NA NA NA NA NA NA NA NA NA NA NA NA NA NA NA NA NA NA NA NA NA NA NA NA NA NA NA NA NA NA NA NA NA NA NA NA NA NA NA NA NA NA NA NA NA NA NA NA NA NA NA NA NA NA NA NA NA NA NA NA NA NA NA NA NA NA NA NA NA NA NA NA NA NA NA NA NA NA NA NA NA NA NA NA NA NA NA NA NA NA NA NA NA NA NA NA NA NA NA NA NA NA NA NA NA NA NA NA NA NA NA NA NA NA NA NA NA NA NA NA NA NA NA NA NA NA NA NA NA NA NA NA
NA NA NA NA NA NA NA NA NA NA NA NA NA NA NA NA NA 215 215 215 215 215 215 215 215 215 215 215 215 215 215 215 214 214 214 214 214 214 214 214 214 214 214 214 214 214 214 214 214 214 214 214 214 214 213 213 213 213 213 213 213 213 213 213 213 213 213 213 213 213 213 212 212 212 212 212 212 212 212 212 212 212 212 212 212 212 212 212 211 211 211 211 211 211 211 211 211 211 211 211 211 211 211 211 210 210 210 210 210 210 210 210 210 210 210 210 210 210 210 210 210 209 209 209 209 209 209 209 209 209 209 209 209 209 209 208 208 208 208 208 208 208 208 208 208 208 208 208 207 207 207 207 207 207 207 207 207 207 207 207 207 207 206 206 206 206 206 206 206 206 206 206 206 206 206 206 206 205 205 205 205 205 205 205 205 205 205 205 205 204 204 204 204 204 204 204 204 204 204 204 204 204 204 203 203 203 203 203 203 203 203 203 203 203 203 202 202 202 202 202 202 202 202 202 202 202 201 201 201 201 201 201 201 201 201 201 201 200 NA NA NA NA NA NA NA NA NA NA NA NA NA NA NA NA NA NA NA NA NA NA NA NA NA NA NA NA NA NA NA NA NA NA NA NA NA NA NA NA NA NA NA NA NA NA NA NA NA NA NA NA NA NA NA NA NA NA NA NA NA NA NA NA NA NA NA NA NA NA NA NA NA NA NA NA NA NA NA NA NA NA NA NA NA NA NA NA NA NA NA NA NA NA NA NA NA NA NA NA NA NA NA NA NA NA NA NA NA NA NA NA NA NA NA NA NA NA NA NA NA NA NA NA NA NA NA NA NA NA NA NA NA NA NA NA NA NA NA NA NA NA NA NA NA NA NA NA NA NA NA NA NA NA NA NA NA NA NA NA NA NA NA NA NA NA NA NA NA NA NA NA NA NA NA NA NA NA NA NA NA NA NA NA NA NA NA NA NA NA NA NA NA NA NA NA NA NA NA NA NA NA NA NA NA NA NA NA NA NA NA NA NA NA NA NA NA NA NA NA NA NA NA NA NA NA NA NA NA NA NA NA NA NA NA NA NA NA NA NA NA NA NA NA NA NA NA NA NA NA NA NA NA NA NA NA NA NA NA NA NA NA NA NA NA
NA NA NA NA NA NA NA NA NA NA NA NA NA NA NA 215 215 215 215 215 215 215 215 215 215 215 215 215 215 215 215 215 215 214 214 214 214 214 214 214 214 214 214 214 214 214 214 214 214 214 214 214 214 214 214 213 213 213 213 213 213 213 213 213 213 213 213 213 213 213 213 213 212 212 212 212 212 212 212 212 212 212 212 212 212 212 212 212 212 212 211 211 211 211 211 211 211 211 211 211 211 211 211 211 211 210 210 210 210 210 210 210 210 210 210 210 210 210 210 210 210 210 209 209 209 209 209 209 209 209 209 209 209 209 209 209 208 208 208 208 208 208 208 208 208 208 208 208 208 208 207 207 207 207 207 207 207 207 207 207 207 207 207 207 206 206 206 206 206 206 206 206 206 206 206 206 206 206 205 205 205 205 205 205 205 205 205 205 205 205 205 204 204 204 204 204 204 204 204 204 204 204 204 204 203 203 203 203 203 203 203 203 203 203 203 203 202 202 202 202 202 202 202 202 202 202 202 201 201 201 201 201 201 201 201 201 201 NA NA NA NA NA NA NA NA NA NA NA NA NA NA NA NA NA NA NA NA NA NA NA NA NA NA NA NA NA NA NA NA NA NA NA NA NA NA NA NA NA NA NA NA NA NA NA NA NA NA NA NA NA NA NA NA NA NA NA NA NA NA NA NA NA NA NA NA NA NA NA NA NA NA NA NA NA NA NA NA NA NA NA NA NA NA NA NA NA NA NA NA NA NA NA NA NA NA NA NA NA NA NA NA NA NA NA NA NA NA NA NA NA NA NA NA NA NA NA NA NA NA NA NA NA NA NA NA NA NA NA NA NA NA NA NA NA NA NA NA NA NA NA NA NA NA NA NA NA NA NA NA NA NA NA NA NA NA NA NA NA NA NA NA NA NA NA NA NA NA NA NA NA NA NA NA NA NA NA NA NA NA NA NA NA NA NA NA NA NA NA NA NA NA NA NA NA NA NA NA NA NA NA NA NA NA NA NA NA NA NA NA NA NA NA NA NA NA NA NA NA NA NA NA NA NA NA NA NA NA NA NA NA NA NA NA NA NA NA NA NA NA NA NA NA NA NA NA NA NA NA NA NA NA NA NA NA NA NA NA NA NA NA NA NA NA
NA NA NA NA NA NA NA NA NA NA NA NA NA NA 216 215 215 215 215 215 215 215 215 215 215 215 215 215 215 215 215 215 215 215 214 214 214 214 214 214 214 214 214 214 214 214 214 214 214 214 214 214 214 214 214 214 213 213 213 213 213 213 213 213 213 213 213 213 213 213 213 213 213 213 212 212 212 212 212 212 212 212 212 212 212 212 212 212 212 212 212 211 211 211 211 211 211 211 211 211 211 211 211 211 211 211 211 210 210 210 210 210 210 210 210 210 210 210 210 210 210 210 210 209 209 209 209 209 209 209 209 209 209 209 209 209 209 208 208 208 208 208 208 208 208 208 208 208 208 208 208 207 207 207 207 207 207 207 207 207 207 207 207 207 207 206 206 206 206 206 206 206 206 206 206 206 206 206 206 205 205 205 205 205 205 205 205 205 205 205 205 205 205 204 204 204 204 204 204 204 204 204 204 204 204 203 203 203 203 203 203 203 203 203 203 203 203 202 202 202 202 202 202 202 202 202 202 202 202 201 201 201 201 201 201 201 NA NA NA NA NA NA NA NA NA NA NA NA NA NA NA NA NA NA NA NA NA NA NA NA NA NA NA NA NA NA NA NA NA NA NA NA NA NA NA NA NA NA NA NA NA NA NA NA NA NA NA NA NA NA NA NA NA NA NA NA NA NA NA NA NA NA NA NA NA NA NA NA NA NA NA NA NA NA NA NA NA NA NA NA NA NA NA NA NA NA NA NA NA NA NA NA NA NA NA NA NA NA NA NA NA NA NA NA NA NA NA NA NA NA NA NA NA NA NA NA NA NA NA NA NA NA NA NA NA NA NA NA NA NA NA NA NA NA NA NA NA NA NA NA NA NA NA NA NA NA NA NA NA NA NA NA NA NA NA NA NA NA NA NA NA NA NA NA NA NA NA NA NA NA NA NA NA NA NA NA NA NA NA NA NA NA NA NA NA NA NA NA NA NA NA NA NA NA NA NA NA NA NA NA NA NA NA NA NA NA NA NA NA NA NA NA NA NA NA NA NA NA NA NA NA NA NA NA NA NA NA NA NA NA NA NA NA NA NA NA NA NA NA NA NA NA NA NA NA NA NA NA NA NA NA NA NA NA NA NA NA NA NA NA NA NA NA
NA NA NA NA NA NA NA NA NA NA NA NA NA NA 216 216 215 215 215 215 215 215 215 215 215 215 215 215 215 215 215 215 215 215 215 214 214 214 214 214 214 214 214 214 214 214 214 214 214 214 214 214 214 214 214 214 214 214 213 213 213 213 213 213 213 213 213 213 213 213 213 213 213 213 213 212 212 212 212 212 212 212 212 212 212 212 212 212 212 212 212 211 211 211 211 211 211 211 211 211 211 211 211 211 211 211 211 211 210 210 210 210 210 210 210 210 210 210 210 210 210 210 210 209 209 209 209 209 209 209 209 209 209 209 209 209 209 209 208 208 208 208 208 208 208 208 208 208 208 208 208 207 207 207 207 207 207 207 207 207 207 207 207 207 207 207 206 206 206 206 206 206 206 206 206 206 206 206 206 206 205 205 205 205 205 205 205 205 205 205 205 205 205 205 204 204 204 204 204 204 204 204 204 204 204 204 203 203 203 203 203 203 203 203 203 203 203 203 203 202 202 202 202 202 202 202 202 202 202 202 201 201 201 201 201 201 NA NA NA NA NA NA NA NA NA NA NA NA NA NA NA NA NA NA NA NA NA NA NA NA NA NA NA NA NA NA NA NA NA NA NA NA NA NA NA NA NA NA NA NA NA NA NA NA NA NA NA NA NA NA NA NA NA NA NA NA NA NA NA NA NA NA NA NA NA NA NA NA NA NA NA NA NA NA NA NA NA NA NA NA NA NA NA NA NA NA NA NA NA NA NA NA NA NA NA NA NA NA NA NA NA NA NA NA NA NA NA NA NA NA NA NA NA NA NA NA NA NA NA NA NA NA NA NA NA NA NA NA NA NA NA NA NA NA NA NA NA NA NA NA NA NA NA NA NA NA NA NA NA NA NA NA NA NA NA NA NA NA NA NA NA NA NA NA NA NA NA NA NA NA NA NA NA NA NA NA NA NA NA NA NA NA NA NA NA NA NA NA NA NA NA NA NA NA NA NA NA NA NA NA NA NA NA NA NA NA NA NA NA NA NA NA NA NA NA NA NA NA NA NA NA NA NA NA NA NA NA NA NA NA NA NA NA NA NA NA NA NA NA NA NA NA NA NA NA NA NA NA NA NA NA NA NA NA NA NA NA NA NA NA NA NA NA
NA NA NA NA NA NA NA NA NA NA NA 216 216 216 216 216 216 215 215 215 215 215 215 215 215 215 215 215 215 215 215 215 215 215 215 215 214 214 214 214 214 214 214 214 214 214 214 214 214 214 214 214 214 214 214 214 214 214 214 213 213 213 213 213 213 213 213 213 213 213 213 213 213 213 213 213 212 212 212 212 212 212 212 212 212 212 212 212 212 212 212 212 212 212 211 211 211 211 211 211 211 211 211 211 211 211 211 211 211 210 210 210 210 210 210 210 210 210 210 210 210 210 210 210 209 209 209 209 209 209 209 209 209 209 209 209 209 209 209 208 208 208 208 208 208 208 208 208 208 208 208 208 208 207 207 207 207 207 207 207 207 207 207 207 207 207 207 206 206 206 206 206 206 206 206 206 206 206 206 206 206 205 205 205 205 205 205 205 205 205 205 205 205 205 205 205 204 204 204 204 204 204 204 204 204 204 204 204 203 203 203 203 203 203 203 203 203 203 203 202 202 202 202 202 202 202 202 202 202 202 202 201 201 201 201 NA NA NA NA NA NA NA NA NA NA NA NA NA NA NA NA NA NA NA NA NA NA NA NA NA NA NA NA NA NA NA NA NA NA NA NA NA NA NA NA NA NA NA NA NA NA NA NA NA NA NA NA NA NA NA NA NA NA NA NA NA NA NA NA NA NA NA NA NA NA NA NA NA NA NA NA NA NA NA NA NA NA NA NA NA NA NA NA NA NA NA NA NA NA NA NA NA NA NA NA NA NA NA NA NA NA NA NA NA NA NA NA NA NA NA NA NA NA NA NA NA NA NA NA NA NA NA NA NA NA NA NA NA NA NA NA NA NA NA NA NA NA NA NA NA NA NA NA NA NA NA NA NA NA NA NA NA NA NA NA NA NA NA NA NA NA NA NA NA NA NA NA NA NA NA NA NA NA NA NA NA NA NA NA NA NA NA NA NA NA NA NA NA NA NA NA NA NA NA NA NA NA NA NA NA NA NA NA NA NA NA NA NA NA NA NA NA NA NA NA NA NA NA NA NA NA NA NA NA NA NA NA NA NA NA NA NA NA NA NA NA NA NA NA NA NA NA NA NA NA NA NA NA NA NA NA NA NA NA NA NA NA NA NA NA NA NA NA
NA NA NA NA NA NA NA NA NA NA NA 216 216 216 216 216 216 216 215 215 215 215 215 215 215 215 215 215 215 215 215 215 215 215 215 215 215 214 214 214 214 214 214 214 214 214 214 214 214 214 214 214 214 214 214 214 214 214 214 214 213 213 213 213 213 213 213 213 213 213 213 213 213 213 213 213 213 212 212 212 212 212 212 212 212 212 212 212 212 212 212 212 212 212 211 211 211 211 211 211 211 211 211 211 211 211 211 211 211 211 210 210 210 210 210 210 210 210 210 210 210 210 210 210 210 209 209 209 209 209 209 209 209 209 209 209 209 209 209 209 208 208 208 208 208 208 208 208 208 208 208 208 208 207 207 207 207 207 207 207 207 207 207 207 207 207 207 207 206 206 206 206 206 206 206 206 206 206 206 206 206 206 205 205 205 205 205 205 205 205 205 205 205 205 205 205 205 204 204 204 204 204 204 204 204 204 204 204 204 203 203 203 203 203 203 203 203 203 203 203 202 202 202 202 202 202 202 202 202 202 202 202 201 201 NA NA NA NA NA NA NA NA NA NA NA NA NA NA NA NA NA NA NA NA NA NA NA NA NA NA NA NA NA NA NA NA NA NA NA NA NA NA NA NA NA NA NA NA NA NA NA NA NA NA NA NA NA NA NA NA NA NA NA NA NA NA NA NA NA NA NA NA NA NA NA NA NA NA NA NA NA NA NA NA NA NA NA NA NA NA NA NA NA NA NA NA NA NA NA NA NA NA NA NA NA NA NA NA NA NA NA NA NA NA NA NA NA NA NA NA NA NA NA NA NA NA NA NA NA NA NA NA NA NA NA NA NA NA NA NA NA NA NA NA NA NA NA NA NA NA NA NA NA NA NA NA NA NA NA NA NA NA NA NA NA NA NA NA NA NA NA NA NA NA NA NA NA NA NA NA NA NA NA NA NA NA NA NA NA NA NA NA NA NA NA NA NA NA NA NA NA NA NA NA NA NA NA NA NA NA NA NA NA NA NA NA NA NA NA NA NA NA NA NA NA NA NA NA NA NA NA NA NA NA NA NA NA NA NA NA NA NA NA NA NA NA NA NA NA NA NA NA NA NA NA NA NA NA NA NA NA NA NA NA NA NA NA NA NA NA NA NA NA
NA NA NA NA NA NA NA NA NA NA NA 216 216 216 216 216 216 216 216 215 215 215 215 215 215 215 215 215 215 215 215 215 215 215 215 215 215 215 215 214 214 214 215 214 214 214 214 214 214 214 214 214 214 214 214 214 214 214 214 214 214 213 213 213 213 213 213 213 213 213 213 213 213 213 213 213 213 213 213 212 212 212 212 212 212 212 212 212 212 212 212 212 212 212 212 211 211 211 211 211 211 211 211 211 211 211 211 211 211 211 211 210 210 210 210 210 210 210 210 210 210 210 210 210 210 210 209 209 209 209 209 209 209 209 209 209 209 209 209 209 209 208 208 208 208 208 208 208 208 208 208 208 208 208 208 207 207 207 207 207 207 207 207 207 207 207 207 207 207 207 206 206 206 206 206 206 206 206 206 206 206 206 206 205 205 205 205 205 205 205 205 205 205 205 205 205 205 205 204 204 204 204 204 204 204 204 204 204 204 204 203 203 203 203 203 203 203 203 203 203 203 203 202 202 202 202 202 202 202 202 202 202 202 201 NA NA NA NA NA NA NA NA NA NA NA NA NA NA NA NA NA NA NA NA NA NA NA NA NA NA NA NA NA NA NA NA NA NA NA NA NA NA NA NA NA NA NA NA NA NA NA NA NA NA NA NA NA NA NA NA NA NA NA NA NA NA NA NA NA NA NA NA NA NA NA NA NA NA NA NA NA NA NA NA NA NA NA NA NA NA NA NA NA NA NA NA NA NA NA NA NA NA NA NA NA NA NA NA NA NA NA NA NA NA NA NA NA NA NA NA NA NA NA NA NA NA NA NA NA NA NA NA NA NA NA NA NA NA NA NA NA NA NA NA NA NA NA NA NA NA NA NA NA NA NA NA NA NA NA NA NA NA NA NA NA NA NA NA NA NA NA NA NA NA NA NA NA NA NA NA NA NA NA NA NA NA NA NA NA NA NA NA NA NA NA NA NA NA NA NA NA NA NA NA NA NA NA NA NA NA NA NA NA NA NA NA NA NA NA NA NA NA NA NA NA NA NA NA NA NA NA NA NA NA NA NA NA NA NA NA NA NA NA NA NA NA NA NA NA NA NA NA NA NA NA NA NA NA NA NA NA NA NA NA NA NA NA NA NA NA NA NA NA
NA NA NA NA NA NA NA NA NA NA NA NA 216 216 216 216 216 216 216 216 215 215 215 215 215 215 215 215 215 215 215 215 215 215 215 215 215 215 215 214 214 214 215 215 214 214 214 214 214 214 214 214 214 214 214 214 214 214 214 214 214 214 214 213 213 213 213 213 213 213 213 213 213 213 213 213 213 213 213 213 212 212 212 212 212 212 212 212 212 212 212 212 212 212 212 212 211 211 211 211 211 211 211 211 211 211 211 211 211 211 211 211 211 210 210 210 210 210 210 210 210 210 210 210 210 210 210 210 209 209 209 209 209 209 209 209 209 209 209 209 209 209 208 208 208 208 208 208 208 208 208 208 208 208 208 208 208 207 207 207 207 207 207 207 207 207 207 207 207 207 207 206 206 206 206 206 206 206 206 206 206 206 206 206 206 205 205 205 205 205 205 205 205 205 205 205 205 205 205 204 204 204 204 204 204 204 204 204 204 204 204 203 203 203 203 203 203 203 203 203 203 203 203 202 202 202 202 202 202 202 202 202 202 202 NA NA NA NA NA NA NA NA NA NA NA NA NA NA NA NA NA NA NA NA NA NA NA NA NA NA NA NA NA NA NA NA NA NA NA NA NA NA NA NA NA NA NA NA NA NA NA NA NA NA NA NA NA NA NA NA NA NA NA NA NA NA NA NA NA NA NA NA NA NA NA NA NA NA NA NA NA NA NA NA NA NA NA NA NA NA NA NA NA NA NA NA NA NA NA NA NA NA NA NA NA NA NA NA NA NA NA NA NA NA NA NA NA NA NA NA NA NA NA NA NA NA NA NA NA NA NA NA NA NA NA NA NA NA NA NA NA NA NA NA NA NA NA NA NA NA NA NA NA NA NA NA NA NA NA NA NA NA NA NA NA NA NA NA NA NA NA NA NA NA NA NA NA NA NA NA NA NA NA NA NA NA NA NA NA NA NA NA NA NA NA NA NA NA NA NA NA NA NA NA NA NA NA NA NA NA NA NA NA NA NA NA NA NA NA NA NA NA NA NA NA NA NA NA NA NA NA NA NA NA NA NA NA NA NA NA NA NA NA NA NA NA NA NA NA NA NA NA NA NA NA NA NA NA NA NA NA NA NA NA NA NA NA NA NA NA NA NA NA
NA NA NA NA NA NA NA NA NA NA 216 216 216 216 216 216 216 216 216 216 216 216 215 215 215 215 215 215 215 215 215 215 215 215 215 215 215 215 215 215 214 214 215 215 215 215 215 214 214 214 214 214 214 214 214 214 214 214 214 214 214 214 214 214 213 213 213 213 213 213 213 213 213 213 213 213 213 213 213 213 213 212 212 212 212 212 212 212 212 212 212 212 212 212 212 212 212 211 211 211 211 211 211 211 211 211 211 211 211 211 211 211 211 211 210 210 210 210 210 210 210 210 210 210 210 210 210 210 210 209 209 209 209 209 209 209 209 209 209 209 209 209 209 208 208 208 208 208 208 208 208 208 208 208 208 208 208 208 207 207 207 207 207 207 207 207 207 207 207 207 207 207 206 206 206 206 206 206 206 206 206 206 206 206 206 206 205 205 205 205 205 205 205 205 205 205 205 205 205 205 204 204 204 204 204 204 204 204 204 204 204 204 203 203 203 203 203 203 203 203 203 203 203 203 202 202 202 202 202 202 202 202 202 202 202 NA NA NA NA NA NA NA NA NA NA NA NA NA NA NA NA NA NA NA NA NA NA NA NA NA NA NA NA NA NA NA NA NA NA NA NA NA NA NA NA NA NA NA NA NA NA NA NA NA NA NA NA NA NA NA NA NA NA NA NA NA NA NA NA NA NA NA NA NA NA NA NA NA NA NA NA NA NA NA NA NA NA NA NA NA NA NA NA NA NA NA NA NA NA NA NA NA NA NA NA NA NA NA NA NA NA NA NA NA NA NA NA NA NA NA NA NA NA NA NA NA NA NA NA NA NA NA NA NA NA NA NA NA NA NA NA NA NA NA NA NA NA NA NA NA NA NA NA NA NA NA NA NA NA NA NA NA NA NA NA NA NA NA NA NA NA NA NA NA NA NA NA NA NA NA NA NA NA NA NA NA NA NA NA NA NA NA NA NA NA NA NA NA NA NA NA NA NA NA NA NA NA NA NA NA NA NA NA NA NA NA NA NA NA NA NA NA NA NA NA NA NA NA NA NA NA NA NA NA NA NA NA NA NA NA NA NA NA NA NA NA NA NA NA NA NA NA NA NA NA NA NA NA NA NA NA NA NA NA NA NA NA NA NA NA NA NA NA
NA NA NA NA NA NA NA NA NA 216 216 216 216 216 216 216 216 216 216 216 216 216 216 215 215 215 215 215 215 215 215 215 215 215 215 215 215 215 215 215 215 214 215 215 215 215 215 215 214 214 214 214 214 214 214 214 214 214 214 214 214 214 214 214 214 213 213 213 213 213 213 213 213 213 213 213 213 213 213 213 213 213 212 212 212 212 212 212 212 212 212 212 212 212 212 212 212 212 212 211 211 211 211 211 211 211 211 211 211 211 211 211 211 211 211 210 210 210 210 210 210 210 210 210 210 210 210 210 210 210 209 209 209 209 209 209 209 209 209 209 209 209 209 209 209 208 208 208 208 208 208 208 208 208 208 208 208 208 208 207 207 207 207 207 207 207 207 207 207 207 207 207 207 206 206 206 206 206 206 206 206 206 206 206 206 206 206 205 205 205 205 205 205 205 205 205 205 205 205 205 205 204 204 204 204 204 204 204 204 204 204 204 204 203 203 203 203 203 203 203 203 203 203 203 203 202 202 202 202 202 202 202 202 202 202 202 201 201 NA NA NA NA NA NA NA NA NA NA NA NA NA NA NA NA NA NA NA NA NA NA NA NA NA NA NA NA NA NA NA NA NA NA NA NA NA NA NA NA NA NA NA NA NA NA NA NA NA NA NA NA NA NA NA NA NA NA NA NA NA NA NA NA NA NA NA NA NA NA NA NA NA NA NA NA NA NA NA NA NA NA NA NA NA NA NA NA NA NA NA NA NA NA NA NA NA NA NA NA NA NA NA NA NA NA NA NA NA NA NA NA NA NA NA NA NA NA NA NA NA NA NA NA NA NA NA NA NA NA NA NA NA NA NA NA NA NA NA NA NA NA NA NA NA NA NA NA NA NA NA NA NA NA NA NA NA NA NA NA NA NA NA NA NA NA NA NA NA NA NA NA NA NA NA NA NA NA NA NA NA NA NA NA NA NA NA NA NA NA NA NA NA NA NA NA NA NA NA NA NA NA NA NA NA NA NA NA NA NA NA NA NA NA NA NA NA NA NA NA NA NA NA NA NA NA NA NA NA NA NA NA NA NA NA NA NA NA NA NA NA NA NA NA NA NA NA NA NA NA NA NA NA NA NA NA NA NA NA NA NA NA NA NA NA
NA NA NA NA NA NA NA NA NA 216 216 216 216 216 216 216 216 216 216 216 216 216 216 216 215 215 215 215 215 215 215 215 215 215 215 215 215 215 215 215 215 215 215 215 215 215 215 215 215 214 214 214 214 214 214 214 214 214 214 214 214 214 214 214 214 214 214 213 213 213 213 213 213 213 213 213 213 213 213 213 213 213 213 212 212 212 212 212 212 212 212 212 212 212 212 212 212 212 212 212 211 211 211 211 211 211 211 211 211 211 211 211 211 211 211 211 210 210 210 210 210 210 210 210 210 210 210 210 210 210 210 209 209 209 209 209 209 209 209 209 209 209 209 209 209 208 208 208 208 208 208 208 208 208 208 208 208 208 208 208 207 207 207 207 207 207 207 207 207 207 207 207 207 207 207 206 206 206 206 206 206 206 206 206 206 206 206 206 205 205 205 205 205 205 205 205 205 205 205 205 205 205 204 204 204 204 204 204 204 204 204 204 204 204 203 203 203 203 203 203 203 203 203 203 203 203 202 202 202 202 202 202 202 202 202 202 202 201 201 NA NA NA NA NA NA NA NA NA NA NA NA NA NA NA NA NA NA NA NA NA NA NA NA NA NA NA NA NA NA NA NA NA NA NA NA NA NA NA NA NA NA NA NA NA NA NA NA NA NA NA NA NA NA NA NA NA NA NA NA NA NA NA NA NA NA NA NA NA NA NA NA NA NA NA NA NA NA NA NA NA NA NA NA NA NA NA NA NA NA NA NA NA NA NA NA NA NA NA NA NA NA NA NA NA NA NA NA NA NA NA NA NA NA NA NA NA NA NA NA NA NA NA NA NA NA NA NA NA NA NA NA NA NA NA NA NA NA NA NA NA NA NA NA NA NA NA NA NA NA NA NA NA NA NA NA NA NA NA NA NA NA NA NA NA NA NA NA NA NA NA NA NA NA NA NA NA NA NA NA NA NA NA NA NA NA NA NA NA NA NA NA NA NA NA NA NA NA NA NA NA NA NA NA NA NA NA NA NA NA NA NA NA NA NA NA NA NA NA NA NA NA NA NA NA NA NA NA NA NA NA NA NA NA NA NA NA NA NA NA NA NA NA NA NA NA NA NA NA NA NA NA NA NA NA NA NA NA NA NA NA NA NA NA
NA NA NA NA NA NA NA NA NA 216 216 216 216 216 216 216 216 216 216 216 216 216 216 216 215 215 215 215 215 215 215 215 215 215 215 215 215 215 215 215 215 215 215 215 215 215 215 215 215 215 215 214 214 214 214 214 214 214 214 214 214 214 214 214 214 214 214 214 213 213 213 213 213 213 213 213 213 213 213 213 213 213 213 213 213 212 212 212 212 212 212 212 212 212 212 212 212 212 212 212 212 211 211 211 211 211 211 211 211 211 211 211 211 211 211 211 211 210 210 210 210 210 210 210 210 210 210 210 210 210 210 210 209 209 209 209 209 209 209 209 209 209 209 209 209 209 209 208 208 208 208 208 208 208 208 208 208 208 208 208 208 207 207 207 207 207 207 207 207 207 207 207 207 207 207 207 206 206 206 206 206 206 206 206 206 206 206 206 206 205 205 205 205 205 205 205 205 205 205 205 205 205 205 205 204 204 204 204 204 204 204 204 204 204 204 204 203 203 203 203 203 203 203 203 203 203 203 202 202 202 202 202 202 202 202 202 202 202 202 201 NA NA NA NA NA NA NA NA NA NA NA NA NA NA NA NA NA NA NA NA NA NA NA NA NA NA NA NA NA NA NA NA NA NA NA NA NA NA NA NA NA NA NA NA NA NA NA NA NA NA NA NA NA NA NA NA NA NA NA NA NA NA NA NA NA NA NA NA NA NA NA NA NA NA NA NA NA NA NA NA NA NA NA NA NA NA NA NA NA NA NA NA NA NA NA NA NA NA NA NA NA NA NA NA NA NA NA NA NA NA NA NA NA NA NA NA NA NA NA NA NA NA NA NA NA NA NA NA NA NA NA NA NA NA NA NA NA NA NA NA NA NA NA NA NA NA NA NA NA NA NA NA NA NA NA NA NA NA NA NA NA NA NA NA NA NA NA NA NA NA NA NA NA NA NA NA NA NA NA NA NA NA NA NA NA NA NA NA NA NA NA NA NA NA NA NA NA NA NA NA NA NA NA NA NA NA NA NA NA NA NA NA NA NA NA NA NA NA NA NA NA NA NA NA NA NA NA NA NA NA NA NA NA NA NA NA NA NA NA NA NA NA NA NA NA NA NA NA NA NA NA NA NA NA NA NA NA NA NA NA NA NA NA
NA NA NA NA NA NA NA NA NA NA NA NA 216 216 216 216 216 216 216 216 216 216 216 NA NA 216 215 215 215 215 215 215 215 215 215 215 215 215 215 215 215 215 215 215 215 215 215 215 215 215 215 215 214 214 214 214 214 214 214 214 214 214 214 214 214 214 214 214 214 213 213 213 213 213 213 213 213 213 213 213 213 213 213 213 213 213 212 212 212 212 212 212 212 212 212 212 212 212 212 212 212 212 212 211 211 211 211 211 211 211 211 211 211 211 211 211 211 211 210 210 210 210 210 210 210 210 210 210 210 210 210 210 210 209 209 209 209 209 209 209 209 209 209 209 209 209 209 209 208 208 208 208 208 208 208 208 208 208 208 208 208 208 208 207 207 207 207 207 207 207 207 207 207 207 207 207 207 206 206 206 206 206 206 206 206 206 206 206 206 206 205 205 206 205 205 205 205 205 205 205 205 205 205 205 205 204 204 204 204 204 204 204 204 204 204 204 204 203 203 203 203 203 203 203 203 203 203 203 203 202 202 202 202 202 202 202 202 202 202 202 201 NA NA NA NA NA NA NA NA NA NA NA NA NA NA NA NA NA NA NA NA NA NA NA NA NA NA NA NA NA NA NA NA NA NA NA NA NA NA NA NA NA NA NA NA NA NA NA NA NA NA NA NA NA NA NA NA NA NA NA NA NA NA NA NA NA NA NA NA NA NA NA NA NA NA NA NA NA NA NA NA NA NA NA NA NA NA NA NA NA NA NA NA NA NA NA NA NA NA NA NA NA NA NA NA NA NA NA NA NA NA NA NA NA NA NA NA NA NA NA NA NA NA NA NA NA NA NA NA NA NA NA NA NA NA NA NA NA NA NA NA NA NA NA NA NA NA NA NA NA NA NA NA NA NA NA NA NA NA NA NA NA NA NA NA NA NA NA NA NA NA NA NA NA NA NA NA NA NA NA NA NA NA NA NA NA NA NA NA NA NA NA NA NA NA NA NA NA NA NA NA NA NA NA NA NA NA NA NA NA NA NA NA NA NA NA NA NA NA NA NA NA NA NA NA NA NA NA NA NA NA NA NA NA NA NA NA NA NA NA NA NA NA NA NA NA NA NA NA NA NA NA NA NA NA NA NA NA NA NA NA NA NA
NA NA NA NA NA NA NA NA NA NA NA NA NA 216 216 216 216 216 216 216 216 216 NA NA NA NA 215 215 215 215 215 215 215 215 215 215 215 215 215 215 215 215 215 215 215 215 215 215 215 215 215 215 215 214 214 214 214 214 214 214 214 214 214 214 214 214 214 214 214 214 213 213 213 213 213 213 213 213 213 213 213 213 213 213 213 213 213 212 212 212 212 212 212 212 212 212 212 212 212 212 212 212 212 212 211 211 211 211 211 211 211 211 211 211 211 211 211 211 211 210 210 210 210 210 210 210 210 210 210 210 210 210 210 210 209 209 209 209 209 209 209 209 209 209 209 209 209 209 209 208 208 208 208 208 208 208 208 208 208 208 208 208 208 208 207 207 207 207 207 207 207 207 207 207 207 207 207 207 206 206 206 206 206 206 206 206 206 206 206 206 206 205 206 206 205 205 205 205 205 205 205 205 205 205 205 205 204 204 204 204 204 204 204 204 204 204 204 204 203 203 203 203 203 203 203 203 203 203 203 203 202 202 202 202 202 202 202 202 202 202 202 NA NA NA NA NA NA NA NA NA NA NA NA NA NA NA NA NA NA NA NA NA NA NA NA NA NA NA NA NA NA NA NA NA NA NA NA NA NA NA NA NA NA NA NA NA NA NA NA NA NA NA NA NA NA NA NA NA NA NA NA NA NA NA NA NA NA NA NA NA NA NA NA NA NA NA NA NA NA NA NA NA NA NA NA NA NA NA NA NA NA NA NA NA NA NA NA NA NA NA NA NA NA NA NA NA NA NA NA NA NA NA NA NA NA NA NA NA NA NA NA NA NA NA NA NA NA NA NA NA NA NA NA NA NA NA NA NA NA NA NA NA NA NA NA NA NA NA NA NA NA NA NA NA NA NA NA NA NA NA NA NA NA NA NA NA NA NA NA NA NA NA NA NA NA NA NA NA NA NA NA NA NA NA NA NA NA NA NA NA NA NA NA NA NA NA NA NA NA NA NA NA NA NA NA NA NA NA NA NA NA NA NA NA NA NA NA NA NA NA NA NA NA NA NA NA NA NA NA NA NA NA NA NA NA NA NA NA NA NA NA NA NA NA NA NA NA NA NA NA NA NA NA NA NA NA NA NA NA NA NA NA NA
NA NA NA NA NA NA NA NA NA NA NA NA NA NA NA 216 216 216 216 216 NA NA NA NA NA NA 215 215 215 215 215 215 215 215 215 215 215 215 215 215 215 215 215 215 215 215 215 215 215 215 215 215 215 215 215 214 214 214 214 214 214 214 214 214 214 214 214 214 214 214 214 214 213 213 213 213 213 213 213 213 213 213 213 213 213 213 213 213 212 212 212 212 212 212 212 212 212 212 212 212 212 212 212 212 212 211 211 211 211 211 211 211 211 211 211 211 211 211 211 211 210 210 210 210 210 210 210 210 210 210 210 210 210 210 210 209 209 209 209 209 209 209 209 209 209 209 209 209 209 209 208 208 208 208 208 208 208 208 208 208 208 208 208 208 208 208 207 207 207 207 207 207 207 207 207 207 207 207 207 207 206 206 206 206 206 206 206 206 206 206 206 206 206 206 206 206 205 205 205 205 205 205 205 205 205 205 205 204 204 204 204 204 204 204 204 204 204 204 204 203 203 203 203 203 203 203 203 203 203 203 203 202 202 202 202 202 202 202 202 202 202 202 NA NA NA NA NA NA NA NA NA NA NA NA NA NA NA NA NA NA NA NA NA NA NA NA NA NA NA NA NA NA NA NA NA NA NA NA NA NA NA NA NA NA NA NA NA NA NA NA NA NA NA NA NA NA NA NA NA NA NA NA NA NA NA NA NA NA NA NA NA NA NA NA NA NA NA NA NA NA NA NA NA NA NA NA NA NA NA NA NA NA NA NA NA NA NA NA NA NA NA NA NA NA NA NA NA NA NA NA NA NA NA NA NA NA NA NA NA NA NA NA NA NA NA NA NA NA NA NA NA NA NA NA NA NA NA NA NA NA NA NA NA NA NA NA NA NA NA NA NA NA NA NA NA NA NA NA NA NA NA NA NA NA NA NA NA NA NA NA NA NA NA NA NA NA NA NA NA NA NA NA NA NA NA NA NA NA NA NA NA NA NA NA NA NA NA NA NA NA NA NA NA NA NA NA NA NA NA NA NA NA NA NA NA NA NA NA NA NA NA NA NA NA NA NA NA NA NA NA NA NA NA NA NA NA NA NA NA NA NA NA NA NA NA NA NA NA NA NA NA NA NA NA NA NA NA NA NA NA NA NA NA
NA NA NA NA NA NA NA NA NA NA NA NA NA NA NA NA NA NA NA NA NA NA NA NA NA NA NA NA NA NA NA 215 215 215 215 215 215 215 215 215 215 215 215 215 215 215 215 215 215 215 215 215 215 215 215 215 214 214 214 214 214 214 214 214 214 214 214 214 214 214 214 214 214 213 213 213 213 213 213 213 213 213 213 213 213 213 213 213 213 212 212 212 212 212 212 212 212 212 212 212 212 212 212 212 212 212 211 211 211 211 211 211 211 211 211 211 211 211 211 211 211 211 210 210 210 210 210 210 210 210 210 210 210 210 210 210 210 209 209 209 209 209 209 209 209 209 209 209 209 209 209 208 208 208 208 208 208 208 208 208 208 208 208 208 208 208 208 207 207 207 207 207 207 207 207 207 207 207 207 207 207 206 206 206 206 206 206 206 206 206 206 206 206 206 206 206 205 205 205 205 205 205 205 205 205 205 205 205 205 204 204 204 204 204 204 204 204 204 204 204 204 203 203 203 203 203 203 203 203 203 203 203 202 202 202 202 202 202 202 202 202 NA NA NA NA NA NA NA NA NA NA NA NA NA NA NA NA NA NA NA NA NA NA NA NA NA NA NA NA NA NA NA NA NA NA NA NA NA NA NA NA NA NA NA NA NA NA NA NA NA NA NA NA NA NA NA NA NA NA NA NA NA NA NA NA NA NA NA NA NA NA NA NA NA NA NA NA NA NA NA NA NA NA NA NA NA NA NA NA NA NA NA NA NA NA NA NA NA NA NA NA NA NA NA NA NA NA NA NA NA NA NA NA NA NA NA NA NA NA NA NA NA NA NA NA NA NA NA NA NA NA NA NA NA NA NA NA NA NA NA NA NA NA NA NA NA NA NA NA NA NA NA NA NA NA NA NA NA NA NA NA NA NA NA NA NA NA NA NA NA NA NA NA NA NA NA NA NA NA NA NA NA NA NA NA NA NA NA NA NA NA NA NA NA NA NA NA NA NA NA NA NA NA NA NA NA NA NA NA NA NA NA NA NA NA NA NA NA NA NA NA NA NA NA NA NA NA NA NA NA NA NA NA NA NA NA NA NA NA NA NA NA NA NA NA NA NA NA NA NA NA NA NA NA NA NA NA NA NA NA NA NA NA
NA NA NA NA NA NA NA NA NA NA NA NA NA NA NA NA NA NA NA NA NA NA NA NA NA NA NA NA NA NA NA NA NA 215 215 215 215 215 215 215 215 215 215 215 215 215 215 215 215 215 215 215 215 215 215 215 215 214 214 214 214 214 214 214 214 214 214 214 214 214 214 214 214 214 213 213 213 213 213 213 213 213 213 213 213 213 213 213 213 213 213 212 212 212 212 212 212 212 212 212 212 212 212 212 212 212 212 211 211 211 211 211 211 211 211 211 211 211 211 211 211 211 211 210 210 210 210 210 210 210 210 210 210 210 210 210 210 210 209 209 209 209 209 209 209 209 209 209 209 209 209 209 209 208 208 208 208 208 208 208 208 208 208 208 208 208 208 208 207 207 207 207 207 207 207 207 207 207 207 207 207 207 206 206 206 206 206 206 206 206 206 206 206 206 206 206 206 205 205 205 205 205 205 205 205 205 205 205 205 205 204 204 204 204 204 204 204 204 204 204 204 204 203 203 203 203 203 203 203 203 203 203 203 202 202 202 202 202 202 202 NA NA NA NA NA NA NA NA NA NA NA NA NA NA NA NA NA NA NA NA NA NA NA NA NA NA NA NA NA NA NA NA NA NA NA NA NA NA NA NA NA NA NA NA NA NA NA NA NA NA NA NA NA NA NA NA NA NA NA NA NA NA NA NA NA NA NA NA NA NA NA NA NA NA NA NA NA NA NA NA NA NA NA NA NA NA NA NA NA NA NA NA NA NA NA NA NA NA NA NA NA NA NA NA NA NA NA NA NA NA NA NA NA NA NA NA NA NA NA NA NA NA NA NA NA NA NA NA NA NA NA NA NA NA NA NA NA NA NA NA NA NA NA NA NA NA NA NA NA NA NA NA NA NA NA NA NA NA NA NA NA NA NA NA NA NA NA NA NA NA NA NA NA NA NA NA NA NA NA NA NA NA NA NA NA NA NA NA NA NA NA NA NA NA NA NA NA NA NA NA NA NA NA NA NA NA NA NA NA NA NA NA NA NA NA NA NA NA NA NA NA NA NA NA NA NA NA NA NA NA NA NA NA NA NA NA NA NA NA NA NA NA NA NA NA NA NA NA NA NA NA NA NA NA NA NA NA NA NA NA NA NA NA
NA NA NA NA NA NA NA NA NA NA NA NA NA NA NA NA NA NA NA NA NA NA NA NA NA NA NA NA NA NA NA NA NA NA 215 215 215 215 215 215 215 215 215 215 215 215 215 215 215 215 215 215 215 215 215 215 215 215 214 214 214 214 214 214 214 214 214 214 214 214 214 214 214 214 214 214 213 213 213 213 213 213 213 213 213 213 213 213 213 213 213 213 213 212 212 212 212 212 212 212 212 212 212 212 212 212 212 212 212 211 211 211 211 211 211 211 211 211 211 211 211 211 211 211 211 210 210 210 210 210 210 210 210 210 210 210 210 210 210 209 209 209 209 209 209 209 209 209 209 209 209 209 209 209 208 208 208 208 208 208 208 208 208 208 208 208 208 208 208 207 207 207 207 207 207 207 207 207 207 207 207 207 207 206 206 206 206 206 206 206 206 206 206 206 206 206 206 206 206 205 205 205 205 205 205 205 205 205 205 205 205 204 204 204 204 204 204 204 204 204 204 204 204 203 203 203 203 203 203 203 203 203 203 203 203 202 202 202 NA NA NA NA NA NA NA NA NA NA NA NA NA NA NA NA NA NA NA NA NA NA NA NA NA NA NA NA NA NA NA NA NA NA NA NA NA NA NA NA NA NA NA NA NA NA NA NA NA NA NA NA NA NA NA NA NA NA NA NA NA NA NA NA NA NA NA NA NA NA NA NA NA NA NA NA NA NA NA NA NA NA NA NA NA NA NA NA NA NA NA NA NA NA NA NA NA NA NA NA NA NA NA NA NA NA NA NA NA NA NA NA NA NA NA NA NA NA NA NA NA NA NA NA NA NA NA NA NA NA NA NA NA NA NA NA NA NA NA NA NA NA NA NA NA NA NA NA NA NA NA NA NA NA NA NA NA NA NA NA NA NA NA NA NA NA NA NA NA NA NA NA NA NA NA NA NA NA NA NA NA NA NA NA NA NA NA NA NA NA NA NA NA NA NA NA NA NA NA NA NA NA NA NA NA NA NA NA NA NA NA NA NA NA NA NA NA NA NA NA NA NA NA NA NA NA NA NA NA NA NA NA NA NA NA NA NA NA NA NA NA NA NA NA NA NA NA NA NA NA NA NA NA NA NA NA NA NA NA NA NA NA NA NA NA
NA NA NA NA NA NA NA NA NA NA NA NA NA NA NA NA NA NA NA NA NA NA NA NA NA NA NA NA NA NA NA NA NA NA 215 215 215 215 215 215 215 215 215 215 215 215 215 215 215 215 215 215 215 215 215 215 215 215 215 215 214 214 214 214 214 214 214 214 214 214 214 214 214 214 214 214 214 213 213 213 213 213 213 213 213 213 213 213 213 213 213 213 213 213 212 212 212 212 212 212 212 212 212 212 212 212 212 212 212 212 211 211 211 211 211 211 211 211 211 211 211 211 211 211 211 211 210 210 210 210 210 210 210 210 210 210 210 210 210 210 209 209 209 209 209 209 209 209 209 209 209 209 209 209 209 208 208 208 208 208 208 208 208 208 208 208 208 208 208 208 208 207 207 207 207 207 207 207 207 207 207 207 207 207 206 206 206 206 206 206 206 206 206 206 206 206 206 206 206 206 205 205 205 205 205 205 205 205 205 205 205 205 204 204 204 204 204 204 204 204 204 204 204 204 203 203 203 203 203 203 203 203 203 203 203 203 NA NA NA NA NA NA NA NA NA NA NA NA NA NA NA NA NA NA NA NA NA NA NA NA NA NA NA NA NA NA NA NA NA NA NA NA NA NA NA NA NA NA NA NA NA NA NA NA NA NA NA NA NA NA NA NA NA NA NA NA NA NA NA NA NA NA NA NA NA NA NA NA NA NA NA NA NA NA NA NA NA NA NA NA NA NA NA NA NA NA NA NA NA NA NA NA NA NA NA NA NA NA NA NA NA NA NA NA NA NA NA NA NA NA NA NA NA NA NA NA NA NA NA NA NA NA NA NA NA NA NA NA NA NA NA NA NA NA NA NA NA NA NA NA NA NA NA NA NA NA NA NA NA NA NA NA NA NA NA NA NA NA NA NA NA NA NA NA NA NA NA NA NA NA NA NA NA NA NA NA NA NA NA NA NA NA NA NA NA NA NA NA NA NA NA NA NA NA NA NA NA NA NA NA NA NA NA NA NA NA NA NA NA NA NA NA NA NA NA NA NA NA NA NA NA NA NA NA NA NA NA NA NA NA NA NA NA NA NA NA NA NA NA NA NA NA NA NA NA NA NA NA NA NA NA NA NA NA NA NA NA NA NA NA NA NA NA
NA NA NA NA NA NA NA NA NA NA NA NA NA NA NA NA NA NA NA NA NA NA NA NA NA NA NA NA NA NA NA NA NA NA 215 215 215 215 215 215 215 215 216 215 215 215 215 215 215 215 215 215 215 215 215 215 215 215 215 215 215 214 214 214 214 214 214 214 214 214 214 214 214 214 214 214 214 214 213 213 213 213 213 213 213 213 213 213 213 213 213 213 213 213 213 213 212 212 212 212 212 212 212 212 212 212 212 212 212 212 212 211 211 211 211 211 211 211 211 211 211 211 211 211 211 211 211 210 210 210 210 210 210 210 210 210 210 210 210 210 210 210 209 209 209 209 209 209 209 209 209 209 209 209 209 209 208 208 208 208 208 208 208 208 208 208 208 208 208 208 208 208 207 207 207 207 207 207 207 207 207 207 207 207 207 207 206 206 206 206 206 206 206 206 206 206 206 206 206 206 206 205 205 205 205 205 205 205 205 205 205 205 205 205 204 204 204 204 204 204 204 204 204 204 204 203 203 203 203 203 203 203 203 203 203 NA NA NA NA NA NA NA NA NA NA NA NA NA NA NA NA NA NA NA NA NA NA NA NA NA NA NA NA NA NA NA NA NA NA NA NA NA NA NA NA NA NA NA NA NA NA NA NA NA NA NA NA NA NA NA NA NA NA NA NA NA NA NA NA NA NA NA NA NA NA NA NA NA NA NA NA NA NA NA NA NA NA NA NA NA NA NA NA NA NA NA NA NA NA NA NA NA NA NA NA NA NA NA NA NA NA NA NA NA NA NA NA NA NA NA NA NA NA NA NA NA NA NA NA NA NA NA NA NA NA NA NA NA NA NA NA NA NA NA NA NA NA NA NA NA NA NA NA NA NA NA NA NA NA NA NA NA NA NA NA NA NA NA NA NA NA NA NA NA NA NA NA NA NA NA NA NA NA NA NA NA NA NA NA NA NA NA NA NA NA NA NA NA NA NA NA NA NA NA NA NA NA NA NA NA NA NA NA NA NA NA NA NA NA NA NA NA NA NA NA NA NA NA NA NA NA NA NA NA NA NA NA NA NA NA NA NA NA NA NA NA NA NA NA NA NA NA NA NA NA NA NA NA NA NA NA NA NA NA NA NA NA NA NA NA NA NA NA
NA NA NA NA NA NA NA NA NA NA NA NA NA NA NA NA NA NA NA NA NA 216 216 216 216 216 NA NA NA NA NA 216 216 216 216 215 215 215 215 215 215 215 216 216 215 215 215 215 215 215 215 215 215 215 215 215 215 215 215 215 215 215 214 214 214 214 214 214 214 214 214 214 214 214 214 214 214 214 214 213 213 213 213 213 213 213 213 213 213 213 213 213 213 213 213 213 213 212 212 212 212 212 212 212 212 212 212 212 212 212 212 212 211 211 211 211 211 211 211 211 211 211 211 211 211 211 211 211 210 210 210 210 210 210 210 210 210 210 210 210 210 210 210 209 209 209 209 209 209 209 209 209 209 209 209 209 209 209 208 208 208 208 208 208 208 208 208 208 208 208 208 208 208 207 207 207 207 207 207 207 207 207 207 207 207 207 207 206 206 206 206 206 206 206 206 206 206 206 206 206 206 206 206 205 205 205 205 205 205 205 205 205 205 205 205 204 204 204 204 204 204 204 204 204 204 204 204 203 203 203 203 203 203 203 203 NA NA NA NA NA NA NA NA NA NA NA NA NA NA NA NA NA NA NA NA NA NA NA NA NA NA NA NA NA NA NA NA NA NA NA NA NA NA NA NA NA NA NA NA NA NA NA NA NA NA NA NA NA NA NA NA NA NA NA NA NA NA NA NA NA NA NA NA NA NA NA NA NA NA NA NA NA NA NA NA NA NA NA NA NA NA NA NA NA NA NA NA NA NA NA NA NA NA NA NA NA NA NA NA NA NA NA NA NA NA NA NA NA NA NA NA NA NA NA NA NA NA NA NA NA NA NA NA NA NA NA NA NA NA NA NA NA NA NA NA NA NA NA NA NA NA NA NA NA NA NA NA NA NA NA NA NA NA NA NA NA NA NA NA NA NA NA NA NA NA NA NA NA NA NA NA NA NA NA NA NA NA NA NA NA NA NA NA NA NA NA NA NA NA NA NA NA NA NA NA NA NA NA NA NA NA NA NA NA NA NA NA NA NA NA NA NA NA NA NA NA NA NA NA NA NA NA NA NA NA NA NA NA NA NA NA NA NA NA NA NA NA NA NA NA NA NA NA NA NA NA NA NA NA NA NA NA NA NA NA NA NA NA NA NA NA NA NA
NA NA NA NA NA NA NA NA NA NA NA NA NA NA NA NA NA NA NA NA NA 216 216 216 216 216 216 216 216 216 216 216 216 216 216 216 216 215 215 215 215 215 216 216 216 215 215 215 215 215 215 215 215 215 215 215 215 215 215 215 215 215 215 215 214 214 214 214 214 214 214 214 214 214 214 214 214 214 214 214 214 213 213 213 213 213 213 213 213 213 213 213 213 213 213 213 213 213 212 212 212 212 212 212 212 212 212 212 212 212 212 212 212 211 211 211 211 211 211 211 211 211 211 211 211 211 211 211 211 210 210 210 210 210 210 210 210 210 210 210 210 210 210 210 209 209 209 209 209 209 209 209 209 209 209 209 209 209 209 208 208 208 208 208 208 208 208 208 208 208 208 208 208 208 207 207 207 207 207 207 207 207 207 207 207 207 207 207 206 206 206 206 206 206 206 206 206 206 206 206 206 206 206 206 205 205 205 205 205 205 205 205 205 205 205 205 204 204 204 204 204 204 204 204 204 204 204 204 203 203 203 203 203 203 203 203 203 203 203 203 202 202 NA NA NA NA NA NA NA NA NA NA NA NA NA NA NA NA NA NA NA NA NA NA NA NA NA NA NA NA NA NA NA NA NA NA NA NA NA NA NA NA NA NA NA NA NA NA NA NA NA NA NA NA NA NA NA NA NA NA NA NA NA NA NA NA NA NA NA NA NA NA NA NA NA NA NA NA NA NA NA NA NA NA NA NA NA NA NA NA NA NA NA NA NA NA NA NA NA NA NA NA NA NA NA NA NA NA NA NA NA NA NA NA NA NA NA NA NA NA NA NA NA NA NA NA NA NA NA NA NA NA NA NA NA NA NA NA NA NA NA NA NA NA NA NA NA NA NA NA NA NA NA NA NA NA NA NA NA NA NA NA NA NA NA NA NA NA NA NA NA NA NA NA NA NA NA NA NA NA NA NA NA NA NA NA NA NA NA NA NA NA NA NA NA NA NA NA NA NA NA NA NA NA NA NA NA NA NA NA NA NA NA NA NA NA NA NA NA NA NA NA NA NA NA NA NA NA NA NA NA NA NA NA NA NA NA NA NA NA NA NA NA NA NA NA NA NA NA NA NA NA NA NA NA NA NA NA NA NA NA NA NA
NA NA NA NA NA NA NA NA NA NA NA NA NA NA NA NA NA NA NA NA NA 216 216 216 216 216 216 216 216 216 216 216 216 216 216 216 216 216 215 215 215 215 216 216 216 216 216 216 215 215 215 215 215 215 215 215 215 215 215 215 215 215 215 215 215 214 214 214 214 214 214 214 214 214 214 214 214 214 214 214 214 214 213 213 213 213 213 213 213 213 213 213 213 213 213 213 213 213 213 212 212 212 212 212 212 212 212 212 212 212 212 212 212 212 211 211 211 211 211 211 211 211 211 211 211 211 211 211 211 211 210 210 210 210 210 210 210 210 210 210 210 210 210 210 210 210 209 209 209 209 209 209 209 209 209 209 209 209 209 209 208 208 208 208 208 208 208 208 208 208 208 208 208 208 208 208 207 207 207 207 207 207 207 207 207 207 207 207 207 206 206 206 206 206 206 206 206 206 206 206 206 206 206 206 206 205 205 205 205 205 205 205 205 205 205 205 205 204 204 204 204 204 204 204 204 204 204 204 204 203 203 203 203 203 203 203 203 203 203 203 203 202 203 203 NA NA NA NA NA NA NA NA NA NA NA NA NA NA NA NA NA NA NA NA NA NA NA NA NA NA NA NA NA NA NA NA NA NA NA NA NA NA NA NA NA NA NA NA NA NA NA NA NA NA NA NA NA NA NA NA NA NA NA NA NA NA NA NA NA NA NA NA NA NA NA NA NA NA NA NA NA NA NA NA NA NA NA NA NA NA NA NA NA NA NA NA NA NA NA NA NA NA NA NA NA NA NA NA NA NA NA NA NA NA NA NA NA NA NA NA NA NA NA NA NA NA NA NA NA NA NA NA NA NA NA NA NA NA NA NA NA NA NA NA NA NA NA NA NA NA NA NA NA NA NA NA NA NA NA NA NA NA NA NA NA NA NA NA NA NA NA NA NA NA NA NA NA NA NA NA NA NA NA NA NA NA NA NA NA NA NA NA NA NA NA NA NA NA NA NA NA NA NA NA NA NA NA NA NA NA NA NA NA NA NA NA NA NA NA NA NA NA NA NA NA NA NA NA NA NA NA NA NA NA NA NA NA NA NA NA NA NA NA NA NA NA NA NA NA NA NA NA NA NA NA NA NA NA NA NA NA NA NA
NA NA NA NA NA NA NA NA NA NA NA NA NA NA NA NA NA NA NA NA NA 216 216 216 216 216 216 216 216 216 216 216 216 216 216 216 216 216 216 215 215 215 216 216 216 216 216 216 216 215 215 215 215 215 215 215 215 215 215 215 215 215 215 215 215 215 214 214 214 214 214 214 214 214 214 214 214 214 214 214 214 214 214 213 213 213 213 213 213 213 213 213 213 213 213 213 213 213 213 213 212 212 212 212 212 212 212 212 212 212 212 212 212 212 212 212 211 211 211 211 211 211 211 211 211 211 211 211 211 211 211 210 210 210 210 210 210 210 210 210 210 210 210 210 210 210 210 209 209 209 209 209 209 209 209 209 209 209 209 209 209 209 208 208 208 208 208 208 208 208 208 208 208 208 208 208 208 207 207 207 207 207 207 207 207 207 207 207 207 207 207 206 207 207 206 206 206 206 206 206 206 206 206 206 206 206 205 205 205 205 205 205 205 205 205 205 205 205 205 204 204 204 204 204 204 204 204 204 204 204 204 203 203 203 203 203 203 203 203 203 203 203 203 203 203 202 NA NA NA NA NA NA NA NA NA NA NA NA NA NA NA NA NA NA NA NA NA NA NA NA NA NA NA NA NA NA NA NA NA NA NA NA NA NA NA NA NA NA NA NA NA NA NA NA NA NA NA NA NA NA NA NA NA NA NA NA NA NA NA NA NA NA NA NA NA NA NA NA NA NA NA NA NA NA NA NA NA NA NA NA NA NA NA NA NA NA NA NA NA NA NA NA NA NA NA NA NA NA NA NA NA NA NA NA NA NA NA NA NA NA NA NA NA NA NA NA NA NA NA NA NA NA NA NA NA NA NA NA NA NA NA NA NA NA NA NA NA NA NA NA NA NA NA NA NA NA NA NA NA NA NA NA NA NA NA NA NA NA NA NA NA NA NA NA NA NA NA NA NA NA NA NA NA NA NA NA NA NA NA NA NA NA NA NA NA NA NA NA NA NA NA NA NA NA NA NA NA NA NA NA NA NA NA NA NA NA NA NA NA NA NA NA NA NA NA NA NA NA NA NA NA NA NA NA NA NA NA NA NA NA NA NA NA NA NA NA NA NA NA NA NA NA NA NA NA NA NA NA NA NA NA NA NA
NA NA NA NA NA NA NA NA NA NA NA NA NA NA NA NA NA NA NA NA 217 216 216 216 216 216 216 216 216 216 216 216 216 216 216 216 216 216 216 216 215 215 216 216 216 216 216 216 216 216 215 215 215 215 215 215 215 215 215 215 215 215 215 215 215 215 215 215 214 214 214 214 214 214 214 214 214 214 214 214 214 214 214 214 214 213 213 213 213 213 213 213 213 213 213 213 213 213 213 213 213 212 212 212 212 212 212 212 212 212 212 212 212 212 212 212 212 211 211 211 211 211 211 211 211 211 211 211 211 211 211 211 210 210 210 210 210 210 210 210 210 210 210 210 210 210 210 210 209 209 209 209 209 209 209 209 209 209 209 209 209 209 209 208 208 208 208 208 208 208 208 208 208 208 208 208 208 208 207 207 207 207 207 207 207 207 207 207 207 207 207 207 207 207 207 206 206 206 206 206 206 206 206 206 206 206 206 206 205 205 205 205 205 205 205 205 205 205 205 205 204 204 204 204 204 204 204 204 204 204 204 204 203 203 203 203 203 203 203 203 203 203 203 203 203 203 203 NA NA NA NA NA NA NA NA NA NA NA NA NA NA NA NA NA NA NA NA NA NA NA NA NA NA NA NA NA NA NA NA NA NA NA NA NA NA NA NA NA NA NA NA NA NA NA NA NA NA NA NA NA NA NA NA NA NA NA NA NA NA NA NA NA NA NA NA NA NA NA NA NA NA NA NA NA NA NA NA NA NA NA NA NA NA NA NA NA NA NA NA NA NA NA NA NA NA NA NA NA NA NA NA NA NA NA NA NA NA NA NA NA NA NA NA NA NA NA NA NA NA NA NA NA NA NA NA NA NA NA NA NA NA NA NA NA NA NA NA NA NA NA NA NA NA NA NA NA NA NA NA NA NA NA NA NA NA NA NA NA NA NA NA NA NA NA NA NA NA NA NA NA NA NA NA NA NA NA NA NA NA NA NA NA NA NA NA NA NA NA NA NA NA NA NA NA NA NA NA NA NA NA NA NA NA NA NA NA NA NA NA NA NA NA NA NA NA NA NA NA NA NA NA NA NA NA NA NA NA NA NA NA NA NA NA NA NA NA NA NA NA NA NA NA NA NA NA NA NA NA NA NA NA NA NA
NA NA NA NA NA NA NA NA NA NA NA NA NA NA NA NA NA NA NA NA NA 217 216 216 216 216 216 216 216 216 216 216 216 216 216 216 216 216 216 216 216 215 216 216 216 216 216 216 216 216 216 216 215 215 215 215 215 215 215 215 215 215 215 215 215 215 215 215 215 214 214 214 214 214 214 214 214 214 214 214 214 214 214 214 214 214 213 213 213 213 213 213 213 213 213 213 213 213 213 213 213 213 213 212 212 212 212 212 212 212 212 212 212 212 212 212 212 212 211 211 211 211 211 211 211 211 211 211 211 211 211 211 211 210 210 210 210 210 210 210 210 210 210 210 210 210 210 210 210 210 209 209 209 209 209 209 209 209 209 209 209 209 209 209 208 208 208 208 208 208 208 208 208 208 208 208 208 208 208 207 207 207 207 207 207 207 207 207 207 207 207 207 207 207 207 207 206 206 206 206 206 206 206 206 206 206 206 206 206 205 205 205 205 205 205 205 205 205 205 205 205 204 204 204 204 204 204 204 204 204 204 204 204 203 203 203 203 203 203 203 203 203 203 203 203 203 203 203 NA NA NA NA NA NA NA NA NA NA NA NA NA NA NA NA NA NA NA NA NA NA NA NA NA NA NA NA NA NA NA NA NA NA NA NA NA NA NA NA NA NA NA NA NA NA NA NA NA NA NA NA NA NA NA NA NA NA NA NA NA NA NA NA NA NA NA NA NA NA NA NA NA NA NA NA NA NA NA NA NA NA NA NA NA NA NA NA NA NA NA NA NA NA NA NA NA NA NA NA NA NA NA NA NA NA NA NA NA NA NA NA NA NA NA NA NA NA NA NA NA NA NA NA NA NA NA NA NA NA NA NA NA NA NA NA NA NA NA NA NA NA NA NA NA NA NA NA NA NA NA NA NA NA NA NA NA NA NA NA NA NA NA NA NA NA NA NA NA NA NA NA NA NA NA NA NA NA NA NA NA NA NA NA NA NA NA NA NA NA NA NA NA NA NA NA NA NA NA NA NA NA NA NA NA NA NA NA NA NA NA NA NA NA NA NA NA NA NA NA NA NA NA NA NA NA NA NA NA NA NA NA NA NA NA NA NA NA NA NA NA NA NA NA NA NA NA NA NA NA NA NA NA NA NA
NA NA NA NA NA NA NA NA NA NA NA NA NA NA NA NA NA NA NA NA NA NA 217 216 216 216 216 216 216 216 216 216 216 216 216 216 216 216 216 216 216 216 216 216 216 216 216 216 216 216 216 216 215 215 215 215 215 215 215 215 215 215 215 215 215 215 215 215 215 215 214 214 214 214 214 214 214 214 214 214 214 214 214 214 214 214 214 213 213 213 213 213 213 213 213 213 213 213 213 213 213 213 213 213 212 212 212 212 212 212 212 212 212 212 212 212 212 212 212 211 211 211 211 211 211 211 211 211 211 211 211 211 211 211 211 210 210 210 210 210 210 210 210 210 210 210 210 210 210 210 210 209 209 209 209 209 209 209 209 209 209 209 209 209 209 209 208 208 208 208 208 208 208 208 208 208 208 208 208 208 208 207 207 207 207 207 207 207 207 207 207 207 207 207 207 207 207 207 206 206 206 206 206 206 206 206 206 206 206 206 205 205 205 205 205 205 205 205 205 205 205 205 205 204 204 204 204 204 204 204 204 204 204 204 203 203 203 203 203 203 203 203 203 203 203 203 203 NA NA NA NA NA NA NA NA NA NA NA NA NA NA NA NA NA NA NA NA NA NA NA NA NA NA NA NA NA NA NA NA NA NA NA NA NA NA NA NA NA NA NA NA NA NA NA NA NA NA NA NA NA NA NA NA NA NA NA NA NA NA NA NA NA NA NA NA NA NA NA NA NA NA NA NA NA NA NA NA NA NA NA NA NA NA NA NA NA NA NA NA NA NA NA NA NA NA NA NA NA NA NA NA NA NA NA NA NA NA NA NA NA NA NA NA NA NA NA NA NA NA NA NA NA NA NA NA NA NA NA NA NA NA NA NA NA NA NA NA NA NA NA NA NA NA NA NA NA NA NA NA NA NA NA NA NA NA NA NA NA NA NA NA NA NA NA NA NA NA NA NA NA NA NA NA NA NA NA NA NA NA NA NA NA NA NA NA NA NA NA NA NA NA NA NA NA NA NA NA NA NA NA NA NA NA NA NA NA NA NA NA NA NA NA NA NA NA NA NA NA NA NA NA NA NA NA NA NA NA NA NA NA NA NA NA NA NA NA NA NA NA NA NA NA NA NA NA NA NA NA NA NA NA NA NA
NA NA NA NA NA NA NA NA NA NA NA NA NA NA NA NA NA NA NA NA NA NA NA NA 216 216 216 216 216 216 216 216 216 216 216 216 216 216 216 216 216 216 216 216 216 216 216 216 216 216 216 216 216 216 215 215 215 215 215 215 215 215 215 215 215 215 215 215 215 215 215 215 214 214 214 214 214 214 214 214 214 214 214 214 214 214 214 214 213 213 213 213 213 213 213 213 213 213 213 213 213 213 213 213 213 212 212 212 212 212 212 212 212 212 212 212 212 212 212 212 211 211 211 211 211 211 211 211 211 211 211 211 211 211 211 211 210 210 210 210 210 210 210 210 210 210 210 210 210 210 210 210 209 209 209 209 209 209 209 209 209 209 209 209 209 209 209 208 208 208 208 208 208 208 208 208 208 208 208 208 208 208 207 207 207 207 207 207 207 207 207 207 207 207 207 207 207 207 207 206 206 206 206 206 206 206 206 206 206 206 206 206 205 205 205 205 205 205 205 205 205 205 205 205 204 204 204 204 204 204 204 204 204 204 204 204 203 203 203 203 203 203 203 203 203 203 NA NA NA NA NA NA NA NA NA NA NA NA NA NA NA NA NA NA NA NA NA NA NA NA NA NA NA NA NA NA NA NA NA NA NA NA NA NA NA NA NA NA NA NA NA NA NA NA NA NA NA NA NA NA NA NA NA NA NA NA NA NA NA NA NA NA NA NA NA NA NA NA NA NA NA NA NA NA NA NA NA NA NA NA NA NA NA NA NA NA NA NA NA NA NA NA NA NA NA NA NA NA NA NA NA NA NA NA NA NA NA NA NA NA NA NA NA NA NA NA NA NA NA NA NA NA NA NA NA NA NA NA NA NA NA NA NA NA NA NA NA NA NA NA NA NA NA NA NA NA NA NA NA NA NA NA NA NA NA NA NA NA NA NA NA NA NA NA NA NA NA NA NA NA NA NA NA NA NA NA NA NA NA NA NA NA NA NA NA NA NA NA NA NA NA NA NA NA NA NA NA NA NA NA NA NA NA NA NA NA NA NA NA NA NA NA NA NA NA NA NA NA NA NA NA NA NA NA NA NA NA NA NA NA NA NA NA NA NA NA NA NA NA NA NA NA NA NA NA NA NA NA NA NA NA NA NA
NA NA NA NA NA NA NA NA NA NA NA NA NA NA NA NA NA NA NA NA NA NA NA NA NA 217 216 216 216 216 216 216 216 216 216 216 216 216 216 216 216 216 216 216 216 216 216 216 216 216 216 216 216 216 216 216 215 215 215 215 215 215 215 215 215 215 215 215 215 215 215 215 215 214 214 214 214 214 214 214 214 214 214 214 214 214 214 214 214 214 213 213 213 213 213 213 213 213 213 213 213 213 213 213 213 213 212 212 212 212 212 212 212 212 212 212 212 212 212 212 212 211 211 211 211 211 211 211 211 211 211 211 211 211 211 211 211 210 210 210 210 210 210 210 210 210 210 210 210 210 210 210 210 209 209 209 209 209 209 209 209 209 209 209 209 209 209 209 209 208 208 208 208 208 208 208 208 208 208 208 208 208 208 208 207 207 207 207 207 207 207 207 207 207 207 207 207 207 207 207 206 206 206 206 206 206 206 206 206 206 206 206 206 205 205 205 205 205 205 205 205 205 205 205 205 204 204 204 204 204 204 204 204 204 204 204 204 203 203 203 203 203 203 203 203 203 203 203 203 NA NA NA NA NA NA NA NA NA NA NA NA NA NA NA NA NA NA NA NA NA NA NA NA NA NA NA NA NA NA NA NA NA NA NA NA NA NA NA NA NA NA NA NA NA NA NA NA NA NA NA NA NA NA NA NA NA NA NA NA NA NA NA NA NA NA NA NA NA NA NA NA NA NA NA NA NA NA NA NA NA NA NA NA NA NA NA NA NA NA NA NA NA NA NA NA NA NA NA NA NA NA NA NA NA NA NA NA NA NA NA NA NA NA NA NA NA NA NA NA NA NA NA NA NA NA NA NA NA NA NA NA NA NA NA NA NA NA NA NA NA NA NA NA NA NA NA NA NA NA NA NA NA NA NA NA NA NA NA NA NA NA NA NA NA NA NA NA NA NA NA NA NA NA NA NA NA NA NA NA NA NA NA NA NA NA NA NA NA NA NA NA NA NA NA NA NA NA NA NA NA NA NA NA NA NA NA NA NA NA NA NA NA NA NA NA NA NA NA NA NA NA NA NA NA NA NA NA NA NA NA NA NA NA NA NA NA NA NA NA NA NA NA NA NA NA NA NA NA NA NA NA NA NA
NA NA NA NA NA NA NA NA NA NA NA NA NA NA NA NA NA NA NA NA NA NA NA NA NA NA 217 217 217 217 217 217 217 216 216 216 216 216 216 216 216 216 216 216 216 216 216 216 216 216 216 216 216 216 216 216 216 216 215 215 215 215 215 215 215 215 215 215 215 215 215 215 215 215 215 214 214 214 214 214 214 214 214 214 214 214 214 214 214 214 214 213 214 213 213 213 213 213 213 213 213 213 213 213 213 213 213 213 212 212 212 212 212 212 212 212 212 212 212 212 212 212 212 211 211 211 211 211 211 211 211 211 211 211 211 211 211 211 211 210 210 210 210 210 210 210 210 210 210 210 210 210 210 210 209 209 209 209 209 209 209 209 209 209 209 209 209 209 209 209 208 208 208 208 208 208 208 208 208 208 208 208 208 208 208 207 207 207 207 207 207 207 207 207 207 207 207 207 206 206 206 206 206 206 206 206 206 206 206 206 206 205 205 205 205 205 205 205 205 205 205 205 205 205 204 204 204 204 204 204 204 204 204 204 204 204 203 203 203 203 203 203 203 203 203 203 203 203 203 203 203 203 202 NA NA NA NA NA NA NA NA NA NA NA NA NA NA NA NA NA NA NA NA NA NA NA NA NA NA NA NA NA NA NA NA NA NA NA NA NA NA NA NA NA NA NA NA NA NA NA NA NA NA NA NA NA NA NA NA NA NA NA NA NA NA NA NA NA NA NA NA NA NA NA NA NA NA NA NA NA NA NA NA NA NA NA NA NA NA NA NA NA NA NA NA NA NA NA NA NA NA NA NA NA NA NA NA NA NA NA NA NA NA NA NA NA NA NA NA NA NA NA NA NA NA NA NA NA NA NA NA NA NA NA NA NA NA NA NA NA NA NA NA NA NA NA NA NA NA NA NA NA NA NA NA NA NA NA NA NA NA NA NA NA NA NA NA NA NA NA NA NA NA NA NA NA NA NA NA NA NA NA NA NA NA NA NA NA NA NA NA NA NA NA NA NA NA NA NA NA NA NA NA NA NA NA NA NA NA NA NA NA NA NA NA NA NA NA NA NA NA NA NA NA NA NA NA NA NA NA NA NA NA NA NA NA NA NA NA NA NA NA NA NA NA NA NA NA NA NA NA NA NA
NA NA NA NA NA NA NA NA NA NA NA NA NA NA NA NA NA NA NA NA NA NA NA NA NA 217 217 217 217 217 217 217 217 217 217 216 216 216 216 216 216 216 216 216 216 216 216 216 216 216 216 216 216 216 216 216 216 216 216 215 215 215 215 215 215 215 215 215 215 215 215 215 215 215 215 215 214 214 214 214 214 214 214 214 214 214 214 214 214 214 214 214 214 214 213 213 213 213 213 213 213 213 213 213 213 213 213 213 213 212 212 212 212 212 212 212 212 212 212 212 212 212 212 212 211 211 211 211 211 211 211 211 211 211 211 211 211 211 211 211 211 210 210 210 210 210 210 210 210 210 210 210 210 210 210 210 209 209 209 209 209 209 209 209 209 209 209 209 209 209 209 208 208 208 208 208 208 208 208 208 208 208 208 208 208 208 207 207 207 207 207 207 207 207 207 207 207 207 207 207 206 206 206 206 206 206 206 206 206 206 206 206 206 205 205 205 205 205 205 205 205 205 205 205 205 204 204 204 204 204 204 204 204 204 204 204 204 204 203 203 203 203 204 203 203 203 203 203 203 203 203 203 203 NA NA NA NA NA NA NA NA NA NA NA NA NA NA NA NA NA NA NA NA NA NA NA NA NA NA NA NA NA NA NA NA NA NA NA NA NA NA NA NA NA NA NA NA NA NA NA NA NA NA NA NA NA NA NA NA NA NA NA NA NA NA NA NA NA NA NA NA NA NA NA NA NA NA NA NA NA NA NA NA NA NA NA NA NA NA NA NA NA NA NA NA NA NA NA NA NA NA NA NA NA NA NA NA NA NA NA NA NA NA NA NA NA NA NA NA NA NA NA NA NA NA NA NA NA NA NA NA NA NA NA NA NA NA NA NA NA NA NA NA NA NA NA NA NA NA NA NA NA NA NA NA NA NA NA NA NA NA NA NA NA NA NA NA NA NA NA NA NA NA NA NA NA NA NA NA NA NA NA NA NA NA NA NA NA NA NA NA NA NA NA NA NA NA NA NA NA NA NA NA NA NA NA NA NA NA NA NA NA NA NA NA NA NA NA NA NA NA NA NA NA NA NA NA NA NA NA NA NA NA NA NA NA NA NA NA NA NA NA NA NA NA NA NA NA NA NA NA NA NA
NA NA NA NA NA NA NA NA NA NA NA NA NA NA NA NA NA NA NA 217 217 217 217 217 217 217 217 217 217 217 217 217 217 217 217 216 216 216 216 216 216 216 216 216 216 216 216 216 216 216 216 216 216 216 216 216 216 216 216 216 215 215 215 215 215 215 215 215 215 215 215 215 215 215 215 215 215 215 214 214 214 214 214 214 214 214 214 214 214 214 214 214 214 214 214 214 213 213 213 213 213 213 213 213 213 213 213 213 213 213 213 212 212 212 212 212 212 212 212 212 212 212 212 212 212 211 211 211 211 211 211 211 211 211 211 211 211 211 211 211 211 211 210 210 210 210 210 210 210 210 210 210 210 210 210 210 210 209 209 209 209 209 209 209 209 209 209 209 209 209 209 209 208 208 208 208 208 208 208 208 208 208 208 208 208 208 208 208 207 207 207 207 207 207 207 207 207 207 207 207 207 206 206 206 206 206 206 206 206 206 206 206 206 206 205 205 205 205 205 205 205 205 205 205 205 205 205 204 204 204 204 204 204 204 204 204 204 204 204 203 203 203 204 204 203 203 203 203 203 203 203 203 203 203 NA NA NA NA NA NA NA NA NA NA NA NA NA NA NA NA NA NA NA NA NA NA NA NA NA NA NA NA NA NA NA NA NA NA NA NA NA NA NA NA NA NA NA NA NA NA NA NA NA NA NA NA NA NA NA NA NA NA NA NA NA NA NA NA NA NA NA NA NA NA NA NA NA NA NA NA NA NA NA NA NA NA NA NA NA NA NA NA NA NA NA NA NA NA NA NA NA NA NA NA NA NA NA NA NA NA NA NA NA NA NA NA NA NA NA NA NA NA NA NA NA NA NA NA NA NA NA NA NA NA NA NA NA NA NA NA NA NA NA NA NA NA NA NA NA NA NA NA NA NA NA NA NA NA NA NA NA NA NA NA NA NA NA NA NA NA NA NA NA NA NA NA NA NA NA NA NA NA NA NA NA NA NA NA NA NA NA NA NA NA NA NA NA NA NA NA NA NA NA NA NA NA NA NA NA NA NA NA NA NA NA NA NA NA NA NA NA NA NA NA NA NA NA NA NA NA NA NA NA NA NA NA NA NA NA NA NA NA NA NA NA NA NA NA NA NA NA NA NA
NA NA NA NA NA NA NA NA NA NA NA NA NA NA NA NA NA NA 217 217 217 217 217 217 217 217 217 217 217 217 217 217 217 217 217 217 217 216 216 216 216 216 216 216 216 216 216 216 216 216 216 216 216 216 216 216 216 216 216 216 216 216 215 215 215 215 215 215 215 215 215 215 215 215 215 215 215 215 215 214 214 214 214 214 214 214 214 214 214 214 214 214 214 214 214 214 214 213 213 213 213 213 213 213 213 213 213 213 213 213 213 213 212 212 212 212 212 212 212 212 212 212 212 212 212 212 212 211 211 211 211 211 211 211 211 211 211 211 211 211 211 211 211 210 210 210 210 210 210 210 210 210 210 210 210 210 210 210 210 209 209 209 209 209 209 209 209 209 209 209 209 209 209 209 208 208 208 208 208 208 208 208 208 208 208 208 208 208 208 207 207 207 207 207 207 207 207 207 207 207 207 207 206 206 206 206 206 206 206 206 206 206 206 206 206 206 205 205 205 205 205 205 205 205 205 205 205 205 204 204 204 204 204 204 204 204 204 204 204 204 203 203 204 204 204 203 203 203 203 203 203 203 203 203 NA NA NA NA NA NA NA NA NA NA NA NA NA NA NA NA NA NA NA NA NA NA NA NA NA NA NA NA NA NA NA NA NA NA NA NA NA NA NA NA NA NA NA NA NA NA NA NA NA NA NA NA NA NA NA NA NA NA NA NA NA NA NA NA NA NA NA NA NA NA NA NA NA NA NA NA NA NA NA NA NA NA NA NA NA NA NA NA NA NA NA NA NA NA NA NA NA NA NA NA NA NA NA NA NA NA NA NA NA NA NA NA NA NA NA NA NA NA NA NA NA NA NA NA NA NA NA NA NA NA NA NA NA NA NA NA NA NA NA NA NA NA NA NA NA NA NA NA NA NA NA NA NA NA NA NA NA NA NA NA NA NA NA NA NA NA NA NA NA NA NA NA NA NA NA NA NA NA NA NA NA NA NA NA NA NA NA NA NA NA NA NA NA NA NA NA NA NA NA NA NA NA NA NA NA NA NA NA NA NA NA NA NA NA NA NA NA NA NA NA NA NA NA NA NA NA NA NA NA NA NA NA NA NA NA NA NA NA NA NA NA NA NA NA NA NA NA NA NA
NA NA NA NA NA NA NA NA NA NA NA NA NA NA NA NA NA NA 217 217 217 217 217 217 217 217 217 217 217 217 217 217 217 217 217 217 217 216 216 216 216 216 217 217 217 216 216 216 216 216 216 216 216 216 216 216 216 216 216 216 216 216 216 215 215 215 215 215 215 215 215 215 215 215 215 215 215 215 215 215 214 214 214 214 214 214 214 214 214 214 214 214 214 214 214 214 214 214 213 213 213 213 213 213 213 213 213 213 213 213 213 213 213 212 212 212 212 212 212 212 212 212 212 212 212 212 212 212 211 211 211 211 211 211 211 211 211 211 211 211 211 211 211 211 211 210 210 210 210 210 210 210 210 210 210 210 210 210 210 210 209 209 209 209 209 209 209 209 209 209 209 209 209 209 209 209 208 208 208 208 208 208 208 208 208 208 208 208 208 208 208 207 207 207 207 207 207 207 207 207 207 207 207 207 206 206 206 206 206 206 206 206 206 206 206 206 206 205 205 205 205 205 205 205 205 205 205 205 205 204 204 204 204 204 204 204 204 204 204 204 204 204 204 204 204 204 203 203 203 203 203 203 203 203 203 203 NA NA NA NA NA NA NA NA NA NA NA NA NA NA NA NA NA NA NA NA NA NA NA NA NA NA NA NA NA NA NA NA NA NA NA NA NA NA NA NA NA NA NA NA NA NA NA NA NA NA NA NA NA NA NA NA NA NA NA NA NA NA NA NA NA NA NA NA NA NA NA NA NA NA NA NA NA NA NA NA NA NA NA NA NA NA NA NA NA NA NA NA NA NA NA NA NA NA NA NA NA NA NA NA NA NA NA NA NA NA NA NA NA NA NA NA NA NA NA NA NA NA NA NA NA NA NA NA NA NA NA NA NA NA NA NA NA NA NA NA NA NA NA NA NA NA NA NA NA NA NA NA NA NA NA NA NA NA NA NA NA NA NA NA NA NA NA NA NA NA NA NA NA NA NA NA NA NA NA NA NA NA NA NA NA NA NA NA NA NA NA NA NA NA NA NA NA NA NA NA NA NA NA NA NA NA NA NA NA NA NA NA NA NA NA NA NA NA NA NA NA NA NA NA NA NA NA NA NA NA NA NA NA NA NA NA NA NA NA NA NA NA NA NA NA NA NA
NA NA NA NA NA NA NA NA NA NA NA NA NA NA NA NA NA NA NA 217 217 217 217 217 217 217 217 217 217 217 217 217 217 217 217 217 217 217 216 216 216 216 217 217 217 217 216 216 216 216 216 216 216 216 216 216 216 216 216 216 216 216 216 216 215 215 215 215 215 215 215 215 215 215 215 215 215 215 215 215 215 214 214 214 214 214 214 214 214 214 214 214 214 214 214 214 214 214 214 213 213 213 213 213 213 213 213 213 213 213 213 213 213 213 212 212 212 212 212 212 212 212 212 212 212 212 212 212 212 211 211 211 211 211 211 211 211 211 211 211 211 211 211 211 211 211 210 210 210 210 210 210 210 210 210 210 210 210 210 210 210 210 209 209 209 209 209 209 209 209 209 209 209 209 209 209 209 208 208 208 208 208 208 208 208 208 208 208 208 208 208 207 207 207 207 207 207 207 207 207 207 207 207 207 207 206 206 206 206 206 206 206 206 206 206 206 206 206 205 205 205 205 205 205 205 205 205 205 205 205 205 204 204 204 204 204 204 204 204 204 204 204 204 204 204 204 204 203 203 203 203 203 203 203 203 203 203 NA NA NA NA NA NA NA NA NA NA NA NA NA NA NA NA NA NA NA NA NA NA NA NA NA NA NA NA NA NA NA NA NA NA NA NA NA NA NA NA NA NA NA NA NA NA NA NA NA NA NA NA NA NA NA NA NA NA NA NA NA NA NA NA NA NA NA NA NA NA NA NA NA NA NA NA NA NA NA NA NA NA NA NA NA NA NA NA NA NA NA NA NA NA NA NA NA NA NA NA NA NA NA NA NA NA NA NA NA NA NA NA NA NA NA NA NA NA NA NA NA NA NA NA NA NA NA NA NA NA NA NA NA NA NA NA NA NA NA NA NA NA NA NA NA NA NA NA NA NA NA NA NA NA NA NA NA NA NA NA NA NA NA NA NA NA NA NA NA NA NA NA NA NA NA NA NA NA NA NA NA NA NA NA NA NA NA NA NA NA NA NA NA NA NA NA NA NA NA NA NA NA NA NA NA NA NA NA NA NA NA NA NA NA NA NA NA NA NA NA NA NA NA NA NA NA NA NA NA NA NA NA NA NA NA NA NA NA NA NA NA NA NA NA NA NA
NA NA NA NA NA NA NA NA NA NA NA NA NA NA NA NA NA NA NA NA NA 217 217 217 217 217 217 217 217 217 217 217 217 217 217 217 217 217 217 217 217 216 217 217 217 217 217 216 216 216 216 216 216 216 216 216 216 216 216 216 216 216 216 216 216 216 215 215 215 215 215 215 215 215 215 215 215 215 215 215 215 215 215 214 214 214 214 214 214 214 214 214 214 214 214 214 214 214 214 214 214 213 213 213 213 213 213 213 213 213 213 213 213 213 213 212 212 212 212 212 212 212 212 212 212 212 212 212 212 212 212 211 211 211 211 211 211 211 211 211 211 211 211 211 211 211 211 211 210 210 210 210 210 210 210 210 210 210 210 210 210 210 210 209 209 209 209 209 209 209 209 209 209 209 209 209 209 209 209 208 208 208 208 208 208 208 208 208 208 208 208 208 207 207 207 207 207 207 207 207 207 207 207 207 207 207 207 206 206 206 206 206 206 206 206 206 206 206 206 206 205 205 205 205 205 205 205 205 205 205 205 205 204 204 204 204 204 204 204 204 204 204 204 204 204 204 204 204 203 203 203 203 203 203 203 203 203 203 202 NA NA NA NA NA NA NA NA NA NA NA NA NA NA NA NA NA NA NA NA NA NA NA NA NA NA NA NA NA NA NA NA NA NA NA NA NA NA NA NA NA NA NA NA NA NA NA NA NA NA NA NA NA NA NA NA NA NA NA NA NA NA NA NA NA NA NA NA NA NA NA NA NA NA NA NA NA NA NA NA NA NA NA NA NA NA NA NA NA NA NA NA NA NA NA NA NA NA NA NA NA NA NA NA NA NA NA NA NA NA NA NA NA NA NA NA NA NA NA NA NA NA NA NA NA NA NA NA NA NA NA NA NA NA NA NA NA NA NA NA NA NA NA NA NA NA NA NA NA NA NA NA NA NA NA NA NA NA NA NA NA NA NA NA NA NA NA NA NA NA NA NA NA NA NA NA NA NA NA NA NA NA NA NA NA NA NA NA NA NA NA NA NA NA NA NA NA NA NA NA NA NA NA NA NA NA NA NA NA NA NA NA NA NA NA NA NA NA NA NA NA NA NA NA NA NA NA NA NA NA NA NA NA NA NA NA NA NA NA NA NA NA NA NA
NA NA NA NA NA NA NA NA NA NA NA NA NA NA NA NA NA NA NA NA NA NA NA 217 217 217 217 217 217 217 217 217 217 217 217 217 217 217 217 217 217 217 217 217 217 217 217 217 216 216 216 216 216 216 216 216 216 216 216 216 216 216 216 216 216 216 216 215 215 215 215 215 215 215 215 215 215 215 215 215 215 215 215 215 214 214 214 214 214 214 214 214 214 214 214 214 214 214 214 214 214 214 213 213 213 213 213 213 213 213 213 213 213 213 213 213 213 212 212 212 212 212 212 212 212 212 212 212 212 212 212 212 211 211 211 211 211 211 211 211 211 211 211 211 211 211 211 211 211 210 210 210 210 210 210 210 210 210 210 210 210 210 210 210 210 209 209 209 209 209 209 209 209 209 209 209 209 209 209 209 208 208 208 208 208 208 208 208 208 208 208 208 208 208 207 207 207 207 207 207 207 207 207 207 207 207 207 207 206 206 206 206 206 206 206 206 206 206 206 206 205 205 205 205 205 205 205 205 205 205 205 205 205 204 204 204 204 204 204 204 204 204 204 204 204 204 204 204 204 203 203 203 203 203 203 203 203 203 203 203 NA NA NA NA NA NA NA NA NA NA NA NA NA NA NA NA NA NA NA NA NA NA NA NA NA NA NA NA NA NA NA NA NA NA NA NA NA NA NA NA NA NA NA NA NA NA NA NA NA NA NA NA NA NA NA NA NA NA NA NA NA NA NA NA NA NA NA NA NA NA NA NA NA NA NA NA NA NA NA NA NA NA NA NA NA NA NA NA NA NA NA NA NA NA NA NA NA NA NA NA NA NA NA NA NA NA NA NA NA NA NA NA NA NA NA NA NA NA NA NA NA NA NA NA NA NA NA NA NA NA NA NA NA NA NA NA NA NA NA NA NA NA NA NA NA NA NA NA NA NA NA NA NA NA NA NA NA NA NA NA NA NA NA NA NA NA NA NA NA NA NA NA NA NA NA NA NA NA NA NA NA NA NA NA NA NA NA NA NA NA NA NA NA NA NA NA NA NA NA NA NA NA NA NA NA NA NA NA NA NA NA NA NA NA NA NA NA NA NA NA NA NA NA NA NA NA NA NA NA NA NA NA NA NA NA NA NA NA NA NA NA NA NA
NA NA NA NA NA NA NA NA NA NA NA NA NA NA NA NA NA NA NA NA NA NA NA NA 217 217 217 217 217 217 217 217 217 217 217 217 217 217 217 217 217 217 217 217 217 217 217 217 217 216 216 216 216 216 216 216 216 216 216 216 216 216 216 216 216 216 216 216 215 215 215 215 215 215 215 215 215 215 215 215 215 215 215 215 215 215 214 214 214 214 214 214 214 214 214 214 214 214 214 214 214 214 214 213 213 213 213 213 213 213 213 213 213 213 213 213 213 213 212 212 212 212 212 212 212 212 212 212 212 212 212 212 212 212 211 211 211 211 211 211 211 211 211 211 211 211 211 211 211 211 211 210 210 210 210 210 210 210 210 210 210 210 210 210 210 210 209 209 209 209 209 209 209 209 209 209 209 209 209 209 209 209 208 208 208 208 208 208 208 208 208 208 208 208 208 208 207 207 207 207 207 207 207 207 207 207 207 207 207 206 206 206 206 206 206 206 206 206 206 206 206 205 205 205 205 205 205 205 205 205 205 205 205 205 205 204 204 204 204 204 204 204 204 204 204 204 204 204 204 204 204 203 203 203 203 203 203 203 203 203 203 NA NA NA NA NA NA NA NA NA NA NA NA NA NA NA NA NA NA NA NA NA NA NA NA NA NA NA NA NA NA NA NA NA NA NA NA NA NA NA NA NA NA NA NA NA NA NA NA NA NA NA NA NA NA NA NA NA NA NA NA NA NA NA NA NA NA NA NA NA NA NA NA NA NA NA NA NA NA NA NA NA NA NA NA NA NA NA NA NA NA NA NA NA NA NA NA NA NA NA NA NA NA NA NA NA NA NA NA NA NA NA NA NA NA NA NA NA NA NA NA NA NA NA NA NA NA NA NA NA NA NA NA NA NA NA NA NA NA NA NA NA NA NA NA NA NA NA NA NA NA NA NA NA NA NA NA NA NA NA NA NA NA NA NA NA NA NA NA NA NA NA NA NA NA NA NA NA NA NA NA NA NA NA NA NA NA NA NA NA NA NA NA NA NA NA NA NA NA NA NA NA NA NA NA NA NA NA NA NA NA NA NA NA NA NA NA NA NA NA NA NA NA NA NA NA NA NA NA NA NA NA NA NA NA NA NA NA NA NA NA NA NA
NA NA NA NA NA NA NA NA NA NA NA NA NA NA NA NA NA NA NA NA NA NA NA NA NA NA NA NA NA NA NA NA NA 217 217 217 217 217 217 217 217 217 217 217 217 217 217 217 217 217 217 216 216 216 216 216 216 216 216 216 216 216 216 216 216 216 216 216 216 216 215 215 215 215 215 215 215 215 215 215 215 215 215 215 215 215 215 214 214 214 214 214 214 214 214 214 214 214 214 214 214 214 214 214 214 213 213 213 213 213 213 213 213 213 213 213 213 213 213 212 212 212 212 212 212 212 212 212 212 212 212 212 212 212 212 211 211 211 211 211 211 211 211 211 211 211 211 211 211 211 211 211 210 210 210 210 210 210 210 210 210 210 210 210 210 210 210 210 209 209 209 209 209 209 209 209 209 209 209 209 209 209 209 208 208 208 208 208 208 208 208 208 208 208 208 208 208 207 207 207 207 207 207 207 207 207 207 207 207 207 207 206 206 206 206 206 206 206 206 206 206 206 206 205 205 205 205 205 205 205 205 205 205 205 205 205 204 204 204 204 204 204 204 204 204 204 204 204 204 204 204 204 203 203 203 203 203 203 203 203 203 203 202 NA NA NA NA NA NA NA NA NA NA NA NA NA NA NA NA NA NA NA NA NA NA NA NA NA NA NA NA NA NA NA NA NA NA NA NA NA NA NA NA NA NA NA NA NA NA NA NA NA NA NA NA NA NA NA NA NA NA NA NA NA NA NA NA NA NA NA NA NA NA NA NA NA NA NA NA NA NA NA NA NA NA NA NA NA NA NA NA NA NA NA NA NA NA NA NA NA NA NA NA NA NA NA NA NA NA NA NA NA NA NA NA NA NA NA NA NA NA NA NA NA NA NA NA NA NA NA NA NA NA NA NA NA NA NA NA NA NA NA NA NA NA NA NA NA NA NA NA NA NA NA NA NA NA NA NA NA NA NA NA NA NA NA NA NA NA NA NA NA NA NA NA NA NA NA NA NA NA NA NA NA NA NA NA NA NA NA NA NA NA NA NA NA NA NA NA NA NA NA NA NA NA NA NA NA NA NA NA NA NA NA NA NA NA NA NA NA NA NA NA NA NA NA NA NA NA NA NA NA NA NA NA NA NA NA NA NA NA NA NA
NA NA NA NA NA NA NA NA NA NA NA NA NA NA NA NA NA NA NA NA NA NA NA NA NA NA NA NA NA NA NA NA NA NA 217 217 217 217 217 217 217 217 217 217 217 217 217 217 217 217 217 217 217 217 216 216 216 216 216 216 216 216 216 216 216 216 216 216 216 216 216 215 215 215 215 215 215 215 215 215 215 215 215 215 215 215 215 215 214 214 214 214 214 214 214 214 214 214 214 214 214 214 214 214 214 214 213 213 213 213 213 213 213 213 213 213 213 213 213 213 213 212 212 212 212 212 212 212 212 212 212 212 212 212 212 212 212 211 211 211 211 211 211 211 211 211 211 211 211 211 211 211 211 211 210 210 210 210 210 210 210 210 210 210 210 210 210 210 210 210 209 209 209 209 209 209 209 209 209 209 209 209 209 209 209 208 208 208 208 208 208 208 208 208 208 208 208 208 208 207 207 207 207 207 207 207 207 207 207 207 207 207 206 206 206 206 206 206 206 206 206 206 206 206 206 205 205 205 205 205 205 205 205 205 205 205 205 205 204 204 204 204 205 204 204 204 204 204 204 204 204 204 204 203 203 203 203 203 203 203 203 203 203 202 NA NA NA NA 202 202 NA NA NA NA NA NA NA NA NA NA NA NA NA NA NA NA NA NA NA NA NA NA NA NA NA NA NA NA NA NA NA NA NA NA NA NA NA NA NA NA NA NA NA NA NA NA NA NA NA NA NA NA NA NA NA NA NA NA NA NA NA NA NA NA NA NA NA NA NA NA NA NA NA NA NA NA NA NA NA NA NA NA NA NA NA NA NA NA NA NA NA NA NA NA NA NA NA NA NA NA NA NA NA NA NA NA NA NA NA NA NA NA NA NA NA NA NA NA NA NA NA NA NA NA NA NA NA NA NA NA NA NA NA NA NA NA NA NA NA NA NA NA NA NA NA NA NA NA NA NA NA NA NA NA NA NA NA NA NA NA NA NA NA NA NA NA NA NA NA NA NA NA NA NA NA NA NA NA NA NA NA NA NA NA NA NA NA NA NA NA NA NA NA NA NA NA NA NA NA NA NA NA NA NA NA NA NA NA NA NA NA NA NA NA NA NA NA NA NA NA NA NA NA NA NA NA NA NA NA NA NA NA NA
NA NA NA NA NA NA NA NA NA NA NA NA NA NA NA NA NA NA NA NA NA NA NA NA NA NA NA NA NA NA NA NA NA NA 217 217 217 217 217 217 217 217 217 217 217 217 217 217 217 217 217 217 217 217 217 216 216 216 216 216 216 216 216 216 216 216 216 216 216 216 216 216 215 215 215 215 215 215 215 215 215 215 215 215 215 215 215 215 215 215 214 214 214 214 214 214 214 214 214 214 214 214 214 214 214 214 214 213 213 213 213 213 213 213 213 213 213 213 213 213 213 213 212 212 212 212 212 212 212 212 212 212 212 212 212 212 212 212 212 211 211 211 211 211 211 211 211 211 211 211 211 211 211 211 211 210 210 210 210 210 210 210 210 210 210 210 210 210 210 210 210 209 209 209 209 209 209 209 209 209 209 209 209 209 209 209 208 208 208 208 208 208 208 208 208 208 208 208 208 208 207 207 207 207 207 207 207 207 207 207 207 207 207 206 206 206 206 206 206 206 206 206 206 206 206 206 206 205 205 205 205 205 205 205 205 205 205 205 205 204 204 204 205 205 204 204 204 204 204 204 204 204 204 204 203 203 203 203 203 203 203 203 203 203 202 202 202 202 202 NA NA NA NA NA NA NA NA NA NA NA NA 201 201 201 NA NA NA NA NA NA NA NA NA NA NA NA NA NA NA NA NA NA NA NA NA NA NA NA NA NA NA NA NA NA NA NA NA NA NA NA NA NA NA NA NA NA NA NA NA NA NA NA NA NA NA NA NA NA NA NA NA NA NA NA NA NA NA NA NA NA NA NA NA NA NA NA NA NA NA NA NA NA NA NA NA NA NA NA NA NA NA NA NA NA NA NA NA NA NA NA NA NA NA NA NA NA NA NA NA NA NA NA NA NA NA NA NA NA NA NA NA NA NA NA NA NA NA NA NA NA NA NA NA NA NA NA NA NA NA NA NA NA NA NA NA NA NA NA NA NA NA NA NA NA NA NA NA NA NA NA NA NA NA NA NA NA NA NA NA NA NA NA NA NA NA NA NA NA NA NA NA NA NA NA NA NA NA NA NA NA NA NA NA NA NA NA NA NA NA NA NA NA NA NA NA NA NA NA NA NA NA NA NA NA NA NA NA NA NA NA NA NA NA
NA NA NA NA NA NA NA NA NA NA NA NA NA NA NA NA NA NA NA NA NA NA NA NA NA NA NA NA NA NA NA NA NA NA 217 217 217 217 217 217 217 217 217 217 217 217 217 217 217 217 217 217 217 217 217 217 216 216 216 216 216 216 216 216 216 216 216 216 216 216 216 216 216 216 215 215 215 215 215 215 215 215 215 215 215 215 215 215 215 215 215 214 215 215 214 214 214 214 214 214 214 214 214 214 214 214 214 214 214 213 213 213 213 213 213 213 213 213 213 213 213 213 212 212 212 212 212 212 212 212 212 212 212 212 212 212 212 212 212 212 211 211 211 211 211 211 211 211 211 211 211 211 211 211 211 211 210 210 210 210 210 210 210 210 210 210 210 210 210 210 210 210 210 209 209 209 209 209 209 209 209 209 209 209 209 209 209 209 208 208 208 208 208 208 208 208 208 208 208 208 208 208 207 207 207 207 207 207 207 207 207 207 207 207 207 206 206 206 206 206 206 206 206 206 206 206 206 206 205 205 205 205 205 205 205 205 205 205 205 205 204 204 205 205 205 204 204 204 204 204 204 204 204 204 204 203 203 203 203 203 203 203 203 203 203 202 202 202 202 202 202 202 NA NA NA NA NA NA NA NA 201 201 201 201 NA NA NA NA NA NA NA NA NA NA NA NA NA NA NA NA NA NA NA NA NA NA NA NA NA NA NA NA NA NA NA NA NA NA NA NA NA NA NA NA NA NA NA NA NA NA NA NA NA NA NA NA NA NA NA NA NA NA NA NA NA NA NA NA NA NA NA NA NA NA NA NA NA NA NA NA NA NA NA NA NA NA NA NA NA NA NA NA NA NA NA NA NA NA NA NA NA NA NA NA NA NA NA NA NA NA NA NA NA NA NA NA NA NA NA NA NA NA NA NA NA NA NA NA NA NA NA NA NA NA NA NA NA NA NA NA NA NA NA NA NA NA NA NA NA NA NA NA NA NA NA NA NA NA NA NA NA NA NA NA NA NA NA NA NA NA NA NA NA NA NA NA NA NA NA NA NA NA NA NA NA NA NA NA NA NA NA NA NA NA NA NA NA NA NA NA NA NA NA NA NA NA NA NA NA NA NA NA NA NA NA NA NA NA NA NA NA NA NA
NA NA NA NA NA NA NA NA NA NA NA NA NA NA NA NA NA NA NA NA NA NA NA NA NA NA NA NA NA NA NA NA NA NA 217 217 217 217 217 217 217 217 217 217 217 217 217 217 217 217 217 217 217 217 217 217 217 217 216 216 216 216 216 216 216 216 216 216 216 216 216 216 216 216 216 215 215 215 215 215 215 215 215 215 215 215 215 215 215 215 215 215 215 215 215 214 214 214 214 214 214 214 214 214 214 214 214 214 214 214 213 213 213 213 213 213 213 213 213 213 213 213 213 213 212 212 212 212 212 212 212 212 212 212 212 212 212 212 212 212 212 212 211 211 211 211 211 211 211 211 211 211 211 211 211 211 211 210 210 210 210 210 210 210 210 210 210 210 210 210 210 210 210 209 209 209 209 209 209 209 209 209 209 209 209 209 209 209 209 208 208 208 208 208 208 208 208 208 208 208 208 208 208 207 207 207 207 207 207 207 207 207 207 207 207 207 206 206 206 206 206 206 206 206 206 206 206 206 206 205 205 205 205 205 205 205 205 205 205 205 205 205 205 205 205 205 204 204 204 204 204 204 204 204 204 204 204 203 203 203 203 203 203 203 203 203 203 202 202 202 202 202 202 NA NA NA NA 201 201 201 201 201 201 201 NA NA NA NA NA NA NA NA NA NA NA NA NA NA NA NA NA NA NA NA NA NA NA NA NA NA NA NA NA NA NA NA NA NA NA NA NA NA NA NA NA NA NA NA NA NA NA NA NA NA NA NA NA NA NA NA NA NA NA NA NA NA NA NA NA NA NA NA NA NA NA NA NA NA NA NA NA NA NA NA NA NA NA NA NA NA NA NA NA NA NA NA NA NA NA NA NA NA NA NA NA NA NA NA NA NA NA NA NA NA NA NA NA NA NA NA NA NA NA NA NA NA NA NA NA NA NA NA NA NA NA NA NA NA NA NA NA NA NA NA NA NA NA NA NA NA NA NA NA NA NA NA NA NA NA NA NA NA NA NA NA NA NA NA NA NA NA NA NA NA NA NA NA NA NA NA NA NA NA NA NA NA NA NA NA NA NA NA NA NA NA NA NA NA NA NA NA NA NA NA NA NA NA NA NA NA NA NA NA NA NA NA NA NA NA NA NA NA NA
NA NA NA NA NA NA NA NA NA NA NA NA NA NA NA NA NA NA NA NA NA NA NA NA NA NA NA NA NA NA NA NA NA NA NA 217 217 217 217 217 217 217 217 217 217 217 217 217 217 217 217 217 217 217 217 217 217 217 217 216 216 216 216 216 216 216 216 216 216 216 216 216 216 216 216 216 216 215 215 215 215 215 215 215 215 215 215 215 215 215 215 215 215 215 215 215 214 214 214 214 214 214 214 214 214 214 214 214 214 214 214 214 213 213 213 213 213 213 213 213 213 213 213 213 213 212 212 212 212 212 212 212 212 212 212 212 212 212 212 212 212 212 212 212 211 211 211 211 211 211 211 211 211 211 211 211 211 211 210 210 210 210 210 210 210 210 210 210 210 210 210 210 210 210 210 209 209 209 209 209 209 209 209 209 209 209 209 209 209 209 208 208 208 208 208 208 208 208 208 208 208 208 208 208 208 207 207 207 207 207 207 207 207 207 207 207 207 206 206 206 206 206 206 206 206 206 206 206 206 206 206 205 205 205 205 205 205 205 205 205 205 205 205 205 205 205 205 204 204 204 204 204 204 204 204 204 204 204 203 203 203 203 203 203 203 203 203 203 202 202 202 202 202 202 202 202 202 202 201 201 201 201 201 201 201 NA NA NA NA NA NA NA NA NA NA NA NA NA NA NA NA NA NA NA NA NA NA NA NA NA NA NA NA NA NA NA NA NA NA NA NA NA NA NA NA NA NA NA NA NA NA NA NA NA NA NA NA NA NA NA NA NA NA NA NA NA NA NA NA NA NA NA NA NA NA NA NA NA NA NA NA NA NA NA NA NA NA NA NA NA NA NA NA NA NA NA NA NA NA NA NA NA NA NA NA NA NA NA NA NA NA NA NA NA NA NA NA NA NA NA NA NA NA NA NA NA NA NA NA NA NA NA NA NA NA NA NA NA NA NA NA NA NA NA NA NA NA NA NA NA NA NA NA NA NA NA NA NA NA NA NA NA NA NA NA NA NA NA NA NA NA NA NA NA NA NA NA NA NA NA NA NA NA NA NA NA NA NA NA NA NA NA NA NA NA NA NA NA NA NA NA NA NA NA NA NA NA NA NA NA NA NA NA NA NA NA NA NA NA NA NA NA NA
NA NA NA NA NA NA NA NA NA NA NA NA NA NA NA NA NA NA NA NA NA NA NA NA NA NA NA NA NA NA NA NA NA NA NA NA NA 217 217 217 217 217 217 217 217 217 217 217 217 217 217 217 217 217 217 217 217 217 217 217 217 216 216 216 216 216 216 216 216 216 216 216 216 216 216 216 216 216 215 215 215 215 215 215 215 215 215 215 215 215 215 215 215 215 215 215 215 215 214 214 214 214 214 214 214 214 214 214 214 214 214 214 214 213 213 213 213 213 213 213 213 213 213 213 213 213 213 213 212 212 212 212 212 212 212 212 212 212 212 212 212 212 212 212 212 211 211 211 211 211 211 211 211 211 211 211 211 211 210 210 210 210 210 210 210 210 210 210 210 210 210 210 209 210 210 210 210 209 209 209 209 209 209 209 209 209 209 209 209 209 209 208 208 208 208 208 208 208 208 208 208 208 208 208 208 208 207 207 207 207 207 207 207 207 207 207 207 207 206 206 206 206 206 206 206 206 206 206 206 206 206 206 205 205 205 205 205 205 205 205 205 205 205 205 205 205 205 205 205 204 204 204 204 204 204 204 204 204 204 203 203 203 203 203 203 203 203 203 203 202 202 202 202 202 202 202 202 202 202 201 201 201 201 201 201 NA NA NA NA NA NA NA NA NA NA NA NA NA NA NA NA NA NA NA NA NA NA NA NA NA NA NA NA NA NA NA NA NA NA NA NA NA NA NA NA NA NA NA NA NA NA NA NA NA NA NA NA NA NA NA NA NA NA NA NA NA NA NA NA NA NA NA NA NA NA NA NA NA NA NA NA NA NA NA NA NA NA NA NA NA NA NA NA NA NA NA NA NA NA NA NA NA NA NA NA NA NA NA NA NA NA NA NA NA NA NA NA NA NA NA NA NA NA NA NA NA NA NA NA NA NA NA NA NA NA NA NA NA NA NA NA NA NA NA NA NA NA NA NA NA NA NA NA NA NA NA NA NA NA NA NA NA NA NA NA NA NA NA NA NA NA NA NA NA NA NA NA NA NA NA NA NA NA NA NA NA NA NA NA NA NA NA NA NA NA NA NA NA NA NA NA NA NA NA NA NA NA NA NA NA NA NA NA NA NA NA NA NA NA NA NA NA NA
NA NA NA NA NA NA NA NA NA NA NA NA NA NA NA NA NA NA NA NA NA NA NA NA NA NA NA NA NA NA NA NA NA NA NA NA NA NA NA NA 217 217 217 217 217 217 217 217 217 217 217 217 217 217 217 217 217 217 217 217 217 216 216 216 216 216 216 216 216 216 216 216 216 216 216 216 216 216 216 216 215 215 215 215 215 215 215 215 215 215 215 215 215 215 215 215 215 215 215 214 214 214 214 214 214 214 214 214 214 214 214 214 214 214 213 213 213 213 213 213 213 213 213 213 213 213 213 213 213 213 212 212 212 212 212 212 212 212 212 212 212 212 212 212 212 212 212 211 211 211 211 211 211 211 211 211 211 211 211 211 211 211 211 210 210 210 210 210 210 210 210 210 210 209 209 209 210 210 209 209 209 209 209 209 209 209 209 209 209 209 209 209 208 208 208 208 208 208 208 208 208 208 208 208 208 208 208 208 207 207 207 207 207 207 207 207 207 207 207 207 206 206 206 206 206 206 206 206 206 206 206 206 206 206 205 205 205 205 205 205 205 205 205 205 205 205 205 205 205 205 204 204 204 204 204 204 204 204 204 204 203 203 203 203 203 203 203 203 203 203 202 202 202 202 202 202 202 202 202 202 201 201 201 201 201 201 NA NA NA NA NA NA NA NA NA NA NA NA NA NA NA NA NA NA NA NA NA NA NA NA NA NA NA NA NA NA NA NA NA NA NA NA NA NA NA NA NA NA NA NA NA NA NA NA NA NA NA NA NA NA NA NA NA NA NA NA NA NA NA NA NA NA NA NA NA NA NA NA NA NA NA NA NA NA NA NA NA NA NA NA NA NA NA NA NA NA NA NA NA NA NA NA NA NA NA NA NA NA NA NA NA NA NA NA NA NA NA NA NA NA NA NA NA NA NA NA NA NA NA NA NA NA NA NA NA NA NA NA NA NA NA NA NA NA NA NA NA NA NA NA NA NA NA NA NA NA NA NA NA NA NA NA NA NA NA NA NA NA NA NA NA NA NA NA NA NA NA NA NA NA NA NA NA NA NA NA NA NA NA NA NA NA NA NA NA NA NA NA NA NA NA NA NA NA NA NA NA NA NA NA NA NA NA NA NA NA NA NA NA NA NA NA NA
NA NA NA NA NA NA NA NA NA NA NA NA NA NA NA NA NA NA NA NA NA NA NA NA NA NA NA NA NA NA NA NA NA NA NA NA NA NA NA NA NA NA NA 217 217 217 217 217 217 217 217 217 217 217 217 217 217 217 217 217 217 217 217 216 216 216 216 216 216 216 216 216 216 216 216 216 216 216 216 216 216 215 215 215 215 215 215 215 215 215 215 215 215 215 215 215 215 215 215 215 214 214 214 214 214 214 214 214 214 214 214 214 214 214 214 214 213 213 213 213 213 213 213 213 213 213 213 213 213 213 213 212 212 212 212 212 212 212 212 212 212 212 212 212 212 212 212 212 212 211 211 211 211 211 211 211 211 211 211 211 211 211 211 211 211 211 210 210 210 210 210 210 210 210 210 209 209 210 210 210 209 209 209 209 209 209 209 209 209 209 209 209 209 208 208 208 208 208 208 208 208 208 208 208 208 208 208 208 208 207 207 207 207 207 207 207 207 207 207 207 207 207 206 206 206 206 206 206 206 206 206 206 206 206 206 205 205 205 205 205 205 205 205 205 205 205 205 205 205 205 205 204 204 204 204 204 204 204 204 204 204 204 203 203 203 203 203 203 203 203 203 202 202 202 202 202 202 202 202 202 202 201 201 201 201 201 201 NA NA NA NA NA NA NA NA NA NA NA NA NA NA NA NA NA NA NA NA NA NA NA NA NA NA NA NA NA NA NA NA NA NA NA NA NA NA NA NA NA NA NA NA NA NA NA NA NA NA NA NA NA NA NA NA NA NA NA NA NA NA NA NA NA NA NA NA NA NA NA NA NA NA NA NA NA NA NA NA NA NA NA NA NA NA NA NA NA NA NA NA NA NA NA NA NA NA NA NA NA NA NA NA NA NA NA NA NA NA NA NA NA NA NA NA NA NA NA NA NA NA NA NA NA NA NA NA NA NA NA NA NA NA NA NA NA NA NA NA NA NA NA NA NA NA NA NA NA NA NA NA NA NA NA NA NA NA NA NA NA NA NA NA NA NA NA NA NA NA NA NA NA NA NA NA NA NA NA NA NA NA NA NA NA NA NA NA NA NA NA NA NA NA NA NA NA NA NA NA NA NA NA NA NA NA NA NA NA NA NA NA NA NA NA NA
NA NA NA NA NA NA NA NA NA NA NA NA NA NA NA NA NA NA NA NA NA NA NA NA NA NA NA NA NA NA NA NA NA NA NA NA NA NA NA NA NA NA NA NA NA NA 217 217 217 217 217 217 217 217 217 217 217 217 217 217 217 217 217 217 216 216 216 216 216 216 216 216 216 216 216 216 216 216 216 216 216 216 215 215 215 215 215 215 215 215 215 215 215 215 215 215 215 215 215 215 215 215 214 214 214 214 214 214 214 214 214 214 214 214 214 214 214 213 213 213 213 213 213 213 213 213 213 213 213 213 213 213 213 212 212 212 212 212 212 212 212 212 212 212 212 212 212 212 212 212 211 211 211 211 211 211 211 211 211 211 211 211 211 211 211 211 211 211 210 210 210 210 210 210 210 210 209 210 210 210 210 210 209 209 209 209 209 209 209 209 209 209 209 209 209 209 209 208 208 208 208 208 208 208 208 208 208 208 208 208 207 207 207 207 207 207 207 207 207 207 207 207 207 207 206 206 206 206 206 206 206 206 206 206 206 206 206 205 205 205 205 205 205 205 205 205 205 205 205 205 205 205 205 204 204 204 204 204 204 204 204 204 204 203 203 203 203 203 203 203 203 203 203 202 202 202 202 202 202 202 202 202 202 201 201 201 201 NA NA NA NA NA NA NA NA NA NA NA NA NA NA NA NA NA NA NA NA NA NA NA NA NA NA NA NA NA NA NA NA NA NA NA NA NA NA NA NA NA NA NA NA NA NA NA NA NA NA NA NA NA NA NA NA NA NA NA NA NA NA NA NA NA NA NA NA NA NA NA NA NA NA NA NA NA NA NA NA NA NA NA NA NA NA NA NA NA NA NA NA NA NA NA NA NA NA NA NA NA NA NA NA NA NA NA NA NA NA NA NA NA NA NA NA NA NA NA NA NA NA NA NA NA NA NA NA NA NA NA NA NA NA NA NA NA NA NA NA NA NA NA NA NA NA NA NA NA NA NA NA NA NA NA NA NA NA NA NA NA NA NA NA NA NA NA NA NA NA NA NA NA NA NA NA NA NA NA NA NA NA NA NA NA NA NA NA NA NA NA NA NA NA NA NA NA NA NA NA NA NA NA NA NA NA NA NA NA NA NA NA NA NA NA NA
NA NA NA NA NA NA NA NA NA NA NA NA NA NA NA NA NA NA NA NA NA NA NA NA NA NA NA NA NA NA NA NA NA NA NA NA NA NA NA NA NA NA NA NA NA NA NA NA NA 217 217 217 217 217 217 217 217 217 217 217 217 217 217 217 217 216 216 216 216 216 216 216 216 216 216 216 216 216 216 216 216 216 215 215 215 215 215 215 215 215 215 215 215 215 215 215 215 215 215 215 215 215 215 214 214 214 214 214 214 214 214 214 214 214 214 214 214 214 214 213 213 213 213 213 213 213 213 213 213 213 213 213 213 213 213 212 212 212 212 212 212 212 212 212 212 212 212 212 212 212 212 212 211 211 211 211 211 211 211 211 211 211 211 211 211 211 211 211 211 210 210 210 210 210 210 210 210 210 210 210 210 210 210 209 209 209 209 209 209 209 209 209 209 209 209 209 209 209 208 208 208 208 208 208 208 208 208 208 208 208 208 207 207 207 207 207 207 207 207 207 207 207 207 207 207 206 206 206 206 206 206 206 206 206 206 206 206 206 205 205 205 205 206 205 205 205 205 205 205 205 205 205 205 205 204 204 204 204 204 204 204 204 204 204 203 203 203 203 203 203 203 203 203 203 202 202 202 202 202 202 202 202 202 202 201 201 201 201 NA NA NA NA NA NA NA NA NA NA NA NA NA NA NA NA NA NA NA NA NA NA NA NA NA NA NA NA NA NA NA NA NA NA NA NA NA NA NA NA NA NA NA NA NA NA NA NA NA NA NA NA NA NA NA NA NA NA NA NA NA NA NA NA NA NA NA NA NA NA NA NA NA NA NA NA NA NA NA NA NA NA NA NA NA NA NA NA NA NA NA NA NA NA NA NA NA NA NA NA NA NA NA NA NA NA NA NA NA NA NA NA NA NA NA NA NA NA NA NA NA NA NA NA NA NA NA NA NA NA NA NA NA NA NA NA NA NA NA NA NA NA NA NA NA NA NA NA NA NA NA NA NA NA NA NA NA NA NA NA NA NA NA NA NA NA NA NA NA NA NA NA NA NA NA NA NA NA NA NA NA NA NA NA NA NA NA NA NA NA NA NA NA NA NA NA NA NA NA NA NA NA NA NA NA NA NA NA NA NA NA NA NA NA NA
NA NA NA NA NA NA NA NA NA NA NA NA NA NA NA NA NA NA NA NA NA NA NA NA NA NA NA NA NA NA NA NA NA NA NA NA NA NA NA NA NA NA NA NA NA NA NA NA NA NA NA NA 217 217 217 217 217 217 217 217 217 217 217 217 217 216 216 216 216 216 216 216 216 216 216 216 216 216 216 216 216 216 215 215 215 215 215 215 215 215 215 215 215 215 215 215 215 215 215 215 215 215 215 215 215 214 214 214 214 214 214 214 214 214 214 214 214 214 214 214 213 213 213 213 213 213 213 213 213 213 213 213 213 213 213 213 212 212 212 212 212 212 212 212 212 212 212 212 212 212 212 212 212 212 211 211 211 211 211 211 211 211 211 211 211 211 211 211 211 211 211 210 210 210 210 210 210 210 210 210 210 210 210 210 210 209 209 209 209 209 209 209 209 209 209 209 209 209 209 208 208 208 208 208 208 208 208 208 208 208 208 208 208 207 207 207 207 207 207 207 207 207 207 207 207 207 206 206 206 206 206 206 206 206 206 206 206 206 206 206 205 205 206 206 206 205 205 205 205 205 205 205 205 205 205 204 204 204 204 204 204 204 204 204 204 203 203 203 203 203 203 203 203 203 203 202 202 202 202 202 202 202 202 202 202 201 201 201 201 201 201 NA NA NA NA NA NA NA NA NA NA NA NA NA NA NA NA NA NA NA NA NA NA NA NA NA NA NA NA NA NA NA NA NA NA NA NA NA NA NA NA NA NA NA NA NA NA NA NA NA NA NA NA NA NA NA NA NA NA NA NA NA NA NA NA NA NA NA NA NA NA NA NA NA NA NA NA NA NA NA NA NA NA NA NA NA NA NA NA NA NA NA NA NA NA NA NA NA NA NA NA NA NA NA NA NA NA NA NA NA NA NA NA NA NA NA NA NA NA NA NA NA NA NA NA NA NA NA NA NA NA NA NA NA NA NA NA NA NA NA NA NA NA NA NA NA NA NA NA NA NA NA NA NA NA NA NA NA NA NA NA NA NA NA NA NA NA NA NA NA NA NA NA NA NA NA NA NA NA NA NA NA NA NA NA NA NA NA NA NA NA NA NA NA NA NA NA NA NA NA NA NA NA NA NA NA NA NA NA NA NA NA NA
NA NA NA NA NA NA NA NA NA NA NA NA NA NA NA NA NA NA NA NA NA NA NA NA NA NA NA NA NA NA NA NA NA NA NA NA NA NA NA NA NA NA NA NA NA NA NA NA NA NA NA NA NA NA NA NA 217 217 217 217 217 217 217 217 216 216 216 216 216 216 216 216 216 216 216 216 216 216 216 216 216 215 215 215 215 215 215 215 215 215 215 215 215 215 215 215 215 215 215 215 215 215 215 215 215 215 214 214 214 214 214 214 214 214 214 214 214 214 214 214 213 213 213 213 213 213 213 213 213 213 213 213 213 213 213 213 213 213 212 212 212 212 212 212 212 212 212 212 212 212 212 212 212 212 212 212 211 211 211 211 211 211 211 211 211 211 211 211 211 211 211 211 210 210 210 210 210 210 210 210 210 210 210 210 210 210 209 209 209 209 209 209 209 209 209 209 209 209 209 209 209 208 208 208 208 208 208 208 208 208 208 208 208 208 207 207 207 207 207 207 207 207 207 207 207 207 207 206 206 206 206 206 206 206 206 206 206 206 206 206 206 205 206 206 206 206 205 205 205 205 205 205 205 205 205 205 204 204 204 204 204 204 204 204 204 204 203 203 203 203 203 203 203 203 203 203 202 202 202 202 202 202 202 202 202 202 201 201 201 201 201 201 201 NA NA NA 200 200 200 200 200 NA NA NA NA NA NA NA NA NA NA NA NA NA NA NA NA NA NA NA NA NA NA NA NA NA NA NA NA NA NA NA NA NA NA NA NA NA NA NA NA NA NA NA NA NA NA NA NA NA NA NA NA NA NA NA NA NA NA NA NA NA NA NA NA NA NA NA NA NA NA NA NA NA NA NA NA NA NA NA NA NA NA NA NA NA NA NA NA NA NA NA NA NA NA NA NA NA NA NA NA NA NA NA NA NA NA NA NA NA NA NA NA NA NA NA NA NA NA NA NA NA NA NA NA NA NA NA NA NA NA NA NA NA NA NA NA NA NA NA NA NA NA NA NA NA NA NA NA NA NA NA NA NA NA NA NA NA NA NA NA NA NA NA NA NA NA NA NA NA NA NA NA NA NA NA NA NA NA NA NA NA NA NA NA NA NA NA NA NA NA NA NA NA NA NA NA NA NA NA NA NA NA
NA NA NA NA NA NA NA NA NA NA NA NA NA NA NA NA NA NA NA NA NA NA NA NA NA NA NA NA NA NA NA NA NA NA NA NA NA NA NA NA NA NA NA NA NA NA NA NA NA NA NA NA NA NA NA NA NA NA NA NA NA NA NA NA NA NA NA NA NA NA NA NA NA 216 216 216 216 216 216 216 216 216 216 215 215 215 215 215 215 215 215 215 215 215 215 215 215 215 215 215 215 215 215 215 215 214 214 214 214 214 214 214 214 214 214 214 214 214 214 214 213 213 213 213 213 213 213 213 213 213 213 213 213 213 213 213 213 213 213 213 212 212 212 212 212 212 212 212 212 212 212 212 212 212 212 212 212 211 211 211 211 211 211 211 211 211 211 211 211 211 211 211 210 210 210 210 210 210 210 210 210 210 210 210 210 210 210 210 209 209 209 209 209 209 209 209 209 209 209 209 209 209 208 208 208 208 208 208 208 208 208 208 208 208 208 208 207 207 207 207 207 207 207 207 207 207 207 207 207 206 206 206 206 206 206 206 206 206 206 206 206 206 206 206 206 206 206 205 205 205 205 205 205 205 205 205 205 205 204 204 204 204 204 204 204 204 204 204 203 203 203 203 203 203 203 203 203 203 202 202 202 202 202 202 202 202 202 201 201 201 201 201 201 201 201 201 200 200 200 200 200 200 200 200 NA NA NA NA NA NA NA NA NA NA NA NA NA NA NA NA NA NA NA NA NA NA NA NA NA NA NA NA NA NA NA NA NA NA NA NA NA NA NA NA NA NA NA NA NA NA NA NA NA NA NA NA NA NA NA NA NA NA NA NA NA NA NA NA NA NA NA NA NA NA NA NA NA NA NA NA NA NA NA NA NA NA NA NA NA NA NA NA NA NA NA NA NA NA NA NA NA NA NA NA NA NA NA NA NA NA NA NA NA NA NA NA NA NA NA NA NA NA NA NA NA NA NA NA NA NA NA NA NA NA NA NA NA NA NA NA NA NA NA NA NA NA NA NA NA NA NA NA NA NA NA NA NA NA NA NA NA NA NA NA NA NA NA NA NA NA NA NA NA NA NA NA NA NA NA NA NA NA NA NA NA NA NA NA NA NA NA NA NA NA NA NA NA NA NA NA NA NA NA
NA NA NA NA NA NA NA NA NA NA NA NA NA NA NA NA NA NA NA NA NA NA NA NA NA NA NA NA NA NA NA NA NA NA NA NA NA NA NA NA NA NA NA NA NA NA NA NA NA NA NA NA NA NA NA NA NA NA NA NA NA NA NA NA NA NA NA NA NA NA NA NA NA 216 216 216 216 216 216 216 216 216 216 216 216 215 215 215 215 215 215 215 215 215 215 215 215 215 215 215 215 215 214 214 214 214 214 214 214 214 214 214 214 214 214 214 214 214 213 213 213 213 213 213 213 213 213 213 213 213 213 213 213 213 213 213 213 213 213 213 213 212 212 212 212 212 212 212 212 212 212 212 212 212 212 212 212 212 211 211 211 211 211 211 211 211 211 211 211 211 211 211 210 210 210 210 210 210 210 210 210 210 210 210 210 210 210 210 210 210 209 209 209 209 209 209 209 209 209 209 209 209 208 208 208 208 208 208 208 208 208 208 208 208 208 208 208 207 207 207 207 207 207 207 207 207 207 207 207 207 206 206 206 206 206 206 206 206 206 206 206 206 206 206 206 206 206 206 205 205 205 205 205 205 205 205 205 205 205 204 204 204 204 204 204 204 204 204 204 203 203 203 203 203 203 203 203 203 203 202 202 202 202 202 202 202 202 202 201 201 201 201 201 201 201 201 200 200 200 200 200 200 200 200 200 200 199 199 NA NA 199 NA NA NA NA NA NA NA NA NA NA NA NA NA NA NA NA NA NA NA NA NA NA NA NA NA NA NA NA NA NA NA NA NA NA NA NA NA NA NA NA NA NA NA NA NA NA NA NA NA NA NA NA NA NA NA NA NA NA NA NA NA NA NA NA NA NA NA NA NA NA NA NA NA NA NA NA NA NA NA NA NA NA NA NA NA NA NA NA NA NA NA NA NA NA NA NA NA NA NA NA NA NA NA NA NA NA NA NA NA NA NA NA NA NA NA NA NA NA NA NA NA NA NA NA NA NA NA NA NA NA NA NA NA NA NA NA NA NA NA NA NA NA NA NA NA NA NA NA NA NA NA NA NA NA NA NA NA NA NA NA NA NA NA NA NA NA NA NA NA NA NA NA NA NA NA NA NA NA NA NA NA NA NA NA NA NA NA NA NA NA NA NA
NA NA NA NA NA NA NA NA NA NA NA NA NA NA NA NA NA NA NA NA NA NA NA NA NA NA NA NA NA NA NA NA NA NA NA NA NA NA NA NA NA NA NA NA NA NA NA NA NA NA NA NA NA NA NA NA NA NA NA NA NA NA NA NA NA NA NA NA NA NA NA NA NA NA 216 216 216 216 216 216 216 216 216 216 216 215 215 215 215 215 215 215 215 215 215 215 215 215 215 215 215 215 215 214 214 214 214 214 214 214 214 214 214 214 214 214 213 213 213 213 213 213 213 213 213 213 213 213 213 213 213 213 213 213 213 213 213 213 213 213 213 213 213 212 212 212 212 212 212 212 212 212 212 212 212 212 212 212 212 211 211 211 211 211 211 211 211 211 211 211 211 211 210 210 210 210 210 210 210 210 210 210 210 210 210 210 210 210 210 210 210 210 209 209 209 209 209 209 209 209 209 209 209 209 208 208 208 208 208 208 208 208 208 208 208 208 208 208 208 207 207 207 207 207 207 207 207 207 207 207 207 207 206 206 206 206 206 206 206 206 206 206 206 206 206 206 206 206 206 206 205 205 205 205 205 205 205 205 205 205 204 204 204 204 204 204 204 204 204 204 203 203 203 203 203 203 203 203 203 203 202 202 202 202 202 202 202 202 202 202 201 201 201 201 201 201 201 200 200 200 200 200 200 200 200 200 200 199 199 199 199 199 199 199 NA NA NA NA NA NA NA NA NA NA NA NA NA NA NA NA NA NA NA NA NA NA NA NA NA NA NA NA NA NA NA NA NA NA NA NA NA NA NA NA NA NA NA NA NA NA NA NA NA NA NA NA NA NA NA NA NA NA NA NA NA NA NA NA NA NA NA NA NA NA NA NA NA NA NA NA NA NA NA NA NA NA NA NA NA NA NA NA NA NA NA NA NA NA NA NA NA NA NA NA NA NA NA NA NA NA NA NA NA NA NA NA NA NA NA NA NA NA NA NA NA NA NA NA NA NA NA NA NA NA NA NA NA NA NA NA NA NA NA NA NA NA NA NA NA NA NA NA NA NA NA NA NA NA NA NA NA NA NA NA NA NA NA NA NA NA NA NA NA NA NA NA NA NA NA NA NA NA NA NA NA NA NA NA NA NA NA NA NA
NA NA NA NA NA NA NA NA NA NA NA NA NA NA NA NA NA NA NA NA NA NA NA NA NA NA NA NA NA NA NA NA NA NA NA NA NA NA NA NA NA NA NA NA NA NA NA NA NA NA NA NA NA NA NA NA 217 217 217 217 NA NA NA NA NA NA NA NA NA NA NA NA NA NA NA 216 216 216 216 216 216 216 216 216 216 216 216 215 215 215 215 215 215 215 215 215 215 215 215 215 215 215 215 215 214 214 214 214 214 214 214 214 214 214 214 214 214 214 214 214 214 213 213 213 213 214 213 213 213 213 213 213 213 213 213 213 213 213 213 213 213 213 213 213 213 213 212 212 212 212 212 212 212 212 212 212 212 212 212 212 212 211 211 211 211 211 211 211 211 211 211 211 211 211 211 210 210 210 210 210 210 210 210 210 210 210 210 210 210 210 210 210 209 209 209 209 209 209 209 209 209 209 209 209 209 209 208 208 208 208 208 208 208 208 208 208 208 208 208 208 208 207 207 207 207 207 207 207 207 207 207 207 207 206 206 206 206 206 206 206 206 206 206 206 206 206 206 206 206 206 206 205 205 205 205 205 205 205 205 205 205 204 204 204 204 204 204 204 204 204 204 204 203 203 203 203 203 203 203 203 203 202 202 202 202 202 202 202 202 202 202 201 201 201 201 201 201 201 201 200 200 200 200 200 200 200 200 200 199 199 199 199 199 199 NA NA NA NA NA NA NA NA NA NA NA NA NA NA NA NA NA NA NA NA NA NA NA NA NA NA NA NA NA NA NA NA NA NA NA NA NA NA NA NA NA NA NA NA NA NA NA NA NA NA NA NA NA NA NA NA NA NA NA NA NA NA NA NA NA NA NA NA NA NA NA NA NA NA NA NA NA NA NA NA NA NA NA NA NA NA NA NA NA NA NA NA NA NA NA NA NA NA NA NA NA NA NA NA NA NA NA NA NA NA NA NA NA NA NA NA NA NA NA NA NA NA NA NA NA NA NA NA NA NA NA NA NA NA NA NA NA NA NA NA NA NA NA NA NA NA NA NA NA NA NA NA NA NA NA NA NA NA NA NA NA NA NA NA NA NA NA NA NA NA NA NA NA NA NA NA NA NA NA NA NA NA NA NA NA NA NA NA NA
NA NA NA NA NA NA NA NA NA NA NA NA NA NA NA NA NA NA NA NA NA NA NA NA NA NA NA NA NA NA NA NA NA NA NA NA NA NA NA NA NA NA 218 218 218 218 NA NA NA NA NA NA NA NA NA NA NA 217 217 217 217 NA NA NA NA NA NA NA NA NA NA NA NA NA NA NA 216 216 216 216 216 216 216 216 216 216 216 216 215 215 215 215 216 215 215 215 215 215 215 215 215 215 215 215 215 214 214 214 214 214 214 214 214 214 214 214 214 214 214 214 214 214 213 213 214 214 213 213 213 213 213 213 213 213 213 213 213 213 213 213 213 213 213 213 213 213 213 212 212 212 212 212 212 212 212 212 212 212 212 212 212 211 211 211 211 211 211 211 211 211 211 211 211 211 211 211 210 210 210 210 210 210 210 210 210 210 210 210 210 210 210 210 210 210 209 209 209 209 209 209 209 209 209 209 209 209 209 209 208 208 208 208 208 208 208 208 208 208 208 208 208 207 207 207 207 207 207 207 207 207 207 207 207 207 207 206 206 206 206 206 206 206 206 206 206 206 206 206 206 206 206 206 205 205 205 205 205 205 205 205 205 205 205 204 204 204 204 204 204 204 204 204 204 203 203 203 203 203 203 203 203 203 203 202 202 202 202 202 202 202 202 202 201 201 201 201 201 201 201 201 200 200 200 200 200 200 200 200 200 199 199 199 199 199 199 199 199 199 NA NA NA NA NA NA NA NA NA NA NA NA NA NA NA NA NA NA NA NA NA NA NA NA NA NA NA NA NA NA NA NA NA NA NA NA NA NA NA NA NA NA NA NA NA NA NA NA NA NA NA NA NA NA NA NA NA NA NA NA NA NA NA NA NA NA NA NA NA NA NA NA NA NA NA NA NA NA NA NA NA NA NA NA NA NA NA NA NA NA NA NA NA NA NA NA NA NA NA NA NA NA NA NA NA NA NA NA NA NA NA NA NA NA NA NA NA NA NA NA NA NA NA NA NA NA NA NA NA NA NA NA NA NA NA NA NA NA NA NA NA NA NA NA NA NA NA NA NA NA NA NA NA NA NA NA NA NA NA NA NA NA NA NA NA NA NA NA NA NA NA NA NA NA NA NA NA NA NA NA NA NA NA NA NA
NA NA NA NA NA NA NA NA NA NA NA NA NA NA NA NA NA NA NA NA NA NA NA NA NA NA NA NA NA NA NA NA NA NA NA NA NA NA NA NA NA NA NA 218 218 218 218 218 NA NA NA NA NA NA NA NA 218 218 217 218 217 217 NA NA NA NA NA NA NA NA NA NA NA 216 216 216 216 216 216 216 216 216 216 216 216 216 216 216 216 216 215 215 216 216 216 215 215 216 215 215 215 215 215 215 215 215 215 215 214 214 214 214 214 214 214 214 214 214 214 214 214 214 213 214 214 214 213 213 213 213 213 213 213 213 213 213 213 213 213 213 213 213 213 213 213 213 213 213 212 212 212 212 212 212 212 212 212 212 212 212 211 211 211 211 211 211 211 211 211 211 211 211 211 211 211 211 211 211 211 211 211 210 210 210 210 210 210 210 210 210 210 210 210 210 210 210 209 209 209 209 209 209 209 209 209 209 209 209 209 209 208 208 208 208 208 208 208 208 208 208 208 208 207 207 207 207 207 207 207 207 207 207 207 207 207 207 206 206 206 206 206 206 206 206 206 206 206 206 206 206 206 206 206 206 205 205 205 205 205 205 205 205 205 205 204 204 204 204 204 204 204 204 204 204 203 203 203 203 203 203 203 203 203 203 202 202 202 202 202 202 202 202 202 201 201 201 201 201 201 201 201 201 200 200 200 200 200 200 200 200 199 199 199 199 199 199 199 199 199 199 NA NA NA NA NA NA NA NA NA NA NA NA NA NA NA NA NA NA NA NA NA NA NA NA NA NA NA NA NA NA NA NA NA NA NA NA NA NA NA NA NA NA NA NA NA NA NA NA NA NA NA NA NA NA NA NA NA NA NA NA NA NA NA NA NA NA NA NA NA NA NA NA NA NA NA NA NA NA NA NA NA NA NA NA NA NA NA NA NA NA NA NA NA NA NA NA NA NA NA NA NA NA NA NA NA NA NA NA NA NA NA NA NA NA NA NA NA NA NA NA NA NA NA NA NA NA NA NA NA NA NA NA NA NA NA NA NA NA NA NA NA NA NA NA NA NA NA NA NA NA NA NA NA NA NA NA NA NA NA NA NA NA NA NA NA NA NA NA NA NA NA NA NA NA NA NA NA NA NA NA NA NA NA
NA NA NA NA NA NA NA NA NA NA NA NA NA NA NA NA NA NA NA NA NA NA NA NA NA NA NA NA NA NA NA NA NA NA NA NA NA NA NA NA NA NA NA NA NA 218 218 218 218 218 NA 218 NA NA NA NA NA 218 218 218 218 218 NA NA 217 NA NA NA NA NA NA NA NA NA 217 217 217 217 216 216 216 216 216 216 216 216 216 216 216 216 216 215 216 216 216 216 215 216 215 215 215 216 216 215 215 215 215 215 214 214 215 214 214 214 214 214 214 214 214 214 214 214 214 214 214 214 214 213 213 213 213 213 213 213 213 213 213 213 213 212 212 212 213 213 212 212 212 212 212 212 212 212 212 212 212 212 212 212 212 211 211 211 211 211 211 211 211 211 211 211 211 211 211 211 211 211 211 211 211 211 211 211 211 210 210 210 210 210 210 210 210 210 210 210 210 210 209 209 209 209 209 209 209 209 209 209 209 209 209 209 209 208 208 208 208 208 208 208 208 208 208 208 208 208 208 207 207 207 207 207 207 207 207 207 207 207 207 207 206 206 206 206 207 206 206 206 206 206 206 206 206 206 206 206 205 205 205 205 205 205 205 205 205 205 205 204 204 204 204 204 204 204 204 204 204 204 203 203 203 203 203 203 203 203 203 202 202 202 202 202 202 202 202 202 201 201 201 201 201 201 201 201 201 200 200 200 200 200 200 200 200 199 199 199 199 199 199 199 199 199 199 NA NA NA NA NA NA NA NA NA NA NA NA NA NA NA NA NA NA NA NA NA NA NA NA NA NA NA NA NA NA NA NA NA NA NA NA NA NA NA NA NA NA NA NA NA NA NA NA NA NA NA NA NA NA NA NA NA NA NA NA NA NA NA NA NA NA NA NA NA NA NA NA NA NA NA NA NA NA NA NA NA NA NA NA NA NA NA NA NA NA NA NA NA NA NA NA NA NA NA NA NA NA NA NA NA NA NA NA NA NA NA NA NA NA NA NA NA NA NA NA NA NA NA NA NA NA NA NA NA NA NA NA NA NA NA NA NA NA NA NA NA NA NA NA NA NA NA NA NA NA NA NA NA NA NA NA NA NA NA NA NA NA NA NA NA NA NA NA NA NA NA NA NA NA NA NA NA NA NA NA NA NA
NA NA NA NA NA NA NA NA NA NA NA NA NA NA NA NA NA NA NA NA NA NA NA NA NA NA NA NA NA NA NA NA NA NA NA NA NA NA NA NA NA NA NA NA NA 218 218 218 218 218 218 218 218 218 218 218 218 218 218 218 218 218 218 217 217 217 NA 217 217 NA NA NA NA NA 217 217 216 217 217 217 216 216 216 216 216 216 216 216 216 216 216 215 216 216 216 216 215 216 215 215 215 215 215 215 215 215 215 215 215 215 215 215 214 215 215 215 215 214 214 214 214 214 214 214 214 214 214 214 214 213 213 213 213 213 213 213 213 213 213 213 213 212 212 212 212 212 212 212 212 212 212 212 212 212 212 212 212 212 212 212 212 212 212 211 211 211 211 211 211 211 211 211 211 211 211 211 211 211 211 211 211 211 211 211 211 210 210 210 210 210 210 210 210 210 210 210 210 210 210 209 209 209 209 209 209 209 209 209 209 209 209 209 209 208 208 208 208 208 208 208 208 208 208 208 208 208 208 208 207 207 207 207 207 207 207 207 207 207 207 207 206 206 207 207 206 206 206 206 206 206 206 206 206 206 206 206 205 205 205 205 205 205 205 205 205 205 205 204 204 204 204 204 204 204 204 204 204 203 203 203 203 203 203 203 203 203 203 202 202 202 202 202 202 202 201 201 201 201 201 201 201 201 201 200 200 200 200 200 200 200 200 199 199 199 199 199 199 199 199 199 199 199 198 199 NA NA NA NA NA NA NA NA NA NA NA NA NA NA NA NA NA NA NA NA NA NA NA NA NA NA NA NA NA NA NA NA NA NA NA NA NA NA NA NA NA NA NA NA NA NA NA NA NA NA NA NA NA NA NA NA NA NA NA NA NA NA NA NA NA NA NA NA NA NA NA NA NA NA NA NA NA NA NA NA NA NA NA NA NA NA NA NA NA NA NA NA NA NA NA NA NA NA NA NA NA NA NA NA NA NA NA NA NA NA NA NA NA NA NA NA NA NA NA NA NA NA NA NA NA NA NA NA NA NA NA NA NA NA NA NA NA NA NA NA NA NA NA NA NA NA NA NA NA NA NA NA NA NA NA NA NA NA NA NA NA NA NA NA NA NA NA NA NA NA NA NA NA NA NA NA NA NA NA
NA NA NA NA NA NA NA NA NA NA NA NA NA NA NA NA NA NA NA NA NA NA NA NA NA NA NA NA NA NA NA NA NA NA NA NA NA NA NA NA NA NA NA NA 218 218 218 218 218 218 218 218 218 218 218 218 218 218 218 218 217 217 217 217 217 217 217 217 217 217 217 217 217 217 217 217 216 216 216 216 217 217 216 216 216 216 216 216 216 216 216 216 216 216 216 216 216 215 216 215 215 215 215 215 215 215 215 215 215 215 215 215 215 215 215 215 215 215 215 215 215 214 214 214 214 214 214 214 214 214 214 214 213 213 213 213 213 213 213 213 213 213 213 213 213 213 213 213 213 213 212 212 212 212 212 212 212 212 212 212 212 212 212 212 212 212 212 211 211 211 211 211 211 211 211 211 211 211 211 211 211 211 211 211 211 211 210 210 210 210 210 210 210 210 210 210 210 210 210 210 209 209 209 209 209 209 209 209 209 209 209 209 209 209 208 208 208 208 208 208 208 208 208 208 208 208 208 208 208 208 207 207 207 207 207 207 207 207 207 207 207 206 207 207 207 207 206 206 206 206 206 206 206 206 206 206 206 206 205 205 205 205 205 205 205 205 205 205 204 204 204 204 204 204 204 204 204 204 203 203 203 203 203 203 203 203 203 203 202 202 202 202 202 202 202 201 201 201 201 201 201 201 201 201 200 200 200 200 200 200 200 199 199 199 199 199 199 199 199 199 199 199 199 199 199 NA NA NA NA NA NA NA NA NA NA NA NA NA NA NA NA NA NA NA NA NA NA NA NA NA NA NA NA NA NA NA NA NA NA NA NA NA NA NA NA NA NA NA NA NA NA NA NA NA NA NA NA NA NA NA NA NA NA NA NA NA NA NA NA NA NA NA NA NA NA NA NA NA NA NA NA NA NA NA NA NA NA NA NA NA NA NA NA NA NA NA NA NA NA NA NA NA NA NA NA NA NA NA NA NA NA NA NA NA NA NA NA NA NA NA NA NA NA NA NA NA NA NA NA NA NA NA NA NA NA NA NA NA NA NA NA NA NA NA NA NA NA NA NA NA NA NA NA NA NA NA NA NA NA NA NA NA NA NA NA NA NA NA NA NA NA NA NA NA NA NA NA NA NA NA NA NA NA
NA NA NA NA NA NA NA NA NA NA NA NA NA NA NA NA NA NA NA NA NA NA NA NA NA NA NA NA NA NA NA NA NA NA NA NA NA NA NA NA NA NA NA 218 218 218 218 218 218 218 218 218 218 218 218 218 218 218 217 217 217 217 217 217 217 217 217 217 217 217 217 217 217 217 217 217 217 216 217 217 217 217 217 217 216 216 216 216 216 216 216 216 216 216 216 216 216 216 216 216 216 216 216 215 216 216 216 216 216 216 215 215 215 215 215 215 215 215 215 215 215 215 215 215 215 215 215 214 214 214 214 214 214 214 214 214 214 214 213 213 213 213 213 213 213 213 213 213 213 213 213 213 213 213 213 212 212 212 212 212 212 212 212 212 212 212 212 212 212 211 211 211 211 211 211 211 211 211 211 211 211 211 211 211 211 211 211 210 210 210 210 210 210 210 210 210 210 210 210 210 210 210 209 209 209 209 209 209 209 209 209 209 209 209 209 208 208 208 208 208 208 208 208 208 208 208 208 208 208 208 208 208 207 207 207 207 207 207 207 207 207 207 207 207 207 207 207 206 206 206 206 206 206 206 206 206 206 206 206 205 205 205 205 205 205 205 205 205 205 205 204 204 204 204 204 204 204 204 204 203 203 203 203 203 203 203 203 203 203 202 202 202 202 202 202 202 202 201 201 201 201 201 201 200 200 200 200 200 200 199 199 199 199 199 199 199 199 199 199 199 199 199 199 199 199 NA NA NA NA NA NA NA NA NA NA NA NA NA NA NA NA NA NA NA NA NA NA NA NA NA NA NA NA NA NA NA NA NA NA NA NA NA NA NA NA NA NA NA NA NA NA NA NA NA NA NA NA NA NA NA NA NA NA NA NA NA NA NA NA NA NA NA NA NA NA NA NA NA NA NA NA NA NA NA NA NA NA NA NA NA NA NA NA NA NA NA NA NA NA NA NA NA NA NA NA NA NA NA NA NA NA NA NA NA NA NA NA NA NA NA NA NA NA NA NA NA NA NA NA NA NA NA NA NA NA NA NA NA NA NA NA NA NA NA NA NA NA NA NA NA NA NA NA NA NA NA NA NA NA NA NA NA NA NA NA NA NA NA NA NA NA NA NA NA NA NA NA NA NA NA NA NA NA
NA NA NA NA NA NA NA NA NA NA NA NA NA NA NA NA NA NA NA NA NA NA NA NA NA NA NA NA NA NA NA NA NA NA NA NA NA NA NA NA NA 218 219 219 218 218 218 218 218 218 218 218 218 218 218 218 218 218 218 218 218 218 218 218 218 218 217 217 217 217 217 217 217 217 217 217 217 217 217 217 216 217 217 217 217 217 217 217 216 216 216 216 216 216 216 216 216 216 216 216 216 216 216 216 216 216 216 216 216 215 215 215 215 215 215 215 214 214 215 215 215 215 215 215 214 214 214 214 214 214 214 214 214 214 214 214 214 214 214 213 213 213 213 213 213 213 213 213 213 213 213 213 213 213 213 212 212 212 212 212 212 212 212 212 212 212 212 212 212 212 212 211 211 211 211 211 211 211 211 211 211 211 211 211 211 211 211 211 211 210 210 210 210 210 210 210 210 210 210 210 210 210 210 210 209 209 209 209 209 209 209 209 209 209 209 209 209 208 208 208 208 208 208 208 208 208 208 208 208 208 208 208 208 208 207 207 207 207 207 207 207 207 207 207 207 207 207 207 206 206 206 206 206 206 206 206 206 206 206 206 205 205 205 205 205 205 205 205 205 205 205 204 204 204 204 204 204 204 204 204 204 203 203 203 203 203 203 203 203 203 202 202 202 202 202 202 202 202 201 201 201 201 200 200 200 200 201 200 200 200 200 200 200 199 199 199 199 199 199 199 199 199 199 199 199 NA NA NA NA NA NA NA NA NA NA NA NA NA NA NA NA NA NA NA NA NA NA NA NA NA NA NA NA NA NA NA NA NA NA NA NA NA NA NA NA NA NA NA NA NA NA NA NA NA NA NA NA NA NA NA NA NA NA NA NA NA NA NA NA NA NA NA NA NA NA NA NA NA NA NA NA NA NA NA NA NA NA NA NA NA NA NA NA NA NA NA NA NA NA NA NA NA NA NA NA NA NA NA NA NA NA NA NA NA NA NA NA NA NA NA NA NA NA NA NA NA NA NA NA NA NA NA NA NA NA NA NA NA NA NA NA NA NA NA NA NA NA NA NA NA NA NA NA NA NA NA NA NA NA NA NA NA NA NA NA NA NA NA NA NA NA NA NA NA NA NA NA NA NA NA NA NA NA
NA NA NA NA NA NA NA NA NA NA NA NA NA NA NA NA NA NA NA NA NA NA NA NA NA NA NA NA NA NA NA NA 219 219 218 218 NA NA NA NA 218 218 219 219 219 218 218 218 218 218 218 218 218 218 218 218 218 218 218 218 218 218 218 218 218 217 217 217 217 217 217 217 217 217 217 217 217 217 217 217 217 217 217 217 217 217 216 217 216 216 216 216 216 216 216 216 216 216 216 216 216 216 216 216 216 216 216 215 216 215 215 215 215 215 215 215 214 214 215 214 215 215 215 214 214 214 214 214 214 214 214 214 214 214 214 214 214 214 214 214 214 214 213 213 213 213 213 213 213 213 213 213 213 213 213 213 213 213 212 212 212 212 212 212 212 212 212 212 212 212 212 212 211 211 211 211 211 211 211 211 211 211 211 211 211 211 211 211 211 211 211 211 210 210 210 210 210 210 210 210 210 210 210 210 210 210 209 209 209 209 209 209 209 209 209 209 209 209 209 208 208 208 208 208 208 208 208 208 208 208 208 208 208 208 208 207 207 207 207 207 207 207 207 207 207 207 207 207 207 206 206 206 206 206 206 206 206 206 206 206 206 206 205 205 205 205 205 205 205 205 205 205 204 204 204 204 204 204 204 204 204 204 203 203 203 203 203 203 203 203 203 203 202 202 202 202 202 202 202 201 201 201 200 200 201 201 201 201 200 200 200 201 201 200 199 199 199 199 199 199 199 199 199 199 199 NA NA NA NA NA NA NA NA NA NA NA NA NA NA NA NA NA NA NA NA NA NA NA NA NA NA NA NA NA NA NA NA NA NA NA NA NA NA NA NA NA NA NA NA NA NA NA NA NA NA NA NA NA NA NA NA NA NA NA NA NA NA NA NA NA NA NA NA NA NA NA NA NA NA NA NA NA NA NA NA NA NA NA NA NA NA NA NA NA NA NA NA NA NA NA NA NA NA NA NA NA NA NA NA NA NA NA NA NA NA NA NA NA NA NA NA NA NA NA NA NA NA NA NA NA NA NA NA NA NA NA NA NA NA NA NA NA NA NA NA NA NA NA NA NA NA NA NA NA NA NA NA NA NA NA NA NA NA NA NA NA NA NA NA NA NA NA NA NA NA NA NA NA NA NA NA NA NA
NA NA NA NA NA NA NA NA NA NA NA NA NA NA NA NA NA NA NA NA NA NA NA NA NA NA NA NA NA NA NA NA 219 219 219 219 218 218 218 218 218 218 219 219 219 219 218 218 218 218 218 218 218 218 218 218 218 218 218 218 218 218 218 217 218 217 217 217 217 217 217 217 217 217 217 217 217 217 217 217 217 217 217 217 216 216 216 216 216 216 216 216 216 216 216 216 216 216 216 216 216 216 216 216 216 216 215 215 215 215 215 215 215 215 215 215 214 215 215 215 215 215 215 214 214 214 214 214 214 214 214 214 214 214 214 214 214 214 214 214 214 214 214 213 213 213 213 213 213 213 213 213 213 213 213 213 213 213 213 213 213 212 212 212 212 212 212 212 212 212 212 212 212 212 211 211 211 211 211 211 211 211 211 211 211 211 211 211 211 211 211 211 210 210 210 210 210 210 210 210 210 210 210 210 210 210 210 209 209 209 209 209 209 209 209 209 209 209 209 209 209 208 208 208 208 208 208 208 208 208 208 208 208 208 208 208 208 207 207 207 207 207 208 207 207 207 207 207 207 207 207 206 206 206 206 206 206 206 206 206 206 206 206 205 205 205 205 205 205 205 205 205 205 204 204 204 204 204 204 204 204 204 204 204 203 203 203 203 203 203 203 203 202 202 202 202 202 202 202 201 201 201 201 201 201 201 201 201 201 200 200 201 201 200 200 200 200 200 199 199 199 200 NA NA NA NA NA NA NA NA NA NA NA NA NA NA NA NA NA NA NA NA NA NA NA NA NA NA NA NA NA NA NA NA NA NA NA NA NA NA NA NA NA NA NA NA NA NA NA NA NA NA NA NA NA NA NA NA NA NA NA NA NA NA NA NA NA NA NA NA NA NA NA NA NA NA NA NA NA NA NA NA NA NA NA NA NA NA NA NA NA NA NA NA NA NA NA NA NA NA NA NA NA NA NA NA NA NA NA NA NA NA NA NA NA NA NA NA NA NA NA NA NA NA NA NA NA NA NA NA NA NA NA NA NA NA NA NA NA NA NA NA NA NA NA NA NA NA NA NA NA NA NA NA NA NA NA NA NA NA NA NA NA NA NA NA NA NA NA NA NA NA NA NA NA NA NA NA NA NA NA NA NA
NA NA NA NA NA NA NA NA NA NA NA NA NA NA NA NA NA NA NA NA NA NA NA NA NA NA NA NA NA NA NA 219 219 219 219 219 219 218 218 218 218 218 219 219 219 219 219 219 219 218 218 218 218 218 218 218 218 218 218 218 218 218 218 218 218 218 217 217 217 217 217 217 217 217 217 217 217 217 217 217 217 217 216 216 216 216 216 216 216 216 216 216 216 216 216 216 216 216 216 216 216 216 216 215 215 215 215 215 215 215 215 215 215 215 215 215 215 215 215 215 215 215 215 215 214 214 214 214 214 214 214 214 214 214 214 214 214 214 214 214 214 214 214 214 214 213 213 213 213 213 213 213 213 213 213 213 213 213 213 213 213 213 212 212 212 212 212 212 212 212 212 212 212 212 212 211 211 211 211 211 211 211 211 211 211 211 211 211 211 211 211 211 211 211 210 210 210 210 210 210 210 210 210 210 210 210 210 210 210 209 209 209 209 209 209 209 209 209 209 209 209 209 208 208 208 208 208 208 208 208 208 208 208 208 208 208 208 208 208 207 207 207 208 208 207 207 207 207 207 207 207 206 206 206 206 206 206 206 206 206 206 206 206 206 206 205 205 205 205 205 205 205 205 205 205 204 204 204 204 204 204 204 204 204 203 203 203 203 203 203 203 203 203 202 202 202 202 202 202 201 202 202 201 202 201 201 201 201 201 201 200 201 200 200 200 200 200 200 200 NA NA NA NA NA NA NA NA NA NA NA NA NA NA NA NA NA NA NA NA NA NA NA NA NA NA NA NA NA NA NA NA NA NA NA NA NA NA NA NA NA NA NA NA NA NA NA NA NA NA NA NA NA NA NA NA NA NA NA NA NA NA NA NA NA NA NA NA NA NA NA NA NA NA NA NA NA NA NA NA NA NA NA NA NA NA NA NA NA NA NA NA NA NA NA NA NA NA NA NA NA NA NA NA NA NA NA NA NA NA NA NA NA NA NA NA NA NA NA NA NA NA NA NA NA NA NA NA NA NA NA NA NA NA NA NA NA NA NA NA NA NA NA NA NA NA NA NA NA NA NA NA NA NA NA NA NA NA NA NA NA NA NA NA NA NA NA NA NA NA NA NA NA NA NA NA NA NA NA NA NA NA NA NA
NA NA NA NA NA NA NA NA NA NA NA NA NA NA NA NA NA NA NA NA NA NA NA NA NA NA NA NA NA NA NA NA 219 219 219 219 219 219 219 218 218 218 219 219 219 219 219 219 219 219 218 218 218 218 218 218 218 218 218 218 218 218 218 218 218 218 218 217 217 217 217 217 217 217 217 217 217 217 217 217 217 217 217 217 217 217 216 216 216 216 216 216 216 216 216 216 216 216 216 216 216 216 216 215 216 216 216 215 215 216 216 215 215 215 215 215 215 215 215 215 215 215 215 215 215 215 215 215 215 214 214 214 214 214 214 214 214 214 214 214 214 214 214 214 214 214 214 213 213 213 213 213 213 213 213 213 213 213 213 213 213 213 213 213 212 212 212 212 212 212 212 212 212 212 212 212 211 211 211 211 211 211 211 211 211 211 211 211 211 211 211 211 211 211 211 211 210 210 210 210 210 210 210 210 210 210 210 210 210 210 210 209 209 209 209 209 209 209 209 209 209 209 209 209 209 208 208 208 208 208 208 208 208 208 208 208 208 208 208 208 207 207 208 208 208 208 207 207 207 207 207 207 206 206 206 206 206 206 206 206 206 206 206 206 206 206 205 205 205 205 205 205 205 205 205 205 204 204 204 204 204 204 204 204 204 204 203 203 203 203 203 203 203 203 203 202 202 202 202 202 202 201 201 201 201 201 201 201 201 201 201 201 200 200 200 200 200 200 200 NA NA NA NA NA NA NA NA NA NA NA NA NA NA NA NA NA NA NA NA NA NA NA NA NA NA NA NA NA NA NA NA NA NA NA NA NA NA NA NA NA NA NA NA NA NA NA NA NA NA NA NA NA NA NA NA NA NA NA NA NA NA NA NA NA NA NA NA NA NA NA NA NA NA NA NA NA NA NA NA NA NA NA NA NA NA NA NA NA NA NA NA NA NA NA NA NA NA NA NA NA NA NA NA NA NA NA NA NA NA NA NA NA NA NA NA NA NA NA NA NA NA NA NA NA NA NA NA NA NA NA NA NA NA NA NA NA NA NA NA NA NA NA NA NA NA NA NA NA NA NA NA NA NA NA NA NA NA NA NA NA NA NA NA NA NA NA NA NA NA NA NA NA NA NA NA NA NA NA NA NA NA NA NA
NA NA NA NA NA NA NA NA NA NA NA NA NA NA NA NA NA NA NA NA NA NA NA NA NA NA NA NA NA NA NA NA NA 219 219 219 219 219 219 219 219 218 219 219 219 219 219 219 219 219 219 218 218 218 218 218 218 218 218 218 218 218 218 218 218 218 218 218 218 218 218 217 217 217 217 217 217 217 217 217 217 217 217 217 217 217 217 217 217 217 216 216 217 216 216 216 216 216 216 216 216 216 216 216 216 216 216 215 216 215 215 215 215 215 215 215 215 215 215 215 215 215 215 215 215 215 215 215 215 215 215 214 214 214 214 214 214 214 214 214 214 214 214 214 214 214 214 214 214 213 213 213 213 213 213 213 213 213 213 213 213 213 213 213 213 212 212 212 212 212 212 212 212 212 212 212 212 211 211 212 212 212 212 211 211 211 211 211 211 211 211 211 211 211 211 211 211 210 210 210 210 210 210 210 210 210 210 210 210 210 210 210 210 209 209 209 209 209 209 209 209 209 209 209 209 209 208 208 208 208 208 208 208 208 208 208 208 208 208 208 208 208 208 208 208 208 208 207 207 207 207 207 207 206 206 206 206 206 206 206 206 206 206 206 206 206 206 205 205 205 205 205 205 205 205 205 205 205 204 204 204 204 204 204 204 204 204 203 203 203 203 203 203 203 203 203 202 202 202 202 202 202 202 201 201 201 201 201 201 201 201 201 201 200 201 200 200 200 200 NA NA NA NA NA NA NA NA NA NA NA NA NA NA NA NA NA NA NA NA NA NA NA NA NA NA NA NA NA NA NA NA NA NA NA NA NA NA NA NA NA NA NA NA NA NA NA NA NA NA NA NA NA NA NA NA NA NA NA NA NA NA NA NA NA NA NA NA NA NA NA NA NA NA NA NA NA NA NA NA NA NA NA NA NA NA NA NA NA NA NA NA NA NA NA NA NA NA NA NA NA NA NA NA NA NA NA NA NA NA NA NA NA NA NA NA NA NA NA NA NA NA NA NA NA NA NA NA NA NA NA NA NA NA NA NA NA NA NA NA NA NA NA NA NA NA NA NA NA NA NA NA NA NA NA NA NA NA NA NA NA NA NA NA NA NA NA NA NA NA NA NA NA NA NA NA NA NA NA NA NA NA NA NA
NA NA NA NA NA NA NA NA NA NA NA NA NA NA NA NA NA NA NA NA NA NA NA NA NA NA NA NA NA NA NA NA NA 219 219 219 219 219 219 219 219 218 219 219 219 219 219 219 219 219 219 219 219 218 218 218 218 218 218 218 218 218 218 218 218 218 218 218 218 218 218 218 218 218 217 217 217 217 217 217 217 217 217 217 217 217 217 217 217 217 217 216 217 217 216 216 216 216 216 216 216 216 216 216 216 216 216 216 216 216 215 215 215 215 215 215 215 215 215 215 215 215 215 215 215 215 215 215 215 215 215 215 215 215 214 214 214 214 214 214 214 214 214 214 214 214 214 214 214 214 214 214 213 213 213 213 213 213 213 213 213 213 213 213 213 213 213 212 212 212 212 212 212 212 212 212 212 212 212 212 212 212 212 212 211 211 211 211 211 211 211 211 211 211 211 211 211 211 210 210 210 210 210 210 210 210 210 210 210 210 210 210 210 210 209 209 209 209 209 209 209 209 209 209 209 209 209 209 208 208 208 208 208 208 208 208 208 208 208 208 208 208 208 208 208 208 208 208 207 207 207 207 207 207 206 206 206 206 206 206 206 206 206 206 206 206 206 206 206 205 205 205 205 205 205 205 205 205 205 204 204 204 204 204 204 204 204 204 204 203 203 203 203 203 203 203 203 203 202 202 202 202 202 202 202 202 201 201 201 201 201 201 201 201 201 200 200 200 200 200 NA NA NA NA NA NA NA NA NA NA NA NA NA NA NA NA NA NA NA NA NA NA NA NA NA NA NA NA NA NA NA NA NA NA NA NA NA NA NA NA NA NA NA NA NA NA NA NA NA NA NA NA NA NA NA NA NA NA NA NA NA NA NA NA NA NA NA NA NA NA NA NA NA NA NA NA NA NA NA NA NA NA NA NA NA NA NA NA NA NA NA NA NA NA NA NA NA NA NA NA NA NA NA NA NA NA NA NA NA NA NA NA NA NA NA NA NA NA NA NA NA NA NA NA NA NA NA NA NA NA NA NA NA NA NA NA NA NA NA NA NA NA NA NA NA NA NA NA NA NA NA NA NA NA NA NA NA NA NA NA NA NA NA NA NA NA NA NA NA NA NA NA NA NA NA NA NA NA NA NA NA NA NA
NA NA NA NA NA NA NA NA NA NA NA NA NA NA NA NA NA NA NA NA NA NA NA NA NA NA NA NA NA NA NA NA NA NA 219 219 219 219 219 219 219 219 219 219 219 219 219 219 219 219 219 219 219 219 219 218 218 218 218 218 218 218 218 218 218 218 218 218 218 218 218 218 218 218 218 217 217 217 217 217 217 217 217 217 217 217 217 217 217 217 217 217 217 217 217 217 217 216 216 216 216 216 216 216 216 216 216 216 216 216 216 216 216 215 215 215 215 215 215 215 215 215 215 215 215 215 215 215 215 215 215 215 215 215 215 214 214 214 214 214 214 214 214 214 214 214 214 214 214 214 214 214 214 214 213 213 213 213 213 213 213 213 213 213 213 213 213 213 213 213 212 212 212 212 212 212 212 212 212 212 212 212 212 212 212 212 211 211 211 211 211 211 211 211 211 211 211 211 211 211 211 210 210 210 210 210 210 210 210 210 210 210 210 210 210 210 209 209 209 209 209 209 209 209 209 209 209 209 209 208 208 208 208 208 208 208 208 208 208 208 208 208 208 208 208 208 208 208 208 207 207 207 207 207 207 207 206 206 206 206 206 206 206 206 206 206 206 206 206 206 205 205 205 205 205 205 205 205 205 205 204 204 204 204 204 204 204 204 204 204 203 203 203 203 203 203 203 203 203 202 202 202 202 202 202 202 202 202 202 201 201 201 201 201 201 200 200 200 200 NA NA NA NA NA NA NA NA NA NA NA NA NA NA NA NA NA NA NA NA NA NA NA NA NA NA NA NA NA NA NA NA NA NA NA NA NA NA NA NA NA NA NA NA NA NA NA NA NA NA NA NA NA NA NA NA NA NA NA NA NA NA NA NA NA NA NA NA NA NA NA NA NA NA NA NA NA NA NA NA NA NA NA NA NA NA NA NA NA NA NA NA NA NA NA NA NA NA NA NA NA NA NA NA NA NA NA NA NA NA NA NA NA NA NA NA NA NA NA NA NA NA NA NA NA NA NA NA NA NA NA NA NA NA NA NA NA NA NA NA NA NA NA NA NA NA NA NA NA NA NA NA NA NA NA NA NA NA NA NA NA NA NA NA NA NA NA NA NA NA NA NA NA NA NA NA NA NA NA NA NA NA NA NA
NA NA NA NA NA NA NA NA NA NA NA NA NA NA NA NA NA NA NA NA NA NA NA NA NA NA NA NA NA NA NA NA NA NA NA 219 219 219 219 219 219 219 219 219 219 219 219 219 219 219 219 219 219 219 219 219 219 218 218 218 218 218 218 218 218 218 218 218 218 218 218 218 218 218 218 218 218 218 217 217 217 217 217 217 217 217 217 217 217 217 217 217 217 217 217 217 217 217 217 216 216 216 216 216 216 216 216 216 216 216 216 216 216 216 216 216 216 215 215 215 215 215 215 215 215 215 215 215 215 215 215 215 215 215 215 215 215 214 214 214 214 214 214 214 214 214 214 214 214 214 214 214 214 214 214 213 213 213 213 213 213 213 213 213 213 213 213 213 213 213 213 212 212 212 212 212 212 212 212 212 212 212 212 212 212 212 212 212 212 211 211 211 211 211 211 211 211 211 211 211 211 211 211 210 210 210 210 210 210 210 210 210 210 210 210 210 210 210 209 209 209 209 209 209 209 209 209 209 209 209 209 208 208 208 208 208 208 208 208 208 208 208 208 208 208 208 208 208 208 208 207 207 207 207 207 207 207 207 206 206 206 206 206 206 206 206 206 206 206 206 206 205 205 205 205 205 205 205 205 205 205 204 204 204 204 204 204 204 204 204 204 203 203 203 203 203 203 203 203 203 203 202 202 202 202 202 202 202 202 201 201 201 201 201 201 201 200 200 NA NA NA NA NA NA NA NA NA NA NA NA NA NA NA NA NA NA NA NA NA NA NA NA NA NA NA NA NA NA NA NA NA NA NA NA NA NA NA NA NA NA NA NA NA NA NA NA NA NA NA NA NA NA NA NA NA NA NA NA NA NA NA NA NA NA NA NA NA NA NA NA NA NA NA NA NA NA NA NA NA NA NA NA NA NA NA NA NA NA NA NA NA NA NA NA NA NA NA NA NA NA NA NA NA NA NA NA NA NA NA NA NA NA NA NA NA NA NA NA NA NA NA NA NA NA NA NA NA NA NA NA NA NA NA NA NA NA NA NA NA NA NA NA NA NA NA NA NA NA NA NA NA NA NA NA NA NA NA NA NA NA NA NA NA NA NA NA NA NA NA NA NA NA NA NA NA NA NA NA NA NA NA NA NA
NA NA NA NA NA NA NA NA NA NA NA NA NA NA NA NA NA NA NA NA NA NA NA NA NA NA NA NA NA NA NA NA NA NA 219 219 219 219 219 219 219 219 219 219 219 219 219 219 219 219 219 219 219 219 219 219 219 219 219 219 218 218 218 218 218 218 218 218 218 218 218 218 218 218 218 218 218 218 218 217 217 217 217 217 217 217 217 217 217 217 217 217 217 217 217 217 217 217 217 217 217 216 216 216 216 216 216 216 216 216 216 216 216 216 216 216 216 216 216 216 215 215 215 215 215 215 215 215 215 215 215 215 215 215 215 215 215 215 215 214 214 214 214 214 214 214 214 214 214 214 214 214 214 214 214 214 213 213 213 213 213 213 213 213 213 213 213 213 213 213 213 213 213 213 212 212 212 212 212 212 212 212 212 212 212 212 212 212 212 212 212 211 211 211 211 211 211 211 211 211 211 211 211 211 211 210 210 210 210 210 210 210 210 210 210 210 210 210 210 209 209 209 209 209 209 209 209 209 209 209 209 209 209 209 208 208 208 208 208 208 208 208 208 208 208 208 208 208 208 208 208 208 207 207 207 207 207 207 207 206 206 206 206 206 206 206 206 206 206 206 206 206 205 205 205 205 205 205 205 205 205 205 205 204 204 204 204 204 204 204 204 204 203 203 203 203 203 203 203 203 203 203 203 202 202 202 202 202 202 202 202 202 201 201 201 201 201 NA NA NA NA NA NA NA NA NA NA NA NA NA NA NA NA NA NA NA NA NA NA NA NA NA NA NA NA NA NA NA NA NA NA NA NA NA NA NA NA NA NA NA NA NA NA NA NA NA NA NA NA NA NA NA NA NA NA NA NA NA NA NA NA NA NA NA NA NA NA NA NA NA NA NA NA NA NA NA NA NA NA NA NA NA NA NA NA NA NA NA NA NA NA NA NA NA NA NA NA NA NA NA NA NA NA NA NA NA NA NA NA NA NA NA NA NA NA NA NA NA NA NA NA NA NA NA NA NA NA NA NA NA NA NA NA NA NA NA NA NA NA NA NA NA NA NA NA NA NA NA NA NA NA NA NA NA NA NA NA NA NA NA NA NA NA NA NA NA NA NA NA NA NA NA NA NA NA NA NA NA NA NA NA NA NA
NA NA NA NA NA NA NA NA NA NA NA NA NA NA NA NA NA NA NA NA NA NA NA NA NA NA NA NA NA NA NA NA NA NA 219 219 219 219 219 219 219 219 219 219 219 219 219 219 219 219 219 219 219 219 219 219 219 219 219 219 219 218 218 218 218 218 218 218 218 218 218 218 218 218 218 218 218 218 218 218 217 217 217 217 217 217 217 217 217 217 217 217 217 217 217 217 217 217 217 217 217 217 217 216 216 216 216 216 216 216 216 216 216 216 216 216 216 216 216 216 216 216 216 215 215 215 215 215 215 215 215 215 215 215 215 215 215 215 215 215 214 214 214 214 214 214 214 214 214 214 214 214 214 214 214 214 214 214 214 213 213 213 213 213 213 213 213 213 213 213 213 213 213 213 213 213 212 212 212 212 212 212 212 212 212 212 212 212 212 212 212 212 211 211 211 211 211 211 211 211 211 211 211 211 211 211 210 210 210 210 210 210 210 210 210 210 210 210 210 210 210 209 209 209 209 209 209 209 209 209 209 209 209 209 209 209 208 208 208 208 208 208 209 208 208 208 208 208 208 208 208 208 208 207 207 207 207 207 207 207 207 206 206 206 206 206 206 206 206 206 206 206 206 206 205 205 205 205 205 205 205 205 205 205 205 204 204 204 204 204 204 204 204 204 203 203 203 203 203 203 203 203 203 203 202 202 202 202 202 202 202 202 201 201 201 201 201 NA NA NA NA NA NA NA NA NA NA NA NA NA NA NA NA NA NA NA NA NA NA NA NA NA NA NA NA NA NA NA NA NA NA NA NA NA NA NA NA NA NA NA NA NA NA NA NA NA NA NA NA NA NA NA NA NA NA NA NA NA NA NA NA NA NA NA NA NA NA NA NA NA NA NA NA NA NA NA NA NA NA NA NA NA NA NA NA NA NA NA NA NA NA NA NA NA NA NA NA NA NA NA NA NA NA NA NA NA NA NA NA NA NA NA NA NA NA NA NA NA NA NA NA NA NA NA NA NA NA NA NA NA NA NA NA NA NA NA NA NA NA NA NA NA NA NA NA NA NA NA NA NA NA NA NA NA NA NA NA NA NA NA NA NA NA NA NA NA NA NA NA NA NA NA NA NA NA NA NA NA NA NA NA NA NA
NA NA NA NA NA NA NA NA NA NA NA NA NA NA NA NA NA NA NA NA NA NA NA NA NA NA NA NA NA NA NA NA NA NA 219 219 219 219 219 219 219 219 220 219 219 219 219 219 219 219 219 219 219 219 219 219 219 219 219 219 219 219 219 218 218 218 218 218 218 218 218 218 218 218 218 218 218 218 218 218 218 217 217 217 217 217 217 217 217 217 217 217 217 217 217 217 217 217 217 217 217 217 217 217 216 216 216 216 216 216 216 216 216 216 216 216 216 216 216 216 216 216 216 216 216 215 215 215 215 215 215 215 215 215 215 215 215 215 215 215 215 215 214 214 214 214 214 214 214 214 214 214 214 214 214 214 214 214 214 214 213 213 213 213 213 213 213 213 213 213 213 213 213 213 213 213 213 213 212 212 212 212 212 212 212 212 212 212 212 212 212 212 211 211 211 211 211 211 211 211 211 211 211 211 211 211 211 211 210 210 210 210 210 210 210 210 210 210 210 210 210 210 209 209 209 209 209 209 209 209 209 209 209 209 209 209 209 209 208 208 208 208 209 209 208 208 208 208 208 208 208 208 208 208 208 207 207 207 207 207 207 207 206 206 206 206 206 206 206 206 206 206 206 206 206 205 205 205 205 205 205 205 205 205 205 205 204 204 204 204 204 204 204 204 204 203 203 203 203 203 203 203 203 203 203 202 202 202 202 202 202 202 201 201 201 201 NA NA NA NA NA NA NA NA NA NA NA NA NA NA NA NA NA NA NA NA NA NA NA NA NA NA NA NA NA NA NA NA NA NA NA NA NA NA NA NA NA NA NA NA NA NA NA NA NA NA NA NA NA NA NA NA NA NA NA NA NA NA NA NA NA NA NA NA NA NA NA NA NA NA NA NA NA NA NA NA NA NA NA NA NA NA NA NA NA NA NA NA NA NA NA NA NA NA NA NA NA NA NA NA NA NA NA NA NA NA NA NA NA NA NA NA NA NA NA NA NA NA NA NA NA NA NA NA NA NA NA NA NA NA NA NA NA NA NA NA NA NA NA NA NA NA NA NA NA NA NA NA NA NA NA NA NA NA NA NA NA NA NA NA NA NA NA NA NA NA NA NA NA NA NA NA NA NA NA NA NA NA NA NA NA NA NA
NA NA NA NA NA NA NA NA NA NA NA NA NA NA NA NA NA NA NA NA NA NA NA NA NA NA NA NA NA NA NA NA NA NA 219 219 219 219 219 219 219 219 220 220 220 219 219 219 219 219 219 219 219 219 219 219 219 219 219 219 219 219 219 219 219 218 218 218 218 218 218 218 218 218 218 218 218 218 218 218 218 218 218 217 217 217 217 217 217 217 217 217 217 217 217 217 217 217 217 217 217 217 217 217 217 217 217 216 216 216 216 216 216 216 216 216 216 216 216 216 216 216 216 216 216 216 216 215 215 215 215 215 215 215 215 215 215 215 215 215 215 215 215 215 215 214 214 214 214 214 214 214 214 214 214 214 214 214 214 214 214 214 213 213 213 213 213 213 213 213 213 213 213 213 213 213 213 213 213 213 212 212 212 212 212 212 212 212 212 212 212 212 212 212 211 211 211 211 211 211 211 211 211 211 211 211 211 211 211 211 210 210 210 210 210 210 210 210 210 210 210 210 210 210 209 209 209 209 209 209 209 209 209 209 209 209 209 209 209 208 208 208 209 209 209 209 208 208 208 208 208 208 208 208 208 208 207 207 207 207 207 207 207 206 206 206 206 206 206 206 206 206 206 206 206 206 205 205 205 205 205 205 205 205 205 205 205 204 204 204 204 204 204 204 204 204 204 203 203 203 203 203 203 203 203 203 202 202 202 202 202 202 202 201 201 201 NA NA NA NA NA NA NA NA NA NA NA NA NA NA NA NA NA NA NA NA NA NA NA NA NA NA NA NA NA NA NA NA NA NA NA NA NA NA NA NA NA NA NA NA NA NA NA NA NA NA NA NA NA NA NA NA NA NA NA NA NA NA NA NA NA NA NA NA NA NA NA NA NA NA NA NA NA NA NA NA NA NA NA NA NA NA NA NA NA NA NA NA NA NA NA NA NA NA NA NA NA NA NA NA NA NA NA NA NA NA NA NA NA NA NA NA NA NA NA NA NA NA NA NA NA NA NA NA NA NA NA NA NA NA NA NA NA NA NA NA NA NA NA NA NA NA NA NA NA NA NA NA NA NA NA NA NA NA NA NA NA NA NA NA NA NA NA NA NA NA NA NA NA NA NA NA NA NA NA NA NA NA NA NA NA NA NA
NA NA NA NA NA NA NA NA NA NA NA NA NA NA NA NA NA NA NA NA NA NA NA NA NA NA NA NA NA NA NA NA NA 219 219 219 219 219 219 219 219 219 220 220 220 220 220 219 219 219 219 219 219 219 219 219 219 219 219 219 219 219 219 219 219 219 218 218 218 218 218 218 218 218 218 218 218 218 218 218 218 218 218 218 218 217 217 217 217 217 217 217 217 217 217 217 217 217 217 217 217 217 217 217 217 217 217 217 217 216 216 216 216 216 216 216 216 216 216 216 216 216 216 216 216 216 216 216 216 215 215 215 215 215 215 215 215 215 215 215 215 215 215 215 215 215 214 214 214 214 214 214 214 214 214 214 214 214 214 214 214 214 214 214 214 213 213 213 213 213 213 213 213 213 213 213 213 213 213 213 213 212 212 212 212 212 212 212 212 212 212 212 212 212 212 212 211 211 211 211 211 211 211 211 211 211 211 211 211 211 211 211 210 210 210 210 210 210 210 210 210 210 210 210 210 210 209 209 209 209 209 209 209 209 209 209 209 209 209 209 209 209 209 209 209 209 209 208 208 208 208 208 208 208 208 208 208 207 207 207 207 207 207 207 207 207 206 206 206 206 206 206 206 206 206 206 206 206 205 205 205 205 205 205 205 205 205 205 205 204 204 204 204 204 204 204 204 204 203 203 203 203 203 203 203 203 203 202 202 202 202 202 202 202 202 NA NA NA NA NA NA NA NA NA NA NA NA NA NA NA NA NA NA NA NA NA NA NA NA NA NA NA NA NA NA NA NA NA NA NA NA NA NA NA NA NA NA NA NA NA NA NA NA NA NA NA NA NA NA NA NA NA NA NA NA NA NA NA NA NA NA NA NA NA NA NA NA NA NA NA NA NA NA NA NA NA NA NA NA NA NA NA NA NA NA NA NA NA NA NA NA NA NA NA NA NA NA NA NA NA NA NA NA NA NA NA NA NA NA NA NA NA NA NA NA NA NA NA NA NA NA NA NA NA NA NA NA NA NA NA NA NA NA NA NA NA NA NA NA NA NA NA NA NA NA NA NA NA NA NA NA NA NA NA NA NA NA NA NA NA NA NA NA NA NA NA NA NA NA NA NA NA NA NA NA NA NA NA NA NA NA NA NA
NA NA NA NA NA NA NA NA NA NA NA NA NA NA NA NA NA NA NA NA NA NA NA NA NA NA NA NA NA NA NA NA NA NA 219 219 219 219 219 219 219 219 220 220 220 220 220 220 219 219 219 219 219 219 219 219 219 219 219 219 219 219 219 219 219 219 219 219 219 218 218 218 218 218 218 218 218 218 218 218 218 218 218 218 218 218 218 217 217 217 217 217 218 217 217 217 217 217 217 217 217 217 217 217 217 217 217 217 217 217 217 216 216 216 216 216 216 216 216 216 216 216 216 216 216 216 216 216 216 216 215 215 215 215 215 215 215 215 215 215 215 215 215 215 215 215 215 215 214 214 214 214 214 214 214 214 214 214 214 214 214 214 214 214 214 214 214 213 213 213 213 213 213 213 213 213 213 213 213 213 213 213 212 212 212 212 212 212 212 212 212 212 212 212 212 212 212 212 211 211 211 211 211 211 211 211 211 211 211 211 211 211 211 210 210 210 210 210 210 210 210 210 210 210 210 210 210 209 209 209 209 209 209 209 209 209 209 209 209 209 209 209 209 209 209 209 209 209 209 208 208 208 208 208 208 208 208 208 208 207 207 207 207 207 207 207 207 207 206 206 206 206 206 206 206 206 206 206 206 205 205 205 205 205 205 205 205 205 205 205 204 204 204 204 204 204 204 204 204 204 203 203 203 203 203 203 203 202 202 202 NA NA NA NA NA NA NA NA NA NA NA NA NA NA NA NA NA NA NA NA NA NA NA NA NA NA NA NA NA NA NA NA NA NA NA NA NA NA NA NA NA NA NA NA NA NA NA NA NA NA NA NA NA NA NA NA NA NA NA NA NA NA NA NA NA NA NA NA NA NA NA NA NA NA NA NA NA NA NA NA NA NA NA NA NA NA NA NA NA NA NA NA NA NA NA NA NA NA NA NA NA NA NA NA NA NA NA NA NA NA NA NA NA NA NA NA NA NA NA NA NA NA NA NA NA NA NA NA NA NA NA NA NA NA NA NA NA NA NA NA NA NA NA NA NA NA NA NA NA NA NA NA NA NA NA NA NA NA NA NA NA NA NA NA NA NA NA NA NA NA NA NA NA NA NA NA NA NA NA NA NA NA NA NA NA NA NA NA NA NA NA NA NA
NA NA NA NA NA NA NA NA NA NA NA NA NA NA NA NA NA NA NA NA NA NA NA NA NA NA NA NA NA NA NA NA NA NA 219 219 219 219 219 219 219 219 220 220 220 220 220 220 220 220 219 219 219 219 219 219 219 219 219 219 219 219 219 219 219 219 219 219 219 219 219 218 218 218 218 218 218 218 218 218 218 218 218 218 218 218 218 218 218 217 217 217 218 218 218 218 217 217 217 217 217 217 217 217 217 217 217 217 217 217 217 217 216 216 216 216 216 216 216 216 216 216 216 216 216 216 216 216 216 216 216 216 215 215 215 215 215 215 215 215 215 215 215 215 215 215 215 215 215 214 214 214 214 214 214 214 214 214 214 214 214 214 214 214 214 214 214 214 213 213 213 213 213 213 213 213 213 213 213 213 213 213 213 212 212 212 212 212 212 212 212 212 212 212 212 212 212 212 212 212 211 211 211 211 211 211 211 211 211 211 211 211 211 211 211 210 210 210 210 210 210 210 210 210 210 210 210 210 209 209 209 209 209 209 209 209 209 209 209 209 209 209 209 209 209 209 209 209 209 209 209 208 208 208 208 208 208 208 208 208 207 207 207 207 207 207 207 207 207 206 206 206 206 206 206 206 206 206 206 206 205 205 205 205 205 205 205 205 205 205 205 205 204 204 204 204 204 204 204 204 204 203 203 203 203 NA NA NA NA NA NA NA NA NA NA NA NA NA NA NA NA NA NA NA NA NA NA NA NA NA NA NA NA NA NA NA NA NA NA NA NA NA NA NA NA NA NA NA NA NA NA NA NA NA NA NA NA NA NA NA NA NA NA NA NA NA NA NA NA NA NA NA NA NA NA NA NA NA NA NA NA NA NA NA NA NA NA NA NA NA NA NA NA NA NA NA NA NA NA NA NA NA NA NA NA NA NA NA NA NA NA NA NA NA NA NA NA NA NA NA NA NA NA NA NA NA NA NA NA NA NA NA NA NA NA NA NA NA NA NA NA NA NA NA NA NA NA NA NA NA NA NA NA NA NA NA NA NA NA NA NA NA NA NA NA NA NA NA NA NA NA NA NA NA NA NA NA NA NA NA NA NA NA NA NA NA NA NA NA NA NA NA NA NA NA NA NA NA NA NA NA NA NA
NA NA NA NA NA NA NA NA NA NA NA NA NA NA NA NA NA NA NA NA NA NA NA NA NA NA NA NA NA NA NA NA NA NA 219 219 219 219 219 219 219 219 220 220 220 220 220 220 220 220 219 219 219 219 219 219 219 219 219 219 219 219 219 219 219 219 219 219 219 219 219 219 218 218 218 218 218 218 218 218 218 218 218 218 218 218 218 218 218 218 218 217 218 218 218 218 218 217 217 217 217 217 217 217 217 217 217 217 217 217 217 217 217 217 217 216 216 216 216 216 216 216 216 216 216 216 216 216 216 216 216 216 216 215 215 215 215 215 215 215 215 215 215 215 215 215 215 215 215 215 215 214 214 214 214 214 214 214 214 214 214 214 214 214 214 214 214 214 214 214 214 213 213 213 213 213 213 213 213 213 213 213 213 213 213 213 213 212 212 212 212 212 212 212 212 212 212 212 212 212 212 212 211 211 211 211 211 211 211 211 211 211 211 211 211 211 211 210 210 210 210 210 210 210 210 210 210 210 210 210 209 209 209 209 209 209 209 209 209 209 209 209 209 209 209 209 209 209 209 209 209 209 208 208 208 208 208 208 208 208 208 207 207 207 207 207 207 207 207 207 207 206 206 206 206 206 206 206 206 206 206 206 205 205 205 205 205 205 205 205 205 205 205 204 204 204 204 204 204 204 204 204 203 203 203 203 NA NA NA NA NA NA NA NA NA NA NA NA NA NA NA NA NA NA NA NA NA NA NA NA NA NA NA NA NA NA NA NA NA NA NA NA NA NA NA NA NA NA NA NA NA NA NA NA NA NA NA NA NA NA NA NA NA NA NA NA NA NA NA NA NA NA NA NA NA NA NA NA NA NA NA NA NA NA NA NA NA NA NA NA NA NA NA NA NA NA NA NA NA NA NA NA NA NA NA NA NA NA NA NA NA NA NA NA NA NA NA NA NA NA NA NA NA NA NA NA NA NA NA NA NA NA NA NA NA NA NA NA NA NA NA NA NA NA NA NA NA NA NA NA NA NA NA NA NA NA NA NA NA NA NA NA NA NA NA NA NA NA NA NA NA NA NA NA NA NA NA NA NA NA NA NA NA NA NA NA NA NA NA NA NA NA NA NA NA NA NA NA NA NA NA NA NA
NA NA NA NA NA NA NA NA NA NA NA NA NA NA NA NA NA NA NA NA NA NA NA NA NA NA NA NA NA NA NA NA NA NA 220 220 220 219 219 219 219 219 220 220 220 220 220 220 220 220 220 220 219 219 219 219 219 219 219 219 219 219 219 219 219 219 219 219 219 219 219 219 219 219 218 218 218 218 218 218 218 218 218 218 218 218 218 218 218 218 218 218 218 218 218 218 218 218 218 217 217 217 217 217 217 217 217 217 217 217 217 217 217 217 217 217 217 216 216 216 216 216 216 216 216 216 216 216 216 216 216 216 216 216 216 215 215 215 215 215 215 215 215 215 215 215 215 215 215 215 215 215 215 215 214 214 214 214 214 214 214 214 214 214 214 214 214 214 214 214 214 214 214 213 213 213 213 213 213 213 213 213 213 213 213 213 213 213 213 213 212 212 212 212 212 212 212 212 212 212 212 212 212 212 211 211 211 211 211 211 211 211 211 211 211 211 211 211 211 210 210 210 210 210 210 210 210 210 210 210 210 210 209 209 209 209 209 209 209 209 209 209 209 209 209 209 209 209 209 209 209 209 209 208 208 208 208 208 208 208 208 208 208 207 207 207 207 207 207 207 207 207 207 206 206 206 206 206 206 206 206 206 206 206 205 205 205 205 205 205 205 205 205 205 204 204 204 204 204 204 204 204 203 203 203 203 203 203 NA NA NA NA NA NA NA NA NA NA NA NA NA NA NA NA NA NA NA NA NA NA NA NA NA NA NA NA NA NA NA NA NA NA NA NA NA NA NA NA NA NA NA NA NA NA NA NA NA NA NA NA NA NA NA NA NA NA NA NA NA NA NA NA NA NA NA NA NA NA NA NA NA NA NA NA NA NA NA NA NA NA NA NA NA NA NA NA NA NA NA NA NA NA NA NA NA NA NA NA NA NA NA NA NA NA NA NA NA NA NA NA NA NA NA NA NA NA NA NA NA NA NA NA NA NA NA NA NA NA NA NA NA NA NA NA NA NA NA NA NA NA NA NA NA NA NA NA NA NA NA NA NA NA NA NA NA NA NA NA NA NA NA NA NA NA NA NA NA NA NA NA NA NA NA NA NA NA NA NA NA NA NA NA NA NA NA NA NA NA NA NA NA NA NA
NA NA NA NA NA NA NA NA NA NA NA NA NA NA NA NA NA NA NA NA NA NA NA NA NA NA NA NA NA NA NA NA NA 220 220 220 220 220 220 220 220 220 220 220 220 220 220 220 220 219 219 219 219 219 219 219 219 219 219 219 219 219 219 219 219 219 219 219 219 219 219 218 218 218 218 218 218 218 218 218 218 218 218 218 218 218 218 218 218 218 218 217 218 218 218 218 218 218 217 217 217 217 217 217 217 217 217 217 217 217 217 217 217 217 217 216 216 216 216 216 216 216 216 216 216 216 216 216 216 216 216 216 216 216 215 215 215 215 215 215 215 215 214 214 214 214 214 214 214 214 214 214 214 214 214 213 213 213 213 213 213 213 213 213 213 213 213 213 213 213 213 213 213 213 213 212 212 212 212 212 212 212 212 212 212 212 212 212 212 212 212 212 212 212 212 212 211 211 211 211 211 211 211 211 211 211 211 211 211 211 211 211 211 210 210 210 210 210 210 210 210 210 210 210 210 210 209 209 209 209 209 209 209 209 209 209 209 209 209 209 209 209 209 209 209 209 209 209 209 209 209 208 208 208 208 208 208 208 208 208 208 207 207 207 207 207 207 207 207 207 207 207 206 206 206 206 206 206 206 206 206 206 205 205 205 205 205 205 205 205 205 205 204 204 204 204 204 204 204 204 204 204 203 203 203 203 203 203 203 203 203 NA NA NA NA NA NA NA NA NA NA NA NA NA NA NA NA NA NA NA NA NA NA NA NA NA NA NA NA NA NA NA NA NA NA NA NA NA NA NA NA NA NA NA NA NA NA NA NA NA NA NA NA NA NA NA NA NA NA NA NA NA NA NA NA NA NA NA NA NA NA NA NA NA NA NA NA NA NA NA NA NA NA NA NA NA NA NA NA NA NA NA NA NA NA NA NA NA NA NA NA NA NA NA NA NA NA NA NA NA NA NA NA NA NA NA NA NA NA NA NA NA NA NA NA NA NA NA NA NA NA NA NA NA NA NA NA NA NA NA NA NA NA NA NA NA NA NA NA NA NA NA NA NA NA NA NA NA NA NA NA NA NA NA NA NA NA NA NA NA NA NA NA NA NA NA NA NA NA NA NA NA NA NA NA NA NA NA NA NA NA NA NA
NA NA NA NA NA NA NA NA NA NA NA NA NA NA NA NA NA NA NA NA NA NA NA NA NA NA NA NA NA NA NA 220 220 220 220 220 220 220 220 220 220 220 220 220 220 220 220 220 220 220 220 220 220 219 219 219 219 219 219 219 219 219 219 219 219 219 219 219 219 219 219 219 219 218 218 218 218 218 218 218 218 218 218 218 218 218 218 218 218 218 218 218 218 218 218 218 218 218 218 217 217 217 217 217 217 217 217 217 217 217 217 217 217 217 217 217 217 216 216 216 216 216 216 216 216 216 216 216 216 216 216 216 216 216 215 215 215 215 215 215 215 215 214 214 214 214 214 214 214 214 214 214 214 214 214 214 214 213 213 213 213 213 213 213 213 213 213 213 213 213 213 213 213 213 213 213 212 212 212 212 212 212 212 212 212 212 212 212 212 212 212 212 212 212 212 212 212 212 211 211 211 211 211 211 211 211 211 211 211 211 211 211 211 211 210 210 210 210 210 210 210 210 210 210 210 210 210 210 209 209 209 209 209 209 209 209 209 209 209 209 209 209 209 209 209 209 209 209 209 209 209 209 208 208 208 208 208 208 208 208 208 208 208 208 207 207 207 207 207 207 207 207 207 206 206 206 206 206 206 206 206 206 206 206 205 205 205 205 205 205 205 205 205 204 204 204 204 204 204 204 204 204 204 203 203 203 203 203 203 203 203 NA NA NA NA NA NA NA NA NA NA NA NA NA NA NA NA NA NA NA NA NA NA NA NA NA NA NA NA NA NA NA NA NA NA NA NA NA NA NA NA NA NA NA NA NA NA NA NA NA NA NA NA NA NA NA NA NA NA NA NA NA NA NA NA NA NA NA NA NA NA NA NA NA NA NA NA NA NA NA NA NA NA NA NA NA NA NA NA NA NA NA NA NA NA NA NA NA NA NA NA NA NA NA NA NA NA NA NA NA NA NA NA NA NA NA NA NA NA NA NA NA NA NA NA NA NA NA NA NA NA NA NA NA NA NA NA NA NA NA NA NA NA NA NA NA NA NA NA NA NA NA NA NA NA NA NA NA NA NA NA NA NA NA NA NA NA NA NA NA NA NA NA NA NA NA NA NA NA NA NA NA NA NA NA NA NA NA NA NA NA NA NA
NA NA NA NA NA NA NA NA NA NA NA NA NA NA NA NA NA NA NA NA NA NA NA NA NA NA NA NA 221 221 221 221 221 220 220 220 220 220 NA 220 220 220 220 220 220 220 220 220 220 220 220 220 220 220 219 219 219 219 219 219 219 219 219 219 219 219 219 219 219 219 219 219 219 219 218 218 218 218 218 218 218 218 218 218 218 218 218 218 218 218 218 218 218 218 218 218 218 218 218 218 217 217 217 217 217 217 217 217 217 217 217 217 217 217 217 217 217 217 217 216 216 216 216 216 216 216 216 216 216 216 216 216 216 216 215 215 215 215 215 215 215 215 214 214 214 214 214 214 214 214 214 214 214 214 214 214 214 214 214 213 213 213 213 213 213 213 213 213 213 213 213 213 213 213 213 213 213 213 213 213 212 212 212 212 212 212 212 212 212 212 212 212 212 212 212 212 212 212 212 212 211 211 211 211 211 211 211 211 211 211 211 211 211 211 211 211 210 210 210 210 210 210 210 210 210 210 210 210 210 210 209 209 209 209 209 209 209 209 209 209 209 209 209 209 209 209 209 209 209 209 209 209 209 208 208 208 208 208 208 208 208 208 208 208 208 207 207 207 207 207 207 207 207 207 207 206 206 206 206 206 206 206 206 206 206 205 205 205 205 205 205 205 205 205 204 204 204 204 204 204 204 204 204 204 204 203 203 203 203 203 203 NA NA NA NA NA NA NA NA NA NA NA NA NA NA NA NA NA NA NA NA NA NA NA NA NA NA NA NA NA NA NA NA NA NA NA NA NA NA NA NA NA NA NA NA NA NA NA NA NA NA NA NA NA NA NA NA NA NA NA NA NA NA NA NA NA NA NA NA NA NA NA NA NA NA NA NA NA NA NA NA NA NA NA NA NA NA NA NA NA NA NA NA NA NA NA NA NA NA NA NA NA NA NA NA NA NA NA NA NA NA NA NA NA NA NA NA NA NA NA NA NA NA NA NA NA NA NA NA NA NA NA NA NA NA NA NA NA NA NA NA NA NA NA NA NA NA NA NA NA NA NA NA NA NA NA NA NA NA NA NA NA NA NA NA NA NA NA NA NA NA NA NA NA NA NA NA NA NA NA NA NA NA NA NA NA NA NA NA NA NA NA NA
NA NA NA NA NA NA NA NA NA NA NA NA NA NA NA NA NA NA NA NA NA NA NA NA NA NA NA NA NA NA NA NA NA NA 220 220 NA NA NA NA 220 220 220 220 220 220 220 220 220 220 220 220 220 220 220 220 219 219 219 219 219 219 219 219 219 219 219 219 219 219 219 219 219 219 219 219 218 218 218 218 218 218 218 218 218 218 218 218 218 218 218 218 218 218 218 218 218 218 218 218 218 218 217 217 217 217 217 217 217 217 217 217 217 217 217 217 217 217 217 217 217 216 216 216 216 216 216 216 216 216 216 216 216 216 216 216 216 216 216 215 215 215 214 214 214 214 214 214 214 214 214 214 214 214 214 214 214 214 214 214 214 213 213 213 213 213 213 213 213 213 213 213 213 213 213 213 213 213 213 213 213 212 212 212 212 212 212 212 212 212 212 212 212 212 212 212 212 212 212 212 212 212 211 211 211 211 211 211 211 211 211 211 211 211 211 211 211 211 210 210 210 210 210 210 210 210 210 210 210 210 210 210 209 209 209 209 209 209 209 209 209 209 209 209 209 209 209 209 209 209 209 209 209 209 209 208 208 208 208 208 208 208 208 208 208 208 207 207 207 207 207 207 207 207 207 207 206 206 206 206 206 206 206 206 206 206 205 205 205 205 205 205 205 205 205 205 204 204 204 204 204 204 204 204 204 204 204 203 203 203 203 NA NA NA NA NA NA NA NA NA NA NA NA NA NA NA NA NA NA NA NA NA NA NA NA NA NA NA NA NA NA NA NA NA NA NA NA NA NA NA NA NA NA NA NA NA NA NA NA NA NA NA NA NA NA NA NA NA NA NA NA NA NA NA NA NA NA NA NA NA NA NA NA NA NA NA NA NA NA NA NA NA NA NA NA NA NA NA NA NA NA NA NA NA NA NA NA NA NA NA NA NA NA NA NA NA NA NA NA NA NA NA NA NA NA NA NA NA NA NA NA NA NA NA NA NA NA NA NA NA NA NA NA NA NA NA NA NA NA NA NA NA NA NA NA NA NA NA NA NA NA NA NA NA NA NA NA NA NA NA NA NA NA NA NA NA NA NA NA NA NA NA NA NA NA NA NA NA NA NA NA NA NA NA NA NA NA NA NA NA NA NA NA
NA NA NA NA NA NA NA NA NA NA NA NA NA NA NA NA NA NA NA NA NA NA NA NA NA NA NA NA NA NA NA NA NA NA NA NA NA NA NA NA 220 220 220 220 220 220 220 220 220 220 220 220 220 220 220 220 219 219 219 219 219 219 219 219 219 219 219 219 219 219 219 219 219 219 219 219 219 219 218 218 218 218 218 218 218 218 218 218 218 218 218 218 218 218 218 218 218 218 218 218 218 218 218 218 217 217 217 217 217 217 217 217 217 217 217 217 217 217 217 217 217 217 217 216 216 216 216 216 216 216 216 216 216 216 216 216 216 216 216 216 216 215 214 214 214 214 214 214 214 214 214 214 214 214 214 214 214 214 214 214 214 214 214 213 213 213 213 213 213 213 213 213 213 213 213 213 213 213 213 213 213 213 213 213 212 212 212 212 212 212 212 212 212 212 212 212 212 212 212 212 212 212 212 211 211 211 211 211 211 211 211 211 211 211 211 211 211 211 211 210 210 210 210 210 210 210 210 210 210 210 210 210 210 209 209 209 209 209 209 209 209 209 209 209 209 209 209 209 209 209 209 209 209 209 209 209 208 208 208 208 208 208 208 208 208 208 208 208 207 207 207 207 207 207 207 207 207 207 206 206 206 206 206 206 206 206 205 205 205 205 205 205 205 205 205 205 204 204 204 204 204 204 204 204 204 204 204 204 203 203 203 203 203 NA NA NA 203 203 203 NA NA NA NA NA NA NA NA NA NA NA NA NA NA NA NA NA NA NA NA NA NA NA NA NA NA NA NA NA NA NA NA NA NA NA NA NA NA NA NA NA NA NA NA NA NA NA NA NA NA NA NA NA NA NA NA NA NA NA NA NA NA NA NA NA NA NA NA NA NA NA NA NA NA NA NA NA NA NA NA NA NA NA NA NA NA NA NA NA NA NA NA NA NA NA NA NA NA NA NA NA NA NA NA NA NA NA NA NA NA NA NA NA NA NA NA NA NA NA NA NA NA NA NA NA NA NA NA NA NA NA NA NA NA NA NA NA NA NA NA NA NA NA NA NA NA NA NA NA NA NA NA NA NA NA NA NA NA NA NA NA NA NA NA NA NA NA NA NA NA NA NA NA NA NA NA NA NA NA NA NA NA NA NA
NA NA NA NA NA NA NA NA NA NA NA NA NA NA NA NA NA NA NA NA NA NA NA NA NA NA NA NA NA NA NA NA NA NA NA NA NA NA NA NA NA 220 220 220 220 220 220 220 220 220 220 220 220 220 220 220 220 220 220 219 219 219 219 219 219 219 219 219 219 219 219 219 219 219 219 219 219 219 219 219 218 218 218 218 218 218 218 218 218 218 218 218 218 218 218 218 218 218 218 218 218 218 218 218 218 218 217 217 217 217 217 217 217 217 217 217 217 217 217 217 217 217 217 217 216 216 216 216 216 216 216 216 216 216 216 216 216 216 216 216 216 216 215 215 214 214 214 214 214 214 214 214 214 214 214 214 214 214 214 214 214 214 214 214 214 213 213 213 213 213 213 213 213 213 213 213 213 213 213 213 213 213 213 213 213 213 212 212 212 212 212 212 212 212 212 212 212 212 212 212 212 212 212 212 212 211 211 211 211 211 211 211 211 211 211 211 211 211 211 211 211 210 210 210 210 210 210 210 210 210 210 210 210 210 210 209 209 209 209 209 209 209 210 210 209 209 209 209 209 209 209 209 209 209 209 209 209 209 208 208 208 208 208 208 208 208 208 208 208 207 207 207 207 207 207 207 207 207 207 206 206 206 206 206 206 206 206 205 205 205 205 205 205 205 205 205 205 205 205 204 204 204 204 204 204 204 204 204 204 204 204 203 203 203 203 203 203 203 203 203 203 NA NA NA NA NA NA NA NA NA NA NA NA NA NA NA NA NA NA NA NA NA NA NA NA NA NA NA NA NA NA NA NA NA NA NA NA NA NA NA NA NA NA NA NA NA NA NA NA NA NA NA NA NA NA NA NA NA NA NA NA NA NA NA NA NA NA NA NA NA NA NA NA NA NA NA NA NA NA NA NA NA NA NA NA NA NA NA NA NA NA NA NA NA NA NA NA NA NA NA NA NA NA NA NA NA NA NA NA NA NA NA NA NA NA NA NA NA NA NA NA NA NA NA NA NA NA NA NA NA NA NA NA NA NA NA NA NA NA NA NA NA NA NA NA NA NA NA NA NA NA NA NA NA NA NA NA NA NA NA NA NA NA NA NA NA NA NA NA NA NA NA NA NA NA NA NA NA NA NA NA NA NA
NA NA NA NA NA NA NA NA NA NA NA NA NA NA NA NA NA NA NA NA NA NA NA NA NA NA NA NA NA NA NA NA NA NA NA NA NA NA NA 220 220 220 220 220 220 220 220 220 220 220 220 220 220 220 220 220 220 220 220 219 219 219 219 219 219 219 219 219 219 219 219 219 219 219 219 219 219 219 219 219 219 218 218 218 218 218 218 218 218 218 218 218 218 218 218 218 218 218 218 218 218 218 218 218 218 218 218 218 217 217 217 217 217 217 217 217 217 217 217 217 217 217 217 217 217 217 216 216 216 216 216 216 216 216 216 216 216 216 216 216 216 216 215 215 215 215 214 214 214 214 214 214 214 214 214 214 214 214 214 214 214 214 214 214 214 214 214 213 213 213 213 213 213 213 213 213 213 213 213 213 213 213 213 213 213 213 213 213 212 212 212 212 212 212 212 212 212 212 212 212 212 212 212 212 212 212 212 211 211 211 211 211 211 211 211 211 211 211 211 211 211 211 210 210 210 210 210 210 210 210 210 210 210 210 210 210 210 209 209 209 209 209 210 210 210 209 209 209 209 209 209 209 209 209 209 209 209 209 209 208 208 208 208 208 208 208 208 208 208 208 207 207 207 207 207 207 207 207 207 207 207 206 206 206 206 206 206 206 206 205 205 205 205 205 205 205 205 205 205 205 204 204 204 204 204 204 204 204 204 204 204 204 204 203 203 203 203 203 203 203 203 203 203 202 NA NA NA NA NA NA NA NA NA NA NA NA NA NA NA NA NA NA NA NA NA NA NA NA NA NA NA NA NA NA NA NA NA NA NA NA NA NA NA NA NA NA NA NA NA NA NA NA NA NA NA NA NA NA NA NA NA NA NA NA NA NA NA NA NA NA NA NA NA NA NA NA NA NA NA NA NA NA NA NA NA NA NA NA NA NA NA NA NA NA NA NA NA NA NA NA NA NA NA NA NA NA NA NA NA NA NA NA NA NA NA NA NA NA NA NA NA NA NA NA NA NA NA NA NA NA NA NA NA NA NA NA NA NA NA NA NA NA NA NA NA NA NA NA NA NA NA NA NA NA NA NA NA NA NA NA NA NA NA NA NA NA NA NA NA NA NA NA NA NA NA NA NA NA NA NA NA NA NA
NA NA NA NA NA NA NA NA NA NA NA NA NA NA NA NA NA NA NA NA NA NA NA NA NA NA NA NA NA NA NA NA NA NA NA NA NA 221 221 221 221 220 220 220 220 220 220 220 220 220 220 220 220 220 220 220 220 220 220 220 220 220 219 219 219 219 219 219 219 219 219 219 219 219 219 219 219 219 219 219 219 219 219 218 218 218 218 218 218 218 218 218 218 218 218 218 218 218 218 218 218 218 218 218 218 218 218 218 218 217 217 217 217 217 217 217 217 217 217 217 217 217 217 217 217 217 217 217 217 216 216 216 216 216 216 216 216 216 216 216 216 216 215 215 215 215 215 214 214 214 214 214 214 214 214 214 214 214 214 214 214 214 214 214 214 214 214 214 214 213 213 213 213 213 213 213 213 213 213 213 213 213 213 213 213 213 213 213 213 213 212 212 212 212 212 212 212 212 212 212 212 212 212 212 212 212 212 212 212 211 211 211 211 211 211 211 211 211 211 211 211 211 211 211 210 210 210 210 210 210 210 210 210 210 210 210 210 210 210 209 209 209 210 210 210 210 209 209 209 209 209 209 209 209 209 209 209 209 209 209 209 208 208 208 208 208 208 208 208 208 208 207 207 207 207 207 207 207 207 207 207 207 207 206 206 206 206 206 206 205 205 205 205 205 205 205 205 205 205 205 205 204 204 204 204 204 204 204 204 204 204 204 204 204 204 203 203 203 203 203 203 203 203 203 202 202 202 NA NA NA NA NA NA NA NA NA NA NA NA NA NA NA NA NA NA NA NA NA NA NA NA NA NA NA NA NA NA NA NA NA NA NA NA NA NA NA NA NA NA NA NA NA NA NA NA NA NA NA NA NA NA NA NA NA NA NA NA NA NA NA NA NA NA NA NA NA NA NA NA NA NA NA NA NA NA NA NA NA NA NA NA NA NA NA NA NA NA NA NA NA NA NA NA NA NA NA NA NA NA NA NA NA NA NA NA NA NA NA NA NA NA NA NA NA NA NA NA NA NA NA NA NA NA NA NA NA NA NA NA NA NA NA NA NA NA NA NA NA NA NA NA NA NA NA NA NA NA NA NA NA NA NA NA NA NA NA NA NA NA NA NA NA NA NA NA NA NA NA NA NA NA NA NA
NA NA NA NA NA NA NA NA NA NA NA NA NA NA NA NA NA NA NA NA NA NA NA NA NA NA NA NA NA NA NA NA NA NA 221 221 221 221 221 221 221 221 221 220 220 220 220 220 220 220 220 220 220 220 220 220 220 220 220 220 220 220 220 220 220 219 219 219 219 219 219 219 219 219 219 219 219 219 219 219 219 219 219 219 218 218 218 218 218 218 218 218 218 218 218 218 218 218 218 218 218 218 218 218 218 218 218 218 218 218 218 217 217 217 217 217 217 217 217 217 217 217 217 217 217 217 217 217 217 217 216 216 216 216 216 216 216 216 216 216 216 216 215 215 215 215 215 215 215 214 214 214 214 214 214 214 214 214 214 214 214 214 214 214 214 214 214 214 214 214 214 213 213 213 213 213 213 213 213 213 213 213 213 213 213 213 213 213 213 213 213 212 213 212 212 212 212 212 212 212 212 212 212 212 212 212 212 212 212 212 211 211 211 211 211 211 211 211 211 211 211 211 211 211 211 210 210 210 210 210 210 210 210 210 210 210 210 210 210 210 209 209 210 210 210 210 210 209 209 209 209 209 209 209 209 209 209 209 209 209 209 209 208 208 208 208 208 208 208 208 208 208 208 207 207 207 207 207 207 207 207 207 207 206 206 206 206 206 206 206 205 205 205 205 205 205 205 205 205 205 205 205 205 205 204 204 204 204 204 204 204 204 204 204 204 204 203 203 203 203 203 203 203 203 203 203 203 202 NA NA NA NA NA NA NA NA NA NA NA NA NA NA NA NA NA NA NA NA NA NA NA NA NA NA NA NA NA NA NA NA NA NA NA NA NA NA NA NA NA NA NA NA NA NA NA NA NA NA NA NA NA NA NA NA NA NA NA NA NA NA NA NA NA NA NA NA NA NA NA NA NA NA NA NA NA NA NA NA NA NA NA NA NA NA NA NA NA NA NA NA NA NA NA NA NA NA NA NA NA NA NA NA NA NA NA NA NA NA NA NA NA NA NA NA NA NA NA NA NA NA NA NA NA NA NA NA NA NA NA NA NA NA NA NA NA NA NA NA NA NA NA NA NA NA NA NA NA NA NA NA NA NA NA NA NA NA NA NA NA NA NA NA NA NA NA NA NA NA NA NA NA NA NA
NA NA NA NA NA NA NA NA NA NA NA NA NA NA NA NA NA NA NA NA NA NA NA NA 221 221 NA NA NA NA NA NA 221 221 221 221 221 221 221 221 221 221 221 NA NA 220 220 220 220 220 220 220 220 220 220 220 220 220 220 220 220 220 220 220 220 220 219 219 219 219 219 219 219 219 219 219 219 219 219 219 219 219 219 219 219 219 218 218 218 218 218 218 219 219 218 218 218 218 218 218 218 218 218 218 218 218 218 218 218 218 218 218 218 217 217 217 217 217 217 217 217 217 217 217 217 217 217 217 217 217 217 217 216 216 216 216 216 216 216 216 216 216 215 215 215 215 215 215 215 215 215 214 214 214 214 214 214 214 214 214 214 214 214 214 214 214 214 214 214 214 214 214 213 213 213 213 213 213 213 213 213 213 213 213 213 213 213 213 213 213 213 213 213 213 213 212 212 212 212 212 212 212 212 212 212 212 212 212 212 212 212 212 211 211 211 211 211 211 211 211 211 211 211 211 211 211 211 210 210 210 210 210 210 210 210 210 210 210 210 210 210 210 210 210 210 210 210 210 210 209 209 209 209 209 209 209 209 209 209 209 209 209 209 209 208 208 208 208 208 208 208 208 208 208 208 207 207 207 207 207 207 207 207 207 206 206 206 206 206 206 205 205 205 205 205 205 205 205 205 205 205 205 205 205 205 205 204 204 204 204 204 204 204 204 204 204 204 203 203 203 203 203 203 203 203 203 203 202 202 NA NA NA NA NA NA NA NA NA NA NA NA NA NA NA NA NA NA NA NA NA NA NA NA NA NA NA NA NA NA NA NA NA NA NA NA NA NA NA NA NA NA NA NA NA NA NA NA NA NA NA NA NA NA NA NA NA NA NA NA NA NA NA NA NA NA NA NA NA NA NA NA NA NA NA NA NA NA NA NA NA NA NA NA NA NA NA NA NA NA NA NA NA NA NA NA NA NA NA NA NA NA NA NA NA NA NA NA NA NA NA NA NA NA NA NA NA NA NA NA NA NA NA NA NA NA NA NA NA NA NA NA NA NA NA NA NA NA NA NA NA NA NA NA NA NA NA NA NA NA NA NA NA NA NA NA NA NA NA NA NA NA NA NA NA NA NA NA NA NA NA NA NA NA
NA NA NA NA NA NA NA NA NA NA NA NA NA NA NA NA NA NA NA NA NA NA 221 221 221 221 221 NA NA NA NA NA 221 221 221 221 221 221 221 221 221 NA NA NA NA NA 220 220 220 220 220 220 NA 220 220 220 220 220 220 220 220 220 220 220 220 220 220 220 219 219 219 219 219 219 219 219 219 219 219 219 219 219 219 219 219 219 219 219 218 218 218 218 219 219 219 218 218 218 218 218 218 218 218 218 218 218 218 218 218 218 218 218 218 218 217 217 217 217 217 217 217 217 217 217 217 217 217 217 217 217 217 217 217 217 216 216 216 216 216 216 216 216 215 215 215 215 215 215 215 215 215 215 215 215 214 214 214 214 214 214 214 214 214 214 214 214 214 214 214 214 214 214 214 213 213 213 213 213 213 213 213 213 213 213 213 213 213 213 213 213 213 213 213 213 213 213 213 213 212 212 212 212 212 212 212 212 212 212 212 212 212 212 212 212 211 211 211 211 211 211 211 211 211 211 211 211 211 211 211 210 210 210 210 210 210 210 210 210 210 210 210 210 210 210 210 210 210 210 210 210 209 209 209 209 209 209 209 209 209 209 209 209 209 209 209 208 208 208 208 208 208 208 208 208 208 208 208 207 207 207 207 207 207 207 207 206 206 206 206 206 205 205 205 205 205 205 205 205 205 205 205 205 205 205 205 205 204 204 204 204 204 204 204 204 204 204 204 204 204 203 203 203 203 203 203 203 203 203 202 NA NA NA NA NA NA NA NA NA NA NA NA NA NA NA NA NA NA NA NA NA NA NA NA NA NA NA NA NA NA NA NA NA NA NA NA NA NA NA NA NA NA NA NA NA NA NA NA NA NA NA NA NA NA NA NA NA NA NA NA NA NA NA NA NA NA NA NA NA NA NA NA NA NA NA NA NA NA NA NA NA NA NA NA NA NA NA NA NA NA NA NA NA NA NA NA NA NA NA NA NA NA NA NA NA NA NA NA NA NA NA NA NA NA NA NA NA NA NA NA NA NA NA NA NA NA NA NA NA NA NA NA NA NA NA NA NA NA NA NA NA NA NA NA NA NA NA NA NA NA NA NA NA NA NA NA NA NA NA NA NA NA NA NA NA NA NA NA NA NA NA NA NA NA
NA NA NA NA NA NA NA NA NA NA NA NA NA NA NA NA NA NA NA NA NA 222 222 222 222 221 221 221 221 NA NA 221 221 221 221 221 221 221 221 221 NA NA NA NA NA NA NA 221 220 220 NA NA NA NA NA NA NA NA NA NA 220 220 220 220 220 220 220 220 220 220 219 219 219 219 219 219 219 219 219 219 219 219 219 219 219 219 219 219 219 218 218 218 219 219 219 219 219 218 218 218 218 218 218 218 218 218 218 218 218 218 218 218 218 218 218 218 218 217 217 217 217 217 217 217 217 217 217 217 217 217 217 217 217 217 217 217 216 216 216 216 216 216 215 215 215 215 215 215 215 215 215 215 215 215 215 215 214 214 214 214 214 214 214 214 214 214 214 214 214 214 214 214 214 214 214 214 213 213 213 213 213 213 213 213 213 213 213 213 213 213 213 213 213 213 213 213 213 213 213 213 212 212 212 212 212 212 212 212 212 212 212 212 212 212 212 211 211 211 211 211 211 211 211 211 211 211 211 211 211 211 210 210 210 210 210 210 210 210 210 210 210 210 210 210 210 210 210 210 210 210 210 210 209 209 209 209 209 209 209 209 209 209 209 209 209 209 208 208 208 208 208 208 208 208 208 208 208 208 207 207 207 207 207 207 207 207 206 206 206 206 206 206 206 206 206 205 205 205 205 205 205 205 205 205 205 205 204 204 204 204 204 204 204 204 204 204 204 203 203 203 203 203 203 203 203 203 203 203 202 NA NA NA NA NA NA NA NA NA NA NA NA NA NA NA NA NA NA NA NA NA NA NA NA NA NA NA NA NA NA NA NA NA NA NA NA NA NA NA NA NA NA NA NA NA NA NA NA NA NA NA NA NA NA NA NA NA NA NA NA NA NA NA NA NA NA NA NA NA NA NA NA NA NA NA NA NA NA NA NA NA NA NA NA NA NA NA NA NA NA NA NA NA NA NA NA NA NA NA NA NA NA NA NA NA NA NA NA NA NA NA NA NA NA NA NA NA NA NA NA NA NA NA NA NA NA NA NA NA NA NA NA NA NA NA NA NA NA NA NA NA NA NA NA NA NA NA NA NA NA NA NA NA NA NA NA NA NA NA NA NA NA NA NA NA NA NA NA NA NA NA NA NA NA
NA NA NA NA NA NA NA NA NA NA NA NA NA NA NA NA NA NA NA NA NA 222 222 222 222 222 222 221 221 221 221 221 221 221 221 221 221 NA NA NA NA NA NA NA NA NA NA NA NA NA NA NA NA NA NA NA NA NA NA NA NA NA 220 220 220 220 220 220 220 220 220 219 219 219 219 219 219 219 219 219 219 219 219 219 219 219 219 219 219 219 219 219 219 219 219 219 219 219 219 218 218 218 218 218 218 218 218 218 218 218 218 218 218 218 218 218 218 218 217 217 217 217 217 217 217 217 217 217 217 217 217 217 217 217 217 217 217 216 216 216 216 216 215 215 215 215 215 215 215 215 215 215 215 215 215 215 215 215 214 214 214 214 214 214 214 214 214 214 214 214 214 214 214 214 214 214 214 213 213 213 213 213 213 213 213 213 213 213 213 213 213 213 213 213 213 213 213 213 213 213 213 213 212 212 212 212 212 212 212 212 212 212 212 212 212 212 212 211 211 211 211 211 211 211 211 211 211 211 211 211 211 211 210 210 210 210 210 210 210 210 210 210 210 210 210 210 210 210 210 210 210 210 210 209 209 209 209 209 209 209 209 209 209 209 209 209 209 208 208 208 208 208 208 208 208 208 208 208 207 207 207 207 207 207 207 207 207 206 206 206 206 206 206 206 206 206 206 205 205 205 205 205 205 205 205 205 205 205 204 204 204 204 204 204 204 204 204 204 203 203 203 203 203 203 203 203 203 203 203 NA NA NA NA NA NA NA NA NA NA NA NA NA NA NA NA NA NA NA NA NA NA NA NA NA NA NA NA NA NA NA NA NA NA NA NA NA NA NA NA NA NA NA NA NA NA NA NA NA NA NA NA NA NA NA NA NA NA NA NA NA NA NA NA NA NA NA NA NA NA NA NA NA NA NA NA NA NA NA NA NA NA NA NA NA NA NA NA NA NA NA NA NA NA NA NA NA NA NA NA NA NA NA NA NA NA NA NA NA NA NA NA NA NA NA NA NA NA NA NA NA NA NA NA NA NA NA NA NA NA NA NA NA NA NA NA NA NA NA NA NA NA NA NA NA NA NA NA NA NA NA NA NA NA NA NA NA NA NA NA NA NA NA NA NA NA NA NA NA NA NA NA NA NA
NA NA NA NA NA NA NA NA NA NA NA NA NA NA NA NA NA NA NA NA NA NA 222 222 222 222 222 222 222 221 221 221 221 221 221 221 NA NA NA NA NA NA NA NA NA NA NA NA NA NA NA NA NA NA NA NA NA NA NA NA NA NA NA NA 220 220 220 220 220 220 220 220 220 219 219 219 219 219 219 219 219 219 219 219 219 219 219 219 219 219 219 219 219 219 219 219 219 219 219 219 218 218 218 218 218 218 218 218 218 218 218 218 218 218 218 218 218 218 218 217 217 217 217 217 217 217 217 217 217 217 217 217 217 217 217 217 217 217 217 216 216 216 215 215 215 215 215 215 215 215 215 215 215 215 215 215 215 215 215 214 214 214 214 214 214 214 214 214 214 214 214 214 214 214 214 214 214 214 214 214 213 213 213 213 213 213 213 213 213 213 213 213 213 213 213 213 213 213 213 213 213 213 213 212 212 212 212 212 212 212 212 212 212 212 212 212 212 212 212 211 211 211 211 211 211 211 211 211 211 211 211 211 211 210 210 210 210 210 210 210 210 210 210 210 210 210 210 210 210 210 210 210 210 210 209 209 209 209 209 209 209 209 209 209 209 209 209 209 209 208 208 208 208 208 208 208 208 208 208 207 207 207 207 207 207 207 207 207 206 206 206 206 206 206 206 206 206 206 206 205 205 205 205 205 205 205 205 205 205 205 205 204 204 204 204 204 204 204 204 204 203 203 203 203 203 203 NA NA NA NA NA NA NA NA NA NA NA NA NA NA NA NA NA NA NA NA NA NA NA NA NA NA NA NA NA NA NA NA NA NA NA NA NA NA NA NA NA NA NA NA NA NA NA NA NA NA NA NA NA NA NA NA NA NA NA NA NA NA NA NA NA NA NA NA NA NA NA NA NA NA NA NA NA NA NA NA NA NA NA NA NA NA NA NA NA NA NA NA NA NA NA NA NA NA NA NA NA NA NA NA NA NA NA NA NA NA NA NA NA NA NA NA NA NA NA NA NA NA NA NA NA NA NA NA NA NA NA NA NA NA NA NA NA NA NA NA NA NA NA NA NA NA NA NA NA NA NA NA NA NA NA NA NA NA NA NA NA NA NA NA NA NA NA NA NA NA NA NA NA NA NA NA NA
NA NA NA NA NA NA NA NA NA NA NA NA NA NA NA NA NA NA NA NA NA NA NA 222 222 222 222 222 222 222 222 221 221 NA NA NA NA NA NA NA NA NA NA NA NA NA NA NA NA NA NA NA NA NA NA NA NA NA NA NA NA NA NA NA NA NA 220 220 220 220 220 220 220 220 220 219 219 219 219 219 219 219 219 219 219 219 219 219 219 219 219 219 219 219 219 219 219 219 219 219 219 219 218 218 218 218 218 218 218 218 218 218 218 218 218 218 218 218 218 218 218 218 217 217 217 217 217 217 217 217 217 217 217 217 217 217 217 217 217 217 217 216 215 215 215 215 215 215 215 215 215 215 215 215 215 215 215 215 215 215 215 214 214 214 214 214 214 214 214 214 214 214 214 214 214 214 214 214 214 214 214 214 214 213 213 213 213 213 213 213 213 213 213 213 213 213 213 213 213 213 213 213 213 213 213 212 212 212 212 212 212 212 212 212 212 212 212 212 212 212 211 211 211 211 211 211 211 211 211 211 211 211 211 211 210 210 210 210 210 210 210 210 211 210 210 210 210 210 210 210 210 210 210 210 210 209 209 209 209 209 209 209 209 209 209 209 209 209 209 208 208 208 208 208 208 208 208 208 208 208 207 207 207 207 207 207 207 207 207 206 206 206 206 206 206 206 206 206 206 205 205 205 205 205 205 205 205 205 205 205 205 205 205 204 204 204 204 204 204 204 204 203 204 NA NA NA NA NA NA NA NA NA NA NA NA NA NA NA NA NA NA NA NA NA NA NA NA NA NA NA NA NA NA NA NA NA NA NA NA NA NA NA NA NA NA NA NA NA NA NA NA NA NA NA NA NA NA NA NA NA NA NA NA NA NA NA NA NA NA NA NA NA NA NA NA NA NA NA NA NA NA NA NA NA NA NA NA NA NA NA NA NA NA NA NA NA NA NA NA NA NA NA NA NA NA NA NA NA NA NA NA NA NA NA NA NA NA NA NA NA NA NA NA NA NA NA NA NA NA NA NA NA NA NA NA NA NA NA NA NA NA NA NA NA NA NA NA NA NA NA NA NA NA NA NA NA NA NA NA NA NA NA NA NA NA NA NA NA NA NA NA NA NA NA NA NA NA NA NA NA NA NA NA
NA NA NA NA NA NA NA NA NA NA NA NA NA NA NA NA NA NA NA NA NA NA NA NA 222 222 222 222 222 222 222 222 NA NA NA NA NA NA NA NA NA NA NA NA NA NA NA NA NA NA NA NA NA NA NA NA NA NA NA NA NA NA NA NA NA NA 220 220 220 220 220 220 220 220 220 220 219 219 219 219 219 219 219 219 219 219 219 219 219 219 219 219 219 219 219 219 219 219 219 219 219 219 219 219 218 218 218 218 218 218 218 218 218 218 218 218 218 218 218 218 218 218 218 218 217 217 217 217 217 217 217 217 217 217 217 217 217 217 217 217 217 217 215 215 215 215 215 215 215 215 215 215 215 215 215 215 215 215 215 215 215 215 215 214 214 214 214 214 214 214 214 214 214 214 214 214 214 214 214 214 214 214 214 214 214 213 213 213 213 213 213 213 213 213 213 213 213 213 213 213 213 213 213 213 213 213 213 212 212 212 212 212 212 212 212 212 212 212 212 212 212 212 211 211 211 211 211 211 211 211 211 211 211 211 211 211 210 210 210 210 210 210 211 211 211 210 210 210 210 210 210 210 210 210 210 210 210 209 209 209 209 209 209 209 209 209 209 209 209 209 209 208 208 208 208 208 208 208 208 208 208 208 207 207 207 207 207 207 207 207 207 206 206 206 206 206 206 206 206 206 205 205 205 205 205 205 205 205 205 205 205 205 NA 204 204 NA NA 204 NA 204 NA NA NA NA NA NA NA NA NA NA NA NA NA NA NA NA NA NA NA NA NA NA NA NA NA NA NA NA NA NA NA NA NA NA NA NA NA NA NA NA NA NA NA NA NA NA NA NA NA NA NA NA NA NA NA NA NA NA NA NA NA NA NA NA NA NA NA NA NA NA NA NA NA NA NA NA NA NA NA NA NA NA NA NA NA NA NA NA NA NA NA NA NA NA NA NA NA NA NA NA NA NA NA NA NA NA NA NA NA NA NA NA NA NA NA NA NA NA NA NA NA NA NA NA NA NA NA NA NA NA NA NA NA NA NA NA NA NA NA NA NA NA NA NA NA NA NA NA NA NA NA NA NA NA NA NA NA NA NA NA NA NA NA NA NA NA NA NA NA NA NA NA NA NA NA NA NA NA NA NA NA NA NA
NA NA NA NA NA NA NA NA NA NA NA NA NA NA NA NA NA NA NA NA NA NA NA NA 222 222 222 222 222 222 NA NA NA NA NA NA NA NA NA NA NA NA NA NA NA NA NA NA NA NA NA NA NA NA NA NA NA NA NA NA NA NA NA NA NA 220 220 220 220 220 220 220 220 220 220 220 220 220 219 219 219 219 219 219 219 219 219 219 219 219 219 219 219 219 219 219 219 219 219 219 219 219 219 219 219 219 218 218 218 218 218 218 218 218 218 218 218 218 218 218 218 218 218 218 218 218 217 217 217 217 217 217 217 217 217 217 217 217 217 217 217 217 216 215 215 215 215 215 215 215 215 215 215 215 215 215 215 215 215 215 215 215 215 215 214 214 214 214 214 214 214 214 214 214 214 214 214 214 214 214 214 214 214 214 214 214 213 213 213 213 213 213 213 213 213 213 213 213 213 213 213 213 213 213 213 213 213 213 212 212 212 212 212 212 212 212 212 212 212 212 212 212 212 212 211 211 211 211 211 211 211 211 211 211 211 211 211 211 211 210 210 210 211 211 211 211 210 210 210 210 210 210 210 210 210 210 210 210 210 209 209 209 209 209 209 209 209 209 209 209 209 209 208 208 208 208 208 208 208 208 208 208 208 207 207 207 207 207 207 207 207 207 206 206 206 206 206 206 206 206 206 206 206 206 206 205 NA NA NA NA NA NA NA NA NA NA NA NA NA NA NA NA NA NA NA NA NA NA NA NA NA NA NA NA NA NA NA NA NA NA NA NA NA NA NA NA NA NA NA NA NA NA NA NA NA NA NA NA NA NA NA NA NA NA NA NA NA NA NA NA NA NA NA NA NA NA NA NA NA NA NA NA NA NA NA NA NA NA NA NA NA NA NA NA NA NA NA NA NA NA NA NA NA NA NA NA NA NA NA NA NA NA NA NA NA NA NA NA NA NA NA NA NA NA NA NA NA NA NA NA NA NA NA NA NA NA NA NA NA NA NA NA NA NA NA NA NA NA NA NA NA NA NA NA NA NA NA NA NA NA NA NA NA NA NA NA NA NA NA NA NA NA NA NA NA NA NA NA NA NA NA NA NA NA NA NA NA NA NA NA NA NA NA NA NA NA NA NA NA NA NA NA NA
NA NA NA NA NA NA NA NA NA NA NA NA NA NA NA NA NA NA NA NA NA NA NA NA NA NA NA NA NA NA NA NA NA NA NA NA NA NA NA NA NA NA NA NA NA NA NA NA NA NA NA NA NA NA NA NA NA NA NA NA NA NA NA NA 220 220 220 220 220 220 220 220 220 220 220 220 220 220 220 220 219 219 219 219 219 219 219 219 219 219 219 219 219 219 219 219 219 219 219 219 219 219 219 219 219 219 219 218 218 218 218 218 218 218 218 218 218 218 218 218 218 218 218 218 218 218 218 217 217 217 217 217 217 217 217 217 217 217 217 217 217 217 216 216 215 215 215 215 215 215 215 215 215 215 215 215 215 215 215 215 215 215 215 215 215 215 214 214 214 214 214 214 214 214 214 214 214 214 214 214 214 214 214 214 214 214 214 214 214 213 213 213 213 213 213 213 213 213 213 213 213 213 213 213 213 213 213 213 213 212 212 212 212 212 212 212 212 212 212 212 212 212 212 212 212 212 211 211 211 211 211 211 211 211 211 211 211 211 211 211 210 210 211 211 211 211 211 211 211 210 210 210 210 210 210 210 210 210 210 210 210 209 209 209 209 209 209 209 209 209 209 209 209 208 208 208 208 208 208 208 208 208 208 208 207 207 207 207 207 207 207 207 207 207 206 206 206 206 206 206 206 206 206 206 206 NA NA NA NA NA NA NA NA NA NA NA NA NA NA NA NA NA NA NA NA NA NA NA NA NA NA NA NA NA NA NA NA NA NA NA NA NA NA NA NA NA NA NA NA NA NA NA NA NA NA NA NA NA NA NA NA NA NA NA NA NA NA NA NA NA NA NA NA NA NA NA NA NA NA NA NA NA NA NA NA NA NA NA NA NA NA NA NA NA NA NA NA NA NA NA NA NA NA NA NA NA NA NA NA NA NA NA NA NA NA NA NA NA NA NA NA NA NA NA NA NA NA NA NA NA NA NA NA NA NA NA NA NA NA NA NA NA NA NA NA NA NA NA NA NA NA NA NA NA NA NA NA NA NA NA NA NA NA NA NA NA NA NA NA NA NA NA NA NA NA NA NA NA NA NA NA NA NA NA NA NA NA NA NA NA NA NA NA NA NA NA NA NA NA NA NA NA NA
NA NA NA NA NA NA NA NA NA NA NA NA NA NA NA NA NA NA NA NA NA NA NA NA NA NA NA NA NA NA NA NA NA NA NA NA NA NA NA NA NA NA NA NA NA NA NA NA NA NA NA NA NA NA NA NA NA NA NA NA NA NA NA NA 220 220 220 220 220 220 220 220 220 220 220 220 220 220 220 220 220 219 219 219 219 219 219 219 219 219 219 219 219 219 219 219 219 219 219 219 219 219 219 219 219 219 219 219 219 218 218 218 218 218 218 218 218 218 218 218 218 218 218 218 218 218 218 218 218 217 217 217 217 217 217 217 217 217 217 217 217 217 216 216 216 215 215 215 215 215 215 215 215 215 215 215 215 215 215 215 215 215 215 215 215 215 215 215 214 214 214 214 214 214 214 214 214 214 214 214 214 214 214 214 214 214 214 214 214 214 213 213 213 214 214 213 213 213 213 213 213 213 213 213 213 213 213 213 212 212 212 212 212 212 212 212 212 212 212 212 212 212 212 212 212 212 212 211 211 211 211 211 211 211 211 211 211 211 211 211 211 211 211 211 211 211 211 211 211 211 211 210 210 210 210 210 210 210 210 210 210 210 209 209 209 209 209 209 209 209 209 209 209 209 208 208 208 208 208 208 208 208 208 208 208 208 207 207 207 207 207 207 207 207 207 206 206 206 206 206 206 206 206 206 206 NA NA NA NA NA NA NA NA NA NA NA NA NA NA NA NA NA NA NA NA NA NA NA NA NA NA NA NA NA NA NA NA NA NA NA NA NA NA NA NA NA NA NA NA NA NA NA NA NA NA NA NA NA NA NA NA NA NA NA NA NA NA NA NA NA NA NA NA NA NA NA NA NA NA NA NA NA NA NA NA NA NA NA NA NA NA NA NA NA NA NA NA NA NA NA NA NA NA NA NA NA NA NA NA NA NA NA NA NA NA NA NA NA NA NA NA NA NA NA NA NA NA NA NA NA NA NA NA NA NA NA NA NA NA NA NA NA NA NA NA NA NA NA NA NA NA NA NA NA NA NA NA NA NA NA NA NA NA NA NA NA NA NA NA NA NA NA NA NA NA NA NA NA NA NA NA NA NA NA NA NA NA NA NA NA NA NA NA NA NA NA NA NA NA NA NA NA NA
NA NA NA NA NA NA NA NA NA NA NA NA NA NA NA NA NA NA NA NA NA NA NA NA NA NA NA NA NA NA NA NA NA NA NA NA NA NA NA NA NA NA NA NA NA NA NA NA NA NA NA NA NA NA NA NA NA NA NA NA NA NA NA NA 220 220 220 220 220 220 220 220 220 220 220 220 220 220 220 220 220 220 220 219 219 219 219 219 219 219 219 219 219 219 219 219 219 219 219 219 219 219 219 219 219 219 219 219 219 219 219 218 218 218 218 218 218 218 218 218 218 218 218 218 218 218 218 218 218 218 218 217 217 217 217 217 217 217 217 217 217 217 216 216 216 216 216 215 215 215 215 215 215 215 215 215 215 215 215 215 215 215 215 215 215 215 215 215 215 214 214 214 214 214 214 214 214 214 214 214 214 214 214 214 214 214 214 214 214 214 213 213 214 214 214 214 213 213 213 213 213 213 213 213 213 213 213 212 212 212 212 212 212 212 212 212 212 212 212 212 212 212 212 212 212 212 212 212 212 211 211 211 211 211 211 211 211 211 211 211 211 211 211 211 211 211 211 211 211 211 211 211 210 210 210 210 210 210 210 210 210 210 210 209 209 209 209 209 209 209 209 209 209 209 208 208 208 208 208 208 208 208 208 208 208 208 208 207 207 207 207 207 207 207 207 207 207 207 206 206 206 206 206 206 206 NA NA NA NA NA NA NA NA NA NA NA NA NA NA NA NA NA NA NA NA NA NA NA NA NA NA NA NA NA NA NA NA NA NA NA NA NA NA NA NA NA NA NA NA NA NA NA NA NA NA NA NA NA NA NA NA NA NA NA NA NA NA NA NA NA NA NA NA NA NA NA NA NA NA NA NA NA NA NA NA NA NA NA NA NA NA NA NA NA NA NA NA NA NA NA NA NA NA NA NA NA NA NA NA NA NA NA NA NA NA NA NA NA NA NA NA NA NA NA NA NA NA NA NA NA NA NA NA NA NA NA NA NA NA NA NA NA NA NA NA NA NA NA NA NA NA NA NA NA NA NA NA NA NA NA NA NA NA NA NA NA NA NA NA NA NA NA NA NA NA NA NA NA NA NA NA NA NA NA NA NA NA NA NA NA NA NA NA NA NA NA NA NA NA NA NA NA NA
NA NA NA NA NA NA NA NA NA NA NA NA NA NA NA NA NA NA NA NA NA NA NA NA NA NA NA NA NA NA NA NA NA NA NA NA NA NA NA NA NA NA NA NA NA NA NA NA NA NA NA NA NA NA NA NA NA NA NA NA NA NA NA NA 220 220 220 220 220 220 220 220 220 220 220 220 220 220 220 220 220 220 220 220 220 219 219 219 219 219 219 219 220 220 219 219 219 219 219 219 219 219 219 219 219 219 219 219 219 219 219 219 219 218 218 218 218 218 218 218 218 218 218 218 218 218 218 218 218 218 218 218 218 217 217 217 217 217 217 217 217 217 216 216 216 216 216 216 216 215 215 215 215 215 215 215 215 215 215 215 215 215 215 215 215 215 215 215 215 215 215 214 214 214 214 214 214 214 214 214 214 214 214 214 214 214 214 214 214 214 214 214 214 214 214 214 213 213 213 213 213 213 213 213 213 213 213 212 212 212 213 212 212 212 212 212 212 212 212 212 212 212 212 212 212 212 212 212 212 212 211 211 211 211 211 211 211 211 211 211 211 211 211 211 211 211 211 211 211 211 211 211 211 210 210 210 210 210 210 210 210 210 210 210 210 209 209 209 209 209 209 209 209 209 208 208 208 208 208 208 208 208 208 208 208 208 208 208 207 207 207 207 207 207 207 207 207 207 207 206 206 206 206 206 206 NA NA NA NA NA NA NA NA NA NA NA NA NA NA NA NA NA NA NA NA NA NA NA NA NA NA NA NA NA NA NA NA NA NA NA NA NA NA NA NA NA NA NA NA NA NA NA NA NA NA NA NA NA NA NA NA NA NA NA NA NA NA NA NA NA NA NA NA NA NA NA NA NA NA NA NA NA NA NA NA NA NA NA NA NA NA NA NA NA NA NA NA NA NA NA NA NA NA NA NA NA NA NA NA NA NA NA NA NA NA NA NA NA NA NA NA NA NA NA NA NA NA NA NA NA NA NA NA NA NA NA NA NA NA NA NA NA NA NA NA NA NA NA NA NA NA NA NA NA NA NA NA NA NA NA NA NA NA NA NA NA NA NA NA NA NA NA NA NA NA NA NA NA NA NA NA NA NA NA NA NA NA NA NA NA NA NA NA NA NA NA NA NA NA NA NA NA NA
NA NA NA NA NA NA NA NA NA NA NA NA NA NA NA NA NA NA NA NA NA NA NA NA NA NA NA NA NA NA NA NA NA NA NA NA NA NA NA NA NA NA NA NA NA NA NA NA NA NA NA NA NA NA NA NA NA NA NA NA 221 221 221 221 221 221 220 220 220 220 220 220 220 220 220 220 220 220 220 220 220 220 220 220 220 220 219 219 219 219 219 219 220 220 220 220 219 219 219 219 219 219 219 219 219 219 219 219 219 219 219 219 219 219 219 218 218 218 218 218 218 218 218 218 218 218 218 218 218 218 218 218 218 218 218 217 217 217 217 217 217 217 216 216 216 216 216 216 216 216 215 215 215 215 215 215 215 215 215 215 215 215 215 215 215 215 215 215 215 215 215 215 215 215 215 214 214 214 214 214 214 214 214 214 214 214 214 214 214 214 214 214 214 214 214 214 214 213 213 213 213 213 213 213 213 213 213 213 213 213 213 213 212 212 212 212 212 212 212 212 212 212 212 212 212 212 212 212 212 212 212 212 211 211 211 211 211 211 211 211 211 211 211 211 211 211 211 211 211 211 211 211 211 211 210 210 210 210 210 210 210 210 210 210 210 210 209 209 209 209 209 209 209 209 209 209 208 208 208 208 208 208 208 208 208 208 208 208 208 208 207 207 207 207 207 207 207 207 207 207 207 206 206 206 206 206 NA NA NA NA NA NA NA NA NA NA NA NA NA NA NA NA NA NA NA NA NA NA NA NA NA NA NA NA NA NA NA NA NA NA NA NA NA NA NA NA NA NA NA NA NA NA NA NA NA NA NA NA NA NA NA NA NA NA NA NA NA NA NA NA NA NA NA NA NA NA NA NA NA NA NA NA NA NA NA NA NA NA NA NA NA NA NA NA NA NA NA NA NA NA NA NA NA NA NA NA NA NA NA NA NA NA NA NA NA NA NA NA NA NA NA NA NA NA NA NA NA NA NA NA NA NA NA NA NA NA NA NA NA NA NA NA NA NA NA NA NA NA NA NA NA NA NA NA NA NA NA NA NA NA NA NA NA NA NA NA NA NA NA NA NA NA NA NA NA NA NA NA NA NA NA NA NA NA NA NA NA NA NA NA NA NA NA NA NA NA NA NA NA NA NA NA NA
NA NA NA NA NA NA NA NA NA NA NA NA NA NA NA NA NA NA NA NA NA NA NA NA NA NA NA NA NA NA NA NA NA NA NA NA NA NA NA NA NA NA NA NA NA NA NA NA NA NA NA NA NA NA NA NA NA NA NA NA NA 221 221 221 221 221 221 221 220 220 220 220 220 220 220 220 220 220 220 220 220 220 220 220 220 220 220 220 219 219 219 219 220 220 220 220 220 220 219 219 219 219 219 219 219 219 219 219 219 219 219 219 219 219 219 219 219 218 218 218 218 218 218 218 218 218 218 218 218 218 218 218 218 218 218 218 217 217 217 217 217 217 216 216 216 216 216 216 216 216 216 216 215 215 215 215 215 215 215 215 215 215 215 215 215 215 215 215 215 215 215 215 215 215 215 215 214 214 214 214 214 214 214 214 214 214 214 214 214 214 214 214 214 214 214 214 214 214 213 213 213 213 213 213 213 213 213 213 213 213 213 213 213 212 212 212 212 212 212 212 212 212 212 212 212 212 212 212 212 212 212 212 212 212 211 211 211 211 211 211 211 211 212 211 211 211 211 211 211 211 211 211 211 211 211 210 210 210 210 210 210 210 210 210 210 210 210 210 209 209 209 209 209 209 209 209 209 209 208 208 208 208 208 208 208 208 208 208 208 208 208 207 207 207 207 207 207 207 207 207 207 206 206 206 206 206 206 205 NA NA NA NA NA NA NA NA NA NA NA NA NA NA NA NA NA NA NA NA NA NA NA NA NA NA NA NA NA NA NA NA NA NA NA NA NA NA NA NA NA NA NA NA NA NA NA NA NA NA NA NA NA NA NA NA NA NA NA NA NA NA NA NA NA NA NA NA NA NA NA NA NA NA NA NA NA NA NA NA NA NA NA NA NA NA NA NA NA NA NA NA NA NA NA NA NA NA NA NA NA NA NA NA NA NA NA NA NA NA NA NA NA NA NA NA NA NA NA NA NA NA NA NA NA NA NA NA NA NA NA NA NA NA NA NA NA NA NA NA NA NA NA NA NA NA NA NA NA NA NA NA NA NA NA NA NA NA NA NA NA NA NA NA NA NA NA NA NA NA NA NA NA NA NA NA NA NA NA NA NA NA NA NA NA NA NA NA NA NA NA NA NA NA NA
NA NA NA NA NA NA NA NA NA NA NA NA NA NA NA NA NA NA NA NA NA NA NA NA NA NA NA NA NA NA NA NA NA NA NA NA NA NA NA NA NA NA NA NA NA NA NA NA NA NA NA NA NA NA NA NA NA NA NA 221 221 221 221 221 221 221 221 221 221 220 220 220 220 220 220 220 220 220 220 220 220 220 220 220 220 220 220 220 220 220 219 219 220 220 220 220 220 220 220 219 219 219 219 219 219 219 219 219 219 219 219 219 219 219 219 219 219 219 219 218 218 218 218 218 218 218 218 218 218 218 218 218 218 218 218 218 218 218 217 217 217 217 216 216 216 216 216 216 216 216 216 216 216 216 215 215 215 215 215 215 215 215 215 215 215 215 215 215 215 215 215 215 215 215 215 215 215 214 214 214 214 214 214 214 214 214 214 214 214 214 214 214 214 214 214 214 214 214 214 214 213 213 213 213 213 213 213 213 213 213 213 213 212 212 212 212 212 212 212 212 212 212 212 212 212 212 212 212 212 212 212 212 212 212 212 211 211 211 211 211 211 211 212 212 211 211 211 211 211 211 211 211 211 211 211 211 211 211 210 210 210 210 210 210 210 210 210 210 210 210 209 209 209 209 209 209 209 209 209 209 208 208 208 208 208 208 208 208 208 208 208 208 207 207 207 207 207 207 207 207 207 207 206 206 206 206 206 206 NA NA NA NA NA NA NA NA NA NA NA NA NA NA NA NA NA NA NA NA NA NA NA NA NA NA NA NA NA NA NA NA NA NA NA NA NA NA NA NA NA NA NA NA NA NA NA NA NA NA NA NA NA NA NA NA NA NA NA NA NA NA NA NA NA NA NA NA NA NA NA NA NA NA NA NA NA NA NA NA NA NA NA NA NA NA NA NA NA NA NA NA NA NA NA NA NA NA NA NA NA NA NA NA NA NA NA NA NA NA NA NA NA NA NA NA NA NA NA NA NA NA NA NA NA NA NA NA NA NA NA NA NA NA NA NA NA NA NA NA NA NA NA NA NA NA NA NA NA NA NA NA NA NA NA NA NA NA NA NA NA NA NA NA NA NA NA NA NA NA NA NA NA NA NA NA NA NA NA NA NA NA NA NA NA NA NA NA NA NA NA NA NA NA NA
NA NA NA NA NA NA NA NA NA NA NA NA NA NA NA NA NA NA NA NA NA NA NA NA NA NA NA NA NA NA NA NA NA NA NA NA NA NA NA NA NA NA NA NA NA NA NA NA NA NA NA NA NA NA NA NA NA NA NA NA 221 221 221 221 221 221 221 221 221 221 221 220 220 220 220 220 220 220 220 220 220 220 220 220 220 220 220 220 220 220 220 219 220 220 220 220 220 220 220 220 219 219 219 219 219 219 219 219 219 219 219 219 219 219 219 219 219 219 219 219 219 218 218 218 218 218 218 218 218 218 218 218 218 218 218 218 218 218 218 218 217 217 216 216 216 216 216 216 216 216 216 216 216 216 216 216 215 215 215 215 215 215 215 215 215 215 215 215 215 215 215 215 215 215 215 215 215 214 214 214 214 214 214 214 214 214 214 214 214 214 214 214 214 214 214 214 214 214 214 214 214 214 214 214 213 213 213 213 213 213 213 213 213 213 212 212 212 212 213 213 212 212 212 212 212 212 212 212 212 212 212 212 212 212 212 212 212 211 211 211 211 211 212 212 212 212 211 211 211 211 211 211 211 211 211 211 211 211 211 210 210 210 210 210 210 210 210 210 210 210 210 209 209 209 209 209 209 209 209 209 209 208 208 208 208 208 208 208 208 208 208 208 208 207 207 207 207 207 207 207 207 207 206 206 206 206 206 206 206 NA NA NA NA NA NA NA NA NA NA NA NA NA NA NA NA NA NA NA NA NA NA NA NA NA NA NA NA NA NA NA NA NA NA NA NA NA NA NA NA NA NA NA NA NA NA NA NA NA NA NA NA NA NA NA NA NA NA NA NA NA NA NA NA NA NA NA NA NA NA NA NA NA NA NA NA NA NA NA NA NA NA NA NA NA NA NA NA NA NA NA NA NA NA NA NA NA NA NA NA NA NA NA NA NA NA NA NA NA NA NA NA NA NA NA NA NA NA NA NA NA NA NA NA NA NA NA NA NA NA NA NA NA NA NA NA NA NA NA NA NA NA NA NA NA NA NA NA NA NA NA NA NA NA NA NA NA NA NA NA NA NA NA NA NA NA NA NA NA NA NA NA NA NA NA NA NA NA NA NA NA NA NA NA NA NA NA NA NA NA NA NA NA NA
NA NA NA NA NA NA NA NA NA NA NA NA NA NA NA NA NA NA NA NA NA NA NA NA NA NA NA NA NA NA NA NA NA NA NA NA NA NA NA NA NA NA NA NA NA NA NA NA NA NA NA NA NA NA NA NA NA NA 221 221 221 221 221 221 221 221 221 221 221 221 221 221 220 220 220 220 220 220 220 220 220 220 220 220 220 220 220 220 220 220 220 220 220 220 220 220 220 220 220 220 220 220 219 219 219 219 219 219 219 219 219 219 219 219 219 219 219 219 219 219 219 219 218 218 218 218 218 218 218 218 218 218 218 218 218 218 218 218 218 218 218 218 216 216 216 216 216 216 216 216 216 216 216 216 216 216 216 216 215 215 215 215 215 215 215 215 215 215 215 215 215 215 215 215 215 215 215 215 214 214 214 214 214 214 214 214 214 214 214 214 214 214 214 214 214 214 214 214 214 214 214 214 213 214 214 213 213 213 213 213 213 213 213 213 212 212 212 212 213 213 213 213 212 212 212 212 212 212 212 212 212 212 212 212 212 212 212 212 211 211 211 211 212 212 212 212 212 212 211 211 211 211 211 211 211 211 211 211 211 211 211 210 210 210 210 210 210 210 210 210 210 210 209 209 209 209 209 209 209 209 209 209 209 209 208 208 208 208 208 208 208 208 208 208 208 208 207 207 207 207 207 207 206 206 206 206 206 206 206 NA NA NA NA NA NA NA NA NA NA NA NA NA NA NA NA NA NA NA NA NA NA NA NA NA NA NA NA NA NA NA NA NA NA NA NA NA NA NA NA NA NA NA NA NA NA NA NA NA NA NA NA NA NA NA NA NA NA NA NA NA NA NA NA NA NA NA NA NA NA NA NA NA NA NA NA NA NA NA NA NA NA NA NA NA NA NA NA NA NA NA NA NA NA NA NA NA NA NA NA NA NA NA NA NA NA NA NA NA NA NA NA NA NA NA NA NA NA NA NA NA NA NA NA NA NA NA NA NA NA NA NA NA NA NA NA NA NA NA NA NA NA NA NA NA NA NA NA NA NA NA NA NA NA NA NA NA NA NA NA NA NA NA NA NA NA NA NA NA NA NA NA NA NA NA NA NA NA NA NA NA NA NA NA NA NA NA NA NA NA NA NA NA NA
NA NA NA NA NA NA NA NA NA NA NA NA NA NA NA NA NA NA NA NA NA NA NA NA NA NA NA NA NA NA NA NA NA NA NA NA NA NA NA NA NA NA NA NA NA NA NA NA NA NA NA NA NA NA NA NA NA NA NA NA NA 221 221 221 221 221 221 221 221 221 221 221 221 221 220 220 220 220 220 220 220 220 220 220 220 220 220 220 220 220 220 220 220 220 220 220 220 220 220 220 220 220 220 219 219 219 219 219 219 219 219 219 219 219 219 219 219 219 219 219 219 219 219 218 218 218 218 218 218 218 218 218 218 218 218 218 218 218 218 218 218 218 216 216 216 216 216 216 216 216 216 216 216 216 216 216 216 216 216 216 215 215 215 215 215 215 215 215 215 215 215 215 215 215 215 215 215 215 215 215 215 215 215 215 214 214 214 214 214 214 214 214 214 214 214 214 214 214 214 214 214 214 213 213 214 214 214 214 213 213 213 213 213 213 213 212 212 213 213 213 213 213 213 213 212 212 212 212 212 212 212 212 212 212 212 212 212 212 212 212 211 211 212 212 212 212 212 212 212 211 211 211 211 211 211 211 211 211 211 211 211 211 210 210 210 210 210 210 210 210 210 210 210 210 209 209 209 209 209 209 209 209 209 209 209 209 208 208 208 208 208 208 208 208 208 208 208 207 207 207 207 207 207 207 206 206 206 206 206 206 NA NA NA NA NA NA NA NA NA NA NA NA NA NA NA NA NA NA NA NA NA NA NA NA NA NA NA NA NA NA NA NA NA NA NA NA NA NA NA NA NA NA NA NA NA NA NA NA NA NA NA NA NA NA NA NA NA NA NA NA NA NA NA NA NA NA NA NA NA NA NA NA NA NA NA NA NA NA NA NA NA NA NA NA NA NA NA NA NA NA NA NA NA NA NA NA NA NA NA NA NA NA NA NA NA NA NA NA NA NA NA NA NA NA NA NA NA NA NA NA NA NA NA NA NA NA NA NA NA NA NA NA NA NA NA NA NA NA NA NA NA NA NA NA NA NA NA NA NA NA NA NA NA NA NA NA NA NA NA NA NA NA NA NA NA NA NA NA NA NA NA NA NA NA NA NA NA NA NA NA NA NA NA NA NA NA NA NA NA NA NA NA NA
NA NA NA NA NA NA NA NA NA NA NA NA NA NA NA NA NA NA NA NA NA NA NA NA NA NA NA NA NA NA NA NA NA NA NA NA NA NA NA NA NA NA NA NA NA NA NA NA NA NA NA NA NA NA NA NA NA NA 221 221 221 221 221 221 221 221 221 221 221 221 221 221 221 221 221 221 220 220 220 220 220 220 220 220 220 220 220 220 220 220 220 220 220 220 220 220 220 220 220 220 220 220 220 220 220 219 219 219 219 219 219 219 219 219 219 219 219 219 219 219 219 219 219 219 219 218 218 218 218 218 218 218 218 218 218 218 218 218 218 218 218 218 216 216 216 216 216 216 216 216 216 216 216 216 216 216 216 216 216 216 216 215 215 215 215 215 215 215 215 215 215 215 215 215 215 215 215 215 215 215 215 215 215 215 215 215 215 214 214 214 214 214 214 214 214 214 214 214 214 214 214 214 214 213 213 214 214 213 213 213 213 213 213 213 213 213 212 213 213 213 213 213 213 213 213 212 212 212 212 212 212 212 212 212 212 212 212 212 212 212 212 212 212 212 212 212 212 212 212 212 212 211 211 211 211 211 211 211 211 211 211 211 210 210 210 210 210 210 210 210 210 210 210 210 210 210 209 209 209 209 209 209 209 209 209 209 209 209 208 208 208 208 208 208 208 208 208 207 207 207 207 207 207 207 207 206 206 206 206 206 206 206 206 206 205 205 205 205 205 205 205 205 205 205 205 205 205 205 NA NA NA NA NA NA NA NA NA NA NA NA NA NA NA NA NA NA NA NA NA NA NA NA NA NA NA NA NA NA NA NA NA NA NA NA NA NA NA NA NA NA NA NA NA NA NA NA NA NA NA NA NA NA NA NA NA NA NA NA NA NA NA NA NA NA NA NA NA NA NA NA NA NA NA NA NA NA NA NA NA NA NA NA NA NA NA NA NA NA NA NA NA NA NA NA NA NA NA NA NA NA NA NA NA NA NA NA NA NA NA NA NA NA NA NA NA NA NA NA NA NA NA NA NA NA NA NA NA NA NA NA NA NA NA NA NA NA NA NA NA NA NA NA NA NA NA NA NA NA NA NA NA NA NA NA NA NA NA NA NA NA NA NA NA NA NA NA NA NA NA NA NA NA NA
NA NA NA NA NA NA NA NA NA NA NA NA NA NA NA NA NA NA NA NA NA NA NA NA NA NA NA NA NA NA NA NA NA NA NA NA NA NA NA NA NA NA NA NA NA NA NA NA NA NA NA NA NA NA NA NA NA NA NA NA NA 221 221 221 221 221 221 221 221 221 221 221 221 221 221 221 221 220 220 220 220 220 220 220 220 220 220 220 220 220 220 220 220 220 220 220 220 220 220 220 220 220 220 220 220 220 219 219 219 219 219 219 219 219 219 219 219 219 219 219 219 219 219 219 219 219 218 218 218 218 218 218 218 218 218 218 218 218 218 218 218 218 216 216 216 216 216 216 216 216 216 216 216 216 216 216 216 216 216 216 216 216 216 215 215 215 215 215 215 215 215 215 215 215 215 215 215 215 215 215 215 215 215 215 215 215 215 214 214 214 214 214 214 214 214 214 214 214 214 214 214 214 214 214 214 214 214 213 213 213 213 213 213 213 213 213 213 213 213 213 213 213 213 213 213 213 212 212 212 212 212 212 212 212 212 212 212 212 212 212 212 212 212 212 212 212 212 212 212 212 212 211 211 211 211 211 211 211 211 211 211 211 211 211 210 210 210 210 210 210 210 210 210 210 210 210 210 210 209 209 209 209 209 209 209 209 209 209 209 209 208 208 208 208 208 208 207 207 207 207 207 207 207 207 207 207 207 206 206 206 206 206 206 206 206 206 206 206 206 206 206 205 205 205 205 205 205 205 205 205 205 NA NA NA NA NA NA NA NA NA NA NA NA NA NA NA NA NA NA NA NA NA NA NA NA NA NA NA NA NA NA NA NA NA NA NA NA NA NA NA NA NA NA NA NA NA NA NA NA NA NA NA NA NA NA NA NA NA NA NA NA NA NA NA NA NA NA NA NA NA NA NA NA NA NA NA NA NA NA NA NA NA NA NA NA NA NA NA NA NA NA NA NA NA NA NA NA NA NA NA NA NA NA NA NA NA NA NA NA NA NA NA NA NA NA NA NA NA NA NA NA NA NA NA NA NA NA NA NA NA NA NA NA NA NA NA NA NA NA NA NA NA NA NA NA NA NA NA NA NA NA NA NA NA NA NA NA NA NA NA NA NA NA NA NA NA NA NA NA NA NA NA NA
NA NA NA NA NA NA NA NA NA NA NA NA NA NA NA NA NA NA NA NA NA NA NA NA NA NA NA NA NA NA NA NA NA NA NA NA NA NA NA NA NA NA NA NA NA NA NA NA NA NA NA NA NA NA NA NA NA NA NA NA 221 221 221 221 221 221 221 221 221 221 221 221 221 221 221 221 221 221 221 220 220 220 220 220 220 220 220 220 220 220 220 220 220 220 220 220 220 220 220 220 220 220 220 220 220 220 220 219 219 219 219 219 219 219 219 219 219 219 219 219 219 219 219 219 219 219 219 219 219 218 218 218 218 218 218 218 218 218 218 218 218 218 216 216 216 216 216 216 216 216 216 216 216 216 216 216 216 216 216 216 216 216 216 216 216 216 215 215 215 215 215 215 215 215 215 215 215 215 215 215 215 215 215 215 215 215 215 214 214 214 214 214 214 214 214 214 214 214 214 214 214 214 214 214 214 214 214 213 213 213 213 213 213 213 213 213 213 213 213 213 213 213 213 213 213 213 213 213 212 212 212 212 212 212 212 212 212 212 212 212 212 212 212 212 212 212 212 212 212 212 212 212 212 211 211 211 211 211 211 211 211 211 211 211 211 211 210 210 210 210 210 210 210 210 210 210 210 210 210 209 209 209 209 209 209 209 209 209 209 209 209 208 208 208 208 208 208 208 207 207 208 208 208 207 207 207 207 207 206 206 206 206 206 206 206 206 206 206 206 206 206 206 206 205 205 205 205 205 205 205 205 205 205 NA NA NA NA NA NA NA NA NA NA NA NA NA NA NA NA NA NA NA NA NA NA NA NA NA NA NA NA NA NA NA NA NA NA NA NA NA NA NA NA NA NA NA NA NA NA NA NA NA NA NA NA NA NA NA NA NA NA NA NA NA NA NA NA NA NA NA NA NA NA NA NA NA NA NA NA NA NA NA NA NA NA NA NA NA NA NA NA NA NA NA NA NA NA NA NA NA NA NA NA NA NA NA NA NA NA NA NA NA NA NA NA NA NA NA NA NA NA NA NA NA NA NA NA NA NA NA NA NA NA NA NA NA NA NA NA NA NA NA NA NA NA NA NA NA NA NA NA NA NA NA NA NA NA NA NA NA NA NA NA NA NA NA NA NA NA NA NA NA NA
NA NA NA NA NA NA NA NA NA NA NA NA NA NA NA NA NA NA NA NA NA NA NA NA NA NA NA NA NA NA NA NA NA NA NA NA NA NA NA NA NA NA NA NA NA NA NA NA NA NA NA NA NA NA NA NA NA NA NA NA NA 221 221 221 221 221 221 221 221 221 221 221 221 221 221 221 221 221 221 221 221 220 220 220 220 220 220 220 220 220 220 220 220 220 220 220 220 220 220 220 220 220 220 220 220 220 220 220 220 219 219 219 219 219 219 219 219 219 219 219 219 219 219 219 219 219 219 219 219 219 218 218 218 218 218 218 218 218 218 218 218 218 216 216 216 216 216 216 216 216 216 216 216 216 216 216 216 216 216 216 216 216 216 216 216 216 215 215 215 215 215 215 215 215 215 215 215 215 215 215 215 215 215 215 215 215 215 214 214 214 214 214 214 214 214 214 214 214 214 214 214 214 214 214 214 214 213 214 213 213 213 213 213 213 213 213 213 213 213 212 212 212 213 213 213 213 213 213 213 212 212 212 212 212 212 212 212 212 212 212 212 212 212 212 212 212 212 212 212 212 212 212 212 212 211 211 211 211 211 211 211 211 211 211 211 211 211 211 210 210 210 210 210 210 210 210 210 210 210 210 209 209 209 209 209 209 209 209 209 209 209 209 208 208 208 208 208 208 208 208 208 208 208 208 207 207 207 207 206 206 206 206 206 206 206 206 206 206 206 206 206 206 206 206 206 206 205 205 205 205 205 205 205 205 NA NA NA NA NA NA NA NA NA NA NA NA NA NA NA NA NA NA NA NA NA NA NA NA NA NA NA NA NA NA NA NA NA NA NA NA NA NA NA NA NA NA NA NA NA NA NA NA NA NA NA NA NA NA NA NA NA NA NA NA NA NA NA NA NA NA NA NA NA NA NA NA NA NA NA NA NA NA NA NA NA NA NA NA NA NA NA NA NA NA NA NA NA NA NA NA NA NA NA NA NA NA NA NA NA NA NA NA NA NA NA NA NA NA NA NA NA NA NA NA NA NA NA NA NA NA NA NA NA NA NA NA NA NA NA NA NA NA NA NA NA NA NA NA NA NA NA NA NA NA NA NA NA NA NA NA NA NA NA NA NA NA NA NA NA NA NA NA NA
NA NA NA NA NA NA NA NA NA NA NA NA NA NA NA NA NA NA NA NA NA NA NA NA NA NA NA NA NA NA NA NA NA NA NA NA NA NA NA NA NA NA NA NA NA NA NA NA NA NA NA NA NA NA NA NA NA NA NA 222 222 222 221 221 221 221 221 221 221 221 221 221 221 221 221 221 221 221 221 221 221 221 220 220 220 220 220 220 220 220 220 220 220 220 220 220 220 220 220 220 220 220 220 220 220 220 220 220 220 220 219 219 219 219 219 219 219 219 219 219 219 219 219 219 219 219 219 219 219 219 219 219 218 218 218 218 218 218 218 218 218 218 217 216 216 216 216 216 216 216 216 216 216 216 216 216 216 216 216 216 216 216 216 216 216 216 216 215 215 215 215 215 215 215 215 215 215 215 215 215 215 215 215 215 215 215 214 214 214 214 214 214 215 214 214 214 214 214 214 214 214 214 214 214 214 214 213 213 213 213 213 213 213 213 213 213 213 213 213 213 213 212 212 213 213 213 213 213 213 213 213 212 212 212 212 212 212 212 212 212 212 212 213 212 212 212 212 212 212 212 212 212 212 212 212 211 211 211 211 211 211 211 211 211 211 211 211 211 211 210 210 210 210 210 210 210 210 210 210 210 210 209 209 209 209 209 209 209 209 209 209 209 208 208 208 208 208 208 208 208 208 208 208 208 208 207 207 207 206 206 206 206 206 207 206 206 206 206 206 206 206 205 205 206 206 206 206 206 205 205 205 205 205 205 205 NA NA NA NA NA NA NA NA NA NA NA NA NA NA NA NA NA NA NA NA NA NA NA NA NA NA NA NA NA NA NA NA NA NA NA NA NA NA NA NA NA NA NA NA NA NA NA NA NA NA NA NA NA NA NA NA NA NA NA NA NA NA NA NA NA NA NA NA NA NA NA NA NA NA NA NA NA NA NA NA NA NA NA NA NA NA NA NA NA NA NA NA NA NA NA NA NA NA NA NA NA NA NA NA NA NA NA NA NA NA NA NA NA NA NA NA NA NA NA NA NA NA NA NA NA NA NA NA NA NA NA NA NA NA NA NA NA NA NA NA NA NA NA NA NA NA NA NA NA NA NA NA NA NA NA NA NA NA NA NA NA NA NA NA NA NA NA NA
NA NA NA NA NA NA NA NA NA NA NA NA NA NA NA NA NA NA NA NA NA NA NA NA NA NA NA NA NA NA NA NA NA NA NA NA NA NA NA NA NA NA NA NA NA NA NA NA NA NA NA NA NA NA NA NA NA NA 222 222 222 222 222 222 221 221 221 221 221 221 221 221 221 221 221 221 221 221 221 221 221 221 221 221 220 220 220 220 220 220 220 220 221 220 220 220 220 220 220 220 220 220 220 220 220 220 220 220 220 220 220 219 219 219 219 219 219 219 219 219 219 219 219 219 219 219 219 219 219 219 219 219 219 219 218 218 218 218 218 218 218 218 217 217 217 216 216 216 216 216 216 216 216 216 216 216 216 216 216 216 216 216 216 216 216 216 216 216 216 215 215 215 215 215 215 215 215 215 215 215 215 215 215 215 215 214 215 215 214 214 215 215 215 214 214 214 214 214 214 214 214 214 214 214 214 214 213 214 214 213 213 213 213 213 213 213 213 213 213 213 213 213 212 212 213 213 213 213 213 213 213 213 212 212 212 212 212 212 212 212 212 212 213 213 212 212 212 212 212 212 212 212 212 212 212 212 212 211 211 211 211 211 211 211 211 211 211 211 211 211 210 210 210 210 210 210 210 210 210 210 210 210 209 209 209 209 209 209 209 209 209 209 209 208 208 208 208 208 208 208 208 208 208 208 208 208 207 207 207 206 207 207 206 206 206 206 206 206 206 206 206 206 205 206 206 206 206 206 206 206 205 205 205 205 205 NA NA NA NA NA NA NA NA NA NA NA NA NA NA NA NA NA NA NA NA NA NA NA NA NA NA NA NA NA NA NA NA NA NA NA NA NA NA NA NA NA NA NA NA NA NA NA NA NA NA NA NA NA NA NA NA NA NA NA NA NA NA NA NA NA NA NA NA NA NA NA NA NA NA NA NA NA NA NA NA NA NA NA NA NA NA NA NA NA NA NA NA NA NA NA NA NA NA NA NA NA NA NA NA NA NA NA NA NA NA NA NA NA NA NA NA NA NA NA NA NA NA NA NA NA NA NA NA NA NA NA NA NA NA NA NA NA NA NA NA NA NA NA NA NA NA NA NA NA NA NA NA NA NA NA NA NA NA NA NA NA NA NA NA NA NA NA NA
NA NA NA NA NA NA NA NA NA NA NA NA NA NA NA NA NA NA NA NA NA NA NA NA NA NA NA NA NA NA NA NA NA NA NA NA NA NA NA NA NA NA NA NA NA NA NA NA NA NA NA NA NA NA NA NA NA NA NA NA 222 222 222 222 222 221 221 221 221 221 221 221 221 221 221 221 221 221 221 221 221 221 221 221 221 221 220 220 220 220 220 220 221 221 221 220 220 220 220 220 220 220 220 220 220 220 220 220 220 220 220 220 220 220 219 219 219 219 219 219 219 219 219 219 219 219 219 219 219 219 219 219 219 219 219 218 218 218 218 218 218 218 217 217 217 217 217 216 216 216 216 216 216 216 216 216 216 216 216 216 216 216 216 216 216 216 216 216 216 216 216 216 215 215 215 215 215 215 215 215 215 215 215 215 215 215 214 214 214 214 215 215 215 215 214 214 214 214 214 214 214 214 214 214 214 213 213 213 214 214 214 213 213 213 213 213 213 213 213 213 213 213 213 212 212 213 213 213 213 213 213 213 213 213 212 212 212 212 212 212 212 212 213 213 213 212 212 212 212 212 212 212 212 212 212 212 212 212 212 211 211 211 211 211 211 211 211 211 211 211 211 211 210 210 210 210 210 210 210 210 210 210 210 209 209 209 209 209 209 209 209 209 209 209 209 209 209 208 208 208 208 208 208 208 208 208 207 207 207 207 207 207 207 206 206 206 206 206 206 206 206 206 206 206 206 206 206 206 206 206 206 206 205 205 205 NA NA NA NA NA NA NA NA NA NA NA NA NA NA NA NA NA NA NA NA NA NA NA NA NA NA NA NA NA NA NA NA NA NA NA NA NA NA NA NA NA NA NA NA NA NA NA NA NA NA NA NA NA NA NA NA NA NA NA NA NA NA NA NA NA NA NA NA NA NA NA NA NA NA NA NA NA NA NA NA NA NA NA NA NA NA NA NA NA NA NA NA NA NA NA NA NA NA NA NA NA NA NA NA NA NA NA NA NA NA NA NA NA NA NA NA NA NA NA NA NA NA NA NA NA NA NA NA NA NA NA NA NA NA NA NA NA NA NA NA NA NA NA NA NA NA NA NA NA NA NA NA NA NA NA NA NA NA NA NA NA NA NA NA NA NA NA NA
NA NA NA NA NA NA NA NA NA NA NA NA NA NA NA NA NA NA NA NA NA NA NA NA NA NA NA NA NA NA NA NA NA NA NA NA NA NA NA NA NA NA NA NA NA NA NA NA NA NA NA NA NA NA NA NA NA NA 222 222 222 222 222 222 222 222 222 221 221 221 221 221 221 221 221 221 221 221 221 221 221 221 221 221 221 221 221 220 220 220 220 220 221 221 221 221 220 220 220 220 220 220 220 220 220 220 220 220 220 220 220 220 220 220 220 219 219 219 219 219 219 219 219 219 219 219 219 219 219 219 219 219 219 219 219 219 219 218 218 218 218 218 217 217 217 217 217 217 217 216 216 216 216 216 216 216 216 216 216 216 216 216 216 216 216 216 216 216 216 216 216 216 216 216 215 215 215 215 215 215 215 215 215 215 215 215 215 215 215 215 215 215 215 215 214 214 214 214 214 214 214 214 214 214 214 213 213 214 214 214 214 214 214 214 213 213 213 213 213 213 213 213 213 213 212 212 213 213 213 213 213 213 213 213 213 213 212 212 212 212 212 212 213 213 213 213 213 212 212 212 212 212 212 212 212 212 212 212 212 212 212 211 211 211 211 211 211 211 211 211 211 211 211 211 210 210 210 210 210 210 210 210 210 210 210 210 209 209 209 209 209 209 209 209 209 209 209 209 208 208 208 208 208 208 208 208 208 208 207 207 207 207 207 207 207 206 207 207 207 207 207 206 206 206 206 206 206 206 206 206 206 206 206 205 205 205 NA NA NA NA NA NA NA NA NA NA NA NA NA NA NA NA NA NA NA NA NA NA NA NA NA NA NA NA NA NA NA NA NA NA NA NA NA NA NA NA NA NA NA NA NA NA NA NA NA NA NA NA NA NA NA NA NA NA NA NA NA NA NA NA NA NA NA NA NA NA NA NA NA NA NA NA NA NA NA NA NA NA NA NA NA NA NA NA NA NA NA NA NA NA NA NA NA NA NA 196 196 196 196 NA NA NA NA NA NA NA NA NA NA NA NA NA NA NA NA NA NA NA NA NA NA NA NA NA NA NA NA NA NA NA NA NA NA NA NA NA NA NA NA NA NA NA NA NA NA NA NA NA NA NA NA NA NA NA NA NA NA NA NA NA NA NA NA
NA NA NA NA NA NA NA NA NA NA NA NA NA NA NA NA NA NA NA NA NA NA NA NA NA NA NA NA NA NA NA NA NA NA NA NA NA NA NA NA NA NA NA NA NA NA NA NA NA NA NA NA NA NA NA NA NA NA NA 222 222 222 222 222 222 222 222 221 221 221 221 221 221 221 221 221 221 221 221 221 221 221 221 221 221 221 221 220 220 220 220 220 221 221 221 221 220 220 220 220 220 220 220 220 220 220 220 220 220 220 220 220 220 220 220 220 219 219 219 219 219 219 219 219 219 219 219 219 219 219 219 219 219 219 219 219 219 219 219 219 218 218 217 217 217 217 217 217 217 217 216 216 216 216 216 216 216 216 216 216 216 216 216 216 216 216 216 216 216 216 216 216 216 216 216 216 215 215 215 215 215 215 215 215 215 215 215 215 215 215 215 215 215 215 215 214 214 214 214 214 214 214 214 214 214 214 214 214 214 213 213 213 214 214 214 214 214 214 213 213 213 213 213 213 213 212 213 213 213 213 213 213 213 213 213 213 213 212 212 212 212 212 213 213 213 213 213 213 212 212 212 212 212 212 212 212 212 212 212 212 212 212 212 211 211 211 211 211 211 211 211 211 211 211 211 211 210 210 210 210 210 210 210 210 210 210 209 209 209 209 209 209 209 209 209 209 209 209 209 208 208 208 208 208 208 208 208 208 208 208 207 207 207 207 207 207 207 207 207 207 207 206 206 206 206 206 206 206 206 206 206 206 206 205 205 205 NA NA NA NA NA NA NA NA NA NA NA NA NA NA NA NA NA NA NA NA NA NA NA NA NA NA NA NA NA NA NA NA NA NA NA NA NA NA NA NA NA NA NA NA NA NA NA NA NA NA NA NA NA NA NA NA NA NA NA NA NA NA NA NA NA NA NA NA NA NA NA NA NA NA NA NA NA NA NA NA NA NA NA NA NA NA NA NA NA NA NA NA NA NA NA NA 197 197 197 197 197 197 196 196 NA NA NA NA NA NA NA NA NA NA NA NA NA NA NA NA NA NA NA NA NA NA NA NA NA NA NA NA NA NA NA NA NA NA NA NA NA NA NA NA NA NA NA NA NA NA NA NA NA NA NA NA NA NA NA NA NA NA NA NA NA NA NA
NA NA NA NA NA NA NA NA NA NA NA NA NA NA NA NA NA NA NA NA NA NA NA NA NA NA NA NA NA NA NA NA NA NA NA NA NA NA NA NA NA NA NA NA NA NA NA NA NA NA NA NA NA NA NA NA NA NA 222 222 222 222 222 222 222 222 222 222 222 221 221 221 221 221 221 221 221 221 221 221 221 221 221 221 221 221 221 220 220 220 220 220 221 221 221 221 220 220 220 220 220 220 220 220 220 220 220 220 220 220 220 220 220 220 220 220 219 219 219 219 219 219 219 219 219 219 219 219 219 219 219 219 219 219 219 219 219 219 219 219 219 218 217 217 217 217 217 217 217 217 217 217 216 216 216 216 216 216 216 216 216 216 216 216 216 216 216 216 216 216 216 216 216 216 216 216 216 215 215 215 215 215 215 215 215 215 215 215 215 215 215 215 215 215 215 214 214 214 214 214 214 214 214 215 214 214 214 214 214 214 213 213 213 213 214 214 213 214 214 214 213 213 213 213 213 213 213 213 213 213 213 213 213 213 213 213 213 213 213 212 212 212 213 213 213 213 213 213 213 213 212 212 212 212 212 212 212 212 212 212 212 212 212 212 211 211 211 211 211 211 211 211 211 211 211 211 211 211 210 210 210 210 210 210 210 210 210 209 209 209 209 209 209 209 209 209 209 209 209 209 208 209 209 208 208 208 208 208 208 208 208 208 207 207 207 207 207 207 207 207 207 207 206 206 206 206 206 206 206 206 206 206 206 206 206 NA NA NA NA NA NA NA NA NA NA NA NA NA NA NA NA NA NA NA NA NA NA NA NA NA NA NA NA NA NA NA NA NA NA NA NA NA NA NA NA NA NA NA NA NA NA NA NA NA NA NA NA NA NA NA NA NA NA NA NA NA NA NA NA NA NA NA NA NA NA NA NA NA NA NA NA NA NA NA NA NA NA NA NA NA NA NA NA NA NA NA NA NA NA NA NA 197 198 198 198 198 198 198 198 197 196 NA NA NA NA NA NA NA NA NA NA NA NA NA NA NA NA NA NA NA NA NA NA NA NA NA NA NA NA NA NA NA NA NA NA NA NA NA NA NA NA NA NA NA NA NA NA NA NA NA NA NA NA NA NA NA NA NA NA NA NA NA NA
NA NA NA NA NA NA NA NA NA NA NA NA NA NA NA NA NA NA NA NA NA NA NA NA NA NA NA NA NA NA NA NA NA NA NA NA NA NA NA NA NA NA NA NA NA NA NA NA NA NA NA NA NA NA NA NA 222 222 222 222 222 222 222 222 222 222 222 222 222 222 221 221 221 221 221 221 221 221 221 221 221 221 221 221 221 221 220 220 220 220 220 220 221 221 221 221 221 221 221 221 221 220 220 220 220 220 220 220 220 220 220 220 220 220 220 220 219 219 219 219 219 219 219 219 219 219 219 219 219 219 219 219 219 219 219 219 219 219 219 219 219 219 217 217 217 217 217 217 217 217 217 217 217 216 216 216 216 216 216 216 216 216 216 216 216 216 216 216 216 216 216 216 216 216 216 216 216 215 215 215 215 215 215 215 215 215 215 215 215 215 215 215 215 215 215 215 214 214 214 214 214 214 214 215 215 214 214 214 214 214 214 213 214 214 214 214 214 214 214 213 213 213 213 213 213 213 213 213 213 213 213 213 213 213 213 213 213 213 213 213 212 212 213 213 213 213 213 213 213 213 213 212 212 212 212 212 212 212 212 212 212 212 212 212 212 211 211 211 211 211 211 211 211 211 211 211 211 211 211 210 210 210 210 210 210 210 210 210 210 210 209 209 209 209 209 209 209 209 209 209 209 209 209 209 209 208 208 208 208 208 208 208 208 208 207 207 207 207 207 207 207 206 206 206 206 206 206 206 206 206 206 206 206 206 206 NA NA NA NA NA NA NA NA NA NA NA NA NA NA NA NA NA NA NA NA NA NA NA NA NA NA NA NA NA NA NA NA NA NA NA NA NA NA NA NA NA NA NA NA NA NA NA NA NA NA NA NA NA NA NA NA NA NA NA NA NA NA NA NA NA NA NA NA NA NA NA NA NA NA NA NA NA NA NA NA NA NA NA NA NA NA NA NA NA NA NA NA NA NA NA 198 198 198 198 198 198 198 198 198 197 197 196 196 NA NA NA NA NA NA NA NA NA NA NA NA NA NA NA NA NA NA NA NA NA NA NA NA NA NA NA NA NA NA NA NA NA NA NA NA NA NA NA NA NA NA NA NA NA NA NA NA NA NA NA NA NA NA NA NA NA NA NA NA
NA NA NA NA NA NA NA NA NA NA NA NA NA NA NA NA NA NA NA NA NA NA NA NA NA NA NA NA NA NA NA NA NA NA NA NA NA NA NA NA NA NA NA NA NA NA NA NA NA NA NA NA NA NA NA NA 222 222 222 222 222 222 222 222 222 222 222 221 221 221 221 221 221 221 221 221 221 221 221 221 221 221 221 221 221 221 221 221 221 220 220 220 221 221 221 221 221 221 221 221 221 220 220 220 220 220 220 220 220 220 220 220 220 220 220 220 220 220 220 220 220 220 219 219 219 219 219 219 219 219 219 219 219 219 219 219 219 219 219 219 219 219 217 217 217 217 217 217 217 217 217 217 217 217 216 216 216 216 216 216 216 216 216 216 216 216 216 216 216 216 216 216 216 216 216 216 215 215 215 215 215 215 215 215 215 215 215 215 215 215 215 215 215 215 215 215 215 214 214 214 214 214 214 214 214 214 214 214 214 214 214 214 214 214 214 214 214 214 214 214 213 213 213 213 213 213 213 213 213 213 213 213 213 213 213 213 213 213 213 213 213 213 213 213 213 213 213 213 213 213 213 213 212 212 212 212 212 212 212 212 212 212 212 212 212 212 212 211 211 211 211 211 211 211 211 211 211 211 211 211 210 210 210 210 210 210 210 210 210 210 210 210 209 209 209 209 209 209 209 209 209 209 209 209 209 208 208 208 208 208 208 208 208 208 208 208 207 207 207 207 207 206 206 206 206 206 206 207 207 207 206 206 206 206 206 206 NA NA NA NA NA NA NA NA NA NA NA NA NA NA NA NA NA NA NA NA NA NA NA NA NA NA NA NA NA NA NA NA NA NA NA NA NA NA NA NA NA NA NA NA NA NA NA NA NA NA NA NA NA NA NA NA NA NA NA NA NA NA NA NA NA NA NA NA NA NA NA NA NA NA NA NA NA NA NA NA NA NA NA NA NA NA NA NA NA NA NA NA NA 198 198 198 199 199 199 199 199 198 198 198 198 197 197 197 NA NA NA NA NA NA NA NA NA NA NA NA NA NA NA NA NA NA NA NA NA NA NA NA NA NA NA NA NA NA NA NA NA NA NA NA NA NA NA NA NA NA NA NA NA NA NA NA NA NA NA NA NA NA NA NA NA NA NA
NA NA NA NA NA NA NA NA NA NA NA NA NA NA NA NA NA NA NA NA NA NA NA NA NA NA NA NA NA NA NA NA NA NA NA NA NA NA NA NA NA NA NA NA NA NA NA NA NA NA NA NA NA NA NA 222 222 222 222 222 222 222 222 222 222 222 222 221 221 221 221 221 221 221 221 221 221 221 221 221 221 221 221 221 221 221 221 221 221 220 221 221 221 221 221 221 221 221 221 221 221 221 221 221 220 220 220 220 220 220 220 220 220 220 220 220 220 220 220 220 220 220 220 220 219 219 219 219 219 219 219 219 219 219 219 219 219 219 219 219 219 219 217 217 217 217 217 217 217 217 217 217 217 217 217 217 216 216 216 216 216 216 216 216 216 216 216 216 216 216 216 216 216 216 216 215 215 215 215 215 215 215 215 215 215 215 215 215 215 215 215 215 215 215 215 215 215 215 215 215 214 214 214 214 214 214 214 214 214 214 214 214 214 214 214 214 214 214 214 214 214 214 213 213 213 213 213 213 213 213 213 213 213 213 213 213 213 213 213 213 213 212 213 213 213 213 213 213 213 213 213 212 212 212 212 212 212 212 212 212 212 212 212 212 212 212 212 212 212 211 211 211 211 211 211 211 211 211 211 211 211 210 210 210 210 210 210 210 210 210 210 210 210 209 209 209 209 209 209 209 209 209 209 209 209 209 208 208 208 208 208 208 208 208 208 208 208 208 207 207 207 207 207 207 207 207 207 207 207 207 206 206 206 206 206 206 206 NA NA NA NA NA NA NA NA NA NA NA NA NA NA NA NA NA NA NA NA NA NA NA NA NA NA NA NA NA NA NA NA NA NA NA NA NA NA NA NA NA NA NA NA NA NA NA NA NA NA NA NA NA NA NA NA NA NA NA NA NA NA NA NA NA NA NA NA NA NA NA NA NA NA NA NA NA NA NA NA NA NA NA NA NA 199 199 199 199 199 199 198 199 198 198 199 199 199 199 199 199 199 199 198 197 197 197 197 NA NA NA NA NA NA NA NA NA NA NA NA NA NA NA NA NA NA NA NA NA NA NA NA NA NA NA NA NA NA NA NA NA NA NA NA NA NA NA NA NA NA NA NA NA NA NA NA NA NA NA NA NA NA NA NA NA NA
NA NA NA NA NA NA NA NA NA NA NA NA NA NA NA NA NA NA NA NA NA NA NA NA NA NA NA NA NA NA NA NA NA NA NA NA NA NA NA NA NA NA NA NA NA NA NA NA NA NA NA NA NA NA NA NA 222 222 222 222 222 222 222 222 222 222 222 221 221 221 221 221 221 221 221 221 221 221 221 221 221 221 221 221 221 221 221 221 221 221 221 221 221 221 221 221 221 221 221 221 221 221 221 221 221 221 220 220 220 220 220 220 220 220 220 220 220 220 220 220 220 220 220 220 220 220 219 219 219 219 219 219 219 219 219 219 219 219 219 219 219 219 217 217 217 217 217 217 217 217 217 217 217 217 217 217 217 217 217 216 216 216 216 216 216 216 216 216 216 216 216 216 216 216 215 215 215 215 216 215 215 215 215 215 216 215 215 215 215 215 215 215 215 215 215 215 215 215 215 215 214 215 214 214 214 214 214 214 214 214 214 214 214 214 214 214 214 214 214 214 214 214 213 213 213 213 213 213 213 213 213 213 213 213 213 213 213 213 213 212 212 212 213 213 213 213 213 213 213 212 212 212 212 212 212 212 212 212 212 212 212 212 212 212 212 212 212 212 212 212 212 211 211 211 211 211 211 211 211 211 211 211 211 210 210 210 210 210 210 210 210 210 210 210 210 210 209 209 209 209 209 209 209 209 209 209 209 209 208 208 208 208 208 208 208 208 208 208 208 207 207 207 207 207 207 207 207 207 207 207 206 206 206 206 206 206 206 206 206 NA 205 205 205 205 204 204 NA NA NA NA NA NA NA NA NA NA NA NA NA NA NA NA NA NA NA NA NA NA NA NA NA NA NA NA NA NA NA NA NA NA NA NA NA NA NA NA NA NA NA NA NA NA NA NA NA NA NA NA NA NA NA NA NA NA NA NA NA NA NA NA NA NA NA NA NA NA NA NA NA 199 199 200 200 199 199 199 199 199 199 199 199 199 199 199 199 199 199 199 199 199 199 198 198 198 198 197 197 NA NA NA NA NA NA NA NA NA NA NA NA NA NA NA NA NA NA NA NA NA NA NA NA NA NA NA NA NA NA NA NA NA NA NA NA NA NA NA NA NA NA NA NA NA NA NA NA NA NA NA NA NA NA NA NA
NA NA NA NA NA NA NA NA NA NA NA NA NA NA NA NA NA NA NA NA NA NA NA NA NA NA NA NA NA NA NA NA NA NA NA NA NA NA NA NA NA NA NA NA NA NA NA NA NA NA NA NA NA 223 223 223 222 222 222 222 222 222 222 222 222 222 222 222 222 222 221 221 221 221 221 221 221 221 221 221 221 221 221 221 221 221 221 221 221 221 221 221 221 221 221 221 221 221 221 221 221 221 221 221 221 221 220 220 220 220 220 220 220 220 220 220 220 220 220 220 220 220 220 220 220 220 220 220 219 219 219 219 219 219 219 219 219 219 219 219 219 219 217 217 217 217 217 217 217 217 217 217 217 217 217 217 217 217 217 217 216 216 216 216 216 216 216 216 216 216 216 216 216 216 216 216 216 216 216 216 216 216 216 215 215 215 215 215 215 215 215 215 215 216 215 215 215 215 215 215 215 215 215 214 214 214 214 214 214 214 214 214 214 214 214 214 214 214 214 214 214 214 214 213 213 213 213 213 213 213 213 213 213 213 213 213 213 213 213 212 212 212 213 213 213 213 213 213 213 213 213 213 213 213 212 212 212 212 212 212 212 212 212 212 212 212 212 212 212 212 212 212 212 211 211 211 211 211 211 211 211 211 211 211 210 210 210 210 210 210 210 210 210 210 210 210 210 209 209 209 209 209 209 209 209 209 209 209 209 209 208 208 208 208 208 208 208 208 208 207 207 207 207 207 207 207 207 207 207 207 207 207 206 206 206 206 206 206 206 206 205 205 205 205 205 205 205 204 204 NA 204 204 204 204 204 204 204 204 203 NA NA 203 203 203 NA NA NA NA NA NA NA NA NA NA NA NA NA NA NA NA NA NA NA NA NA NA NA NA NA NA NA NA NA NA NA NA NA NA NA NA NA NA NA NA NA NA NA NA NA NA NA NA NA NA NA NA NA NA NA 200 200 200 200 200 200 200 200 200 200 199 199 200 200 199 200 200 200 200 200 199 199 199 199 199 198 198 198 198 NA NA NA NA NA NA NA NA NA NA NA NA NA NA NA NA NA NA NA NA NA NA NA NA NA NA NA NA NA NA NA NA NA NA NA NA NA NA NA NA NA NA NA NA NA NA NA NA NA NA NA NA NA NA NA
NA NA NA NA NA NA NA NA NA NA NA NA NA NA NA NA NA NA NA NA NA NA NA NA NA NA NA NA NA NA NA NA NA NA NA NA NA NA NA NA NA NA NA NA NA NA NA NA NA NA NA NA NA NA 223 223 223 222 222 222 222 222 222 222 222 222 222 222 221 221 221 221 221 221 221 221 221 221 221 221 221 221 221 221 221 221 221 221 221 221 221 221 221 221 221 221 221 221 221 221 221 221 221 221 221 221 220 220 221 220 220 220 220 220 220 220 220 220 220 220 220 220 220 220 220 220 220 220 219 219 219 219 219 219 219 219 219 219 219 219 219 219 217 217 217 217 217 217 217 217 217 217 217 217 217 217 217 217 217 217 217 217 216 216 216 216 216 216 216 216 216 216 216 216 216 216 216 216 216 216 215 215 215 215 215 215 215 215 215 215 215 215 216 216 216 216 215 215 215 215 215 215 215 215 215 214 214 215 214 214 214 214 214 214 214 214 214 214 214 214 214 214 214 214 214 213 213 213 214 213 213 213 213 213 213 213 213 213 213 213 213 213 213 213 213 213 213 213 213 213 213 213 213 213 213 212 212 212 212 212 212 212 212 212 212 212 212 212 212 212 212 212 212 212 211 211 211 211 211 211 211 211 211 211 211 211 211 210 210 210 210 210 210 210 210 210 210 210 210 209 209 209 209 209 209 209 209 209 209 209 209 209 209 209 209 208 208 208 208 208 207 207 207 207 207 207 207 207 207 207 207 207 207 206 207 207 206 206 206 206 206 206 206 206 206 206 205 205 205 205 205 205 205 204 204 204 204 205 204 204 204 204 204 204 204 204 203 203 203 203 NA NA NA NA NA NA NA NA NA NA NA NA NA NA NA NA NA NA NA NA NA NA NA NA NA NA NA NA NA NA NA NA NA NA NA NA NA NA NA NA NA NA NA NA NA NA NA NA 200 200 201 201 201 201 201 201 201 201 200 201 200 200 200 200 200 200 200 200 200 200 199 199 200 199 199 198 198 198 198 NA NA NA NA NA NA NA NA NA NA NA NA NA NA NA NA NA NA NA NA NA NA NA NA NA NA NA NA NA NA NA NA NA NA NA NA NA NA NA NA NA NA NA NA NA NA NA NA NA NA NA NA NA NA
NA NA NA NA NA NA NA NA NA NA NA NA NA NA NA NA NA NA NA NA NA NA NA NA NA NA NA NA NA NA NA NA NA NA NA NA NA NA NA NA NA NA NA NA NA NA NA NA NA NA NA NA NA 223 223 223 223 222 222 222 222 222 222 222 222 222 222 222 222 221 221 221 221 221 222 221 221 221 221 221 221 221 221 221 221 221 221 221 221 221 221 221 221 221 221 221 221 221 221 221 221 221 221 221 221 221 221 221 220 220 220 220 220 220 220 220 220 220 220 220 220 220 220 220 220 220 220 220 220 220 219 219 219 219 219 219 219 219 219 219 219 219 217 217 217 217 217 217 217 217 217 217 217 217 217 217 217 217 217 217 217 217 217 217 216 216 216 216 216 216 216 216 216 216 216 216 216 216 216 215 215 215 215 216 216 216 215 216 215 215 216 216 216 216 215 215 215 215 215 215 215 215 215 215 215 215 215 215 215 214 214 214 214 214 214 214 214 214 214 214 214 214 214 214 214 213 213 213 214 214 213 213 214 213 213 213 213 213 213 213 213 213 214 213 214 214 214 213 213 213 213 213 213 213 213 213 212 212 212 212 212 212 212 212 212 212 212 212 212 212 212 212 212 212 212 212 211 211 211 211 211 211 211 211 211 211 211 210 210 210 210 210 210 210 210 210 210 210 210 210 209 209 209 209 209 209 209 209 209 209 209 209 209 209 209 209 208 208 208 208 207 207 207 207 207 207 207 207 207 207 207 207 207 206 207 207 206 206 206 206 206 206 206 206 206 206 206 206 206 205 205 204 204 205 205 204 205 205 205 204 205 204 204 204 204 204 204 204 204 204 203 203 203 203 203 203 NA NA NA NA NA NA NA NA NA NA NA NA NA NA NA NA NA NA NA NA NA NA NA NA NA NA NA NA NA NA NA NA NA NA NA NA NA NA NA NA NA NA 200 201 201 201 201 201 201 201 201 201 201 201 201 201 201 201 200 201 201 200 200 200 199 200 200 199 199 199 199 199 199 198 198 NA NA NA NA NA NA NA NA NA NA NA NA NA NA NA NA NA NA NA NA NA NA NA NA NA NA NA NA NA NA NA NA NA NA NA NA NA NA NA NA NA NA NA NA NA NA NA NA NA NA NA NA
NA NA NA NA NA NA NA NA NA NA NA NA NA NA NA NA NA NA NA NA NA NA NA NA NA NA NA NA NA NA NA NA NA NA NA NA NA NA NA NA NA NA NA NA NA NA NA NA NA NA NA 223 223 223 223 223 223 223 222 222 222 222 222 222 222 222 222 222 222 222 222 222 222 222 222 221 221 221 221 221 221 221 221 221 221 221 221 221 221 221 221 221 222 222 221 221 221 221 221 221 221 221 221 221 221 221 221 221 221 220 220 220 220 220 220 220 220 220 220 220 220 220 220 220 220 220 220 220 220 220 220 220 219 219 219 219 219 219 219 219 219 219 217 217 217 217 217 217 217 217 217 217 217 217 217 217 217 217 217 217 217 217 217 217 216 216 216 216 216 216 216 216 216 216 216 216 216 216 216 216 216 216 216 216 215 215 215 216 215 216 215 216 215 216 215 215 215 215 215 215 215 215 215 215 215 215 215 215 215 215 214 214 214 214 214 215 215 214 214 214 214 214 214 214 214 213 213 213 214 214 213 214 214 214 213 213 213 213 213 213 213 213 214 214 214 214 214 214 213 213 213 213 213 213 213 213 213 212 212 212 213 213 213 212 212 212 212 212 212 212 212 212 212 212 212 212 212 212 211 211 211 211 211 211 211 211 211 210 210 210 210 210 210 210 210 210 210 210 210 210 210 210 209 209 210 210 209 209 209 209 209 209 209 209 209 209 208 208 208 208 208 208 208 207 207 207 207 207 207 207 207 207 207 207 207 207 207 207 206 206 206 207 207 207 207 207 206 205 205 206 206 205 205 205 205 205 205 205 205 205 205 204 204 204 204 204 205 204 204 204 204 204 204 204 203 203 203 203 203 203 202 202 NA NA NA NA NA NA NA NA NA NA NA NA NA NA NA NA NA NA NA NA NA NA NA NA NA NA NA NA NA NA NA NA NA NA 200 201 201 201 201 201 201 201 201 201 201 201 201 201 201 201 201 201 201 201 201 200 200 200 200 200 200 199 199 199 199 199 199 199 199 199 199 NA NA NA NA NA NA NA NA NA NA NA NA NA NA NA NA NA NA NA NA NA NA NA NA NA NA NA NA NA NA NA NA NA NA NA NA NA NA NA NA NA NA NA NA NA NA NA NA NA NA
NA NA NA NA NA NA NA NA NA NA NA NA NA NA NA NA NA NA NA NA NA NA NA NA NA NA NA NA NA NA NA NA NA NA NA NA NA NA NA NA NA NA NA NA NA NA NA NA NA 223 223 223 223 223 223 223 223 223 223 222 222 222 222 222 222 222 222 222 222 222 222 222 222 222 222 222 222 222 222 221 221 221 221 221 221 221 221 221 221 221 221 221 222 221 221 221 221 221 221 221 221 221 221 221 221 221 221 221 221 221 221 221 221 220 220 220 220 220 220 220 220 220 220 220 220 220 220 220 220 220 220 220 220 220 219 219 219 219 219 219 219 219 217 217 217 217 217 217 217 217 217 217 217 217 217 217 217 217 217 217 217 217 217 217 217 216 216 216 216 216 216 216 216 216 216 216 216 216 216 216 216 216 215 215 215 216 216 216 215 215 215 216 215 215 215 215 215 215 215 215 215 215 215 215 215 215 214 215 215 215 214 214 215 214 215 215 214 214 214 214 214 214 214 214 214 214 214 214 214 214 214 214 214 214 214 214 213 213 213 213 213 213 214 214 214 214 214 214 214 214 213 213 213 213 213 213 213 212 212 213 213 213 213 213 212 212 212 212 212 212 212 212 212 212 212 212 212 212 212 212 211 211 211 211 211 211 211 211 210 210 210 210 210 210 210 210 210 210 210 210 210 210 210 210 210 210 210 209 209 209 209 209 209 209 209 208 208 208 208 208 208 208 208 208 207 207 207 208 208 207 207 207 207 207 207 207 207 206 206 206 206 207 207 207 207 206 206 205 206 207 207 206 205 206 206 205 206 206 205 205 204 204 204 205 205 205 205 205 205 204 204 204 204 204 203 204 203 203 203 204 203 202 NA NA NA NA NA NA NA NA NA NA NA NA NA NA NA NA NA NA NA NA NA NA NA NA NA NA NA NA NA NA NA NA NA 201 201 201 201 202 202 201 201 202 202 202 202 202 201 201 201 201 201 201 201 201 201 201 201 200 200 199 199 199 199 199 199 199 199 199 199 199 199 199 199 NA NA NA NA NA NA NA NA NA NA NA NA NA NA NA NA NA NA NA NA NA NA NA NA NA NA NA NA NA NA NA NA NA NA NA NA NA NA NA NA NA NA NA NA NA NA NA NA
NA NA NA NA NA NA NA NA NA NA NA NA NA NA NA NA NA NA NA NA NA NA NA NA NA NA NA NA NA NA NA NA NA NA NA NA NA NA NA NA NA NA NA NA NA NA NA NA NA 223 223 223 223 223 223 223 223 223 223 223 222 222 222 222 222 222 222 222 222 222 222 222 222 222 222 222 222 222 222 222 222 222 221 221 221 221 221 221 221 221 221 221 222 222 222 221 221 221 221 221 221 221 221 221 221 221 221 221 221 221 221 221 221 220 220 220 220 220 220 220 220 220 220 220 220 220 220 220 220 220 220 220 220 220 219 219 219 219 219 219 219 219 217 217 217 217 217 217 217 217 217 217 217 217 217 217 217 217 217 217 217 217 217 217 217 216 216 216 216 216 216 216 216 216 216 216 216 216 216 216 216 216 216 216 216 216 216 215 215 215 215 216 216 215 215 215 215 215 215 215 215 215 215 215 215 215 214 215 215 215 215 215 215 215 215 215 214 214 214 214 214 214 214 214 214 214 214 214 214 214 214 214 213 213 213 214 213 213 213 213 213 213 214 214 214 214 214 214 214 214 214 213 213 213 213 213 213 213 213 213 213 213 213 213 213 213 212 212 212 212 212 212 212 212 212 212 212 212 212 212 212 211 211 211 211 211 211 211 211 210 210 211 210 210 210 210 210 210 210 210 210 210 210 210 210 210 210 210 210 210 209 209 209 209 209 209 209 209 209 208 208 208 208 208 208 208 208 208 208 207 207 207 207 207 207 207 207 206 207 207 207 207 207 207 206 206 206 206 206 206 207 207 206 206 206 206 206 206 206 206 205 205 205 205 206 205 205 205 204 204 204 204 204 204 204 205 204 203 203 204 204 203 NA NA NA NA NA NA NA NA NA NA NA NA NA NA NA NA NA NA NA NA NA NA NA NA NA NA NA NA NA NA NA NA NA 201 201 201 202 202 202 201 202 202 202 202 202 202 202 201 201 201 201 201 201 201 201 201 201 200 200 200 200 200 200 200 200 200 200 200 200 199 199 199 199 199 199 199 199 199 199 199 199 199 NA NA NA NA NA NA NA NA NA NA NA NA NA NA NA NA NA NA NA NA NA NA NA NA NA NA NA NA NA NA NA NA NA NA NA NA NA NA NA
NA NA NA NA NA NA NA NA NA NA NA NA NA NA NA NA NA NA NA NA NA NA NA NA NA NA NA NA NA NA NA NA NA NA NA NA NA NA NA NA NA NA NA NA NA NA NA NA NA 223 223 223 223 223 223 223 223 223 223 223 222 222 222 222 222 222 222 222 222 222 222 222 222 222 222 222 221 221 221 222 222 222 222 221 221 221 221 221 221 221 221 221 222 222 222 222 221 221 221 221 221 221 221 221 221 221 221 221 221 221 221 221 221 221 220 220 220 220 220 220 220 220 220 220 220 220 220 220 220 220 220 220 220 220 220 220 220 219 219 219 219 219 217 217 217 217 217 217 217 217 217 217 217 217 217 217 217 217 217 217 217 217 217 217 217 217 216 216 216 216 216 216 216 216 216 216 216 216 216 216 216 216 216 216 216 216 216 215 215 215 215 215 216 215 215 215 215 215 215 215 216 216 215 215 215 215 215 215 215 215 215 215 215 214 215 214 215 214 214 214 214 214 214 214 214 214 214 214 214 214 214 214 214 214 213 213 213 213 213 213 213 213 214 214 214 214 214 214 213 213 214 213 213 213 213 213 213 213 213 213 213 213 213 213 213 213 213 213 212 212 212 212 212 212 212 212 212 212 212 212 212 212 212 211 211 211 211 211 211 211 211 211 211 211 210 210 210 210 210 210 210 210 210 210 210 210 210 210 210 210 210 209 209 209 209 209 209 209 209 209 208 208 208 208 208 208 208 208 208 207 207 207 207 207 207 207 207 207 207 207 207 207 207 207 207 207 207 207 207 206 206 207 206 206 206 207 206 207 206 206 205 205 205 206 205 205 205 204 204 204 204 204 205 205 205 205 204 203 203 204 204 204 203 NA NA NA NA NA NA NA NA NA NA NA NA NA NA NA NA NA NA NA NA NA NA NA NA NA NA NA NA NA NA NA 200 201 202 202 202 202 202 202 202 202 202 202 202 202 202 202 202 202 201 201 201 201 201 201 201 201 200 200 200 200 200 200 200 200 200 200 200 200 199 199 199 199 199 199 199 199 199 199 199 199 199 199 NA NA NA NA NA NA NA NA NA NA NA NA NA NA NA NA NA NA NA NA NA NA NA NA NA NA NA NA NA NA NA NA NA NA NA NA NA
NA NA NA NA NA NA NA NA NA NA NA NA NA NA NA NA NA NA NA NA NA NA NA NA NA NA NA NA NA NA NA NA NA NA NA NA NA NA NA NA NA NA NA NA NA NA NA NA 223 223 223 223 223 223 223 223 223 223 223 223 223 222 222 222 222 222 222 222 222 222 222 222 222 222 222 222 222 221 221 222 222 222 222 222 221 221 221 221 221 221 221 221 222 222 222 221 221 221 221 221 221 221 221 221 221 221 221 221 221 221 221 221 221 221 221 221 220 220 221 220 220 220 220 220 220 220 220 220 220 220 220 220 220 220 220 220 220 220 220 219 219 219 217 217 217 217 217 217 217 217 217 217 217 217 217 217 217 217 217 217 217 217 217 217 217 217 217 216 216 216 216 216 216 216 216 216 216 216 216 216 216 216 216 216 216 216 216 216 215 215 215 215 216 215 215 215 215 215 215 216 216 216 215 215 215 215 215 215 215 215 215 215 214 214 215 215 214 214 214 214 214 214 214 214 214 214 214 214 214 214 214 214 213 213 213 213 213 213 213 213 213 213 214 214 214 214 214 214 214 213 213 213 213 213 213 213 213 213 213 213 213 213 213 213 213 213 213 213 213 213 212 212 212 212 212 212 212 212 212 212 212 212 212 211 211 211 211 211 211 211 211 211 211 211 211 211 211 211 210 210 210 210 210 210 210 210 210 210 210 210 210 210 210 209 209 209 209 209 209 209 209 208 208 208 208 208 208 208 208 208 208 208 208 207 207 207 207 207 207 207 207 207 207 207 207 207 207 207 207 207 207 207 207 207 207 207 207 207 206 206 206 206 206 206 205 205 205 205 205 205 205 204 205 205 205 205 204 204 204 204 204 205 203 203 NA NA NA NA NA NA NA NA NA NA NA NA NA NA NA NA NA NA NA NA NA NA NA NA NA NA NA NA NA NA 201 202 203 203 203 203 202 202 202 202 202 202 202 202 201 202 202 201 202 202 201 201 201 201 201 200 201 200 200 201 201 201 201 201 201 200 200 200 200 200 200 199 199 199 199 199 199 199 199 199 199 199 199 199 NA NA NA NA NA NA NA NA NA NA NA NA NA NA NA NA NA NA NA NA NA NA NA NA NA NA NA NA NA NA NA NA NA NA NA
NA NA NA NA NA NA NA NA NA NA NA NA NA NA NA NA NA NA NA NA NA NA NA NA NA NA NA NA NA NA NA NA NA NA NA NA NA NA NA NA NA NA NA NA NA NA NA 223 223 223 223 223 223 223 223 223 223 223 223 223 222 222 222 222 222 222 222 222 222 222 222 222 222 222 221 222 222 221 221 222 221 221 222 222 222 222 221 221 221 221 221 221 222 222 221 221 221 221 221 221 221 221 221 221 221 221 221 221 221 221 221 221 221 221 221 221 221 221 221 220 220 220 220 220 220 220 220 220 220 220 220 220 220 220 220 220 220 220 220 220 220 219 217 218 218 217 217 217 217 217 217 217 217 217 217 217 217 217 217 217 217 217 217 217 217 217 217 217 216 216 216 216 216 216 216 216 216 216 216 216 216 216 216 216 216 216 216 216 216 215 215 215 216 215 215 215 215 215 216 216 216 216 215 215 215 215 215 215 215 215 215 215 215 214 214 215 215 214 214 214 214 214 214 214 214 214 214 214 214 214 214 214 213 213 213 213 213 213 213 213 213 213 214 214 214 214 214 214 214 214 214 213 213 213 213 213 213 213 213 213 213 213 213 213 213 213 213 213 213 213 213 212 212 212 212 212 212 212 212 212 212 212 212 212 211 211 211 211 211 211 211 211 211 211 211 211 211 211 211 211 210 210 210 210 210 210 210 210 210 210 210 210 210 209 209 209 209 209 209 209 209 209 208 208 208 208 208 208 208 208 208 208 208 208 208 208 208 207 207 207 207 207 207 207 207 207 207 207 207 206 207 207 207 207 207 207 207 207 207 206 206 206 207 206 206 206 206 205 206 206 205 205 205 205 205 205 205 204 204 204 205 204 204 204 203 NA NA NA NA NA NA NA NA NA NA NA NA NA NA NA NA NA NA NA NA NA NA NA NA NA NA NA NA 201 202 203 203 203 202 202 202 202 202 202 203 203 202 202 202 202 201 201 201 202 202 202 201 201 201 201 200 200 201 201 201 201 201 201 201 201 201 201 200 200 200 200 200 200 200 200 200 200 200 200 199 199 199 199 199 NA NA NA NA NA NA NA NA NA NA NA NA NA NA NA NA NA NA NA NA NA NA NA NA NA NA NA NA NA NA NA NA NA NA
NA NA NA NA NA NA NA NA NA NA NA NA NA NA NA NA NA NA NA NA NA NA NA NA NA NA NA NA NA NA NA NA NA NA NA NA NA NA NA NA NA NA NA NA NA NA NA 223 223 223 222 222 222 222 222 222 222 222 222 222 222 222 221 221 221 221 221 221 221 221 221 221 221 221 220 221 221 220 221 221 220 220 220 220 221 221 220 220 220 220 220 220 220 220 220 220 220 220 220 220 220 220 220 220 220 220 220 220 220 220 220 219 219 219 219 219 219 219 219 219 219 219 219 219 219 219 219 219 219 219 219 219 219 219 219 219 219 218 218 218 218 218 219 219 219 219 219 219 219 219 219 219 218 218 218 218 218 218 218 218 218 218 218 218 218 218 218 218 218 217 217 217 217 217 217 217 217 217 217 217 217 217 217 217 217 217 217 217 217 216 216 216 216 216 216 216 216 216 216 216 216 216 216 216 216 215 215 215 215 215 215 215 215 215 215 215 215 215 215 215 215 215 215 215 214 214 214 214 214 214 214 214 214 214 214 214 214 214 214 213 213 214 214 214 214 214 214 214 214 214 214 214 214 214 214 214 214 214 214 213 213 213 213 213 213 213 213 213 213 213 213 213 213 213 213 213 213 213 213 212 212 212 212 212 212 212 211 212 212 212 211 211 211 211 211 211 211 211 211 211 211 211 211 211 211 210 210 211 211 210 210 210 210 210 210 210 210 210 210 209 209 209 209 209 209 209 208 208 208 208 208 208 208 208 208 208 208 208 208 208 208 207 207 208 208 207 208 208 208 207 207 207 207 207 207 207 207 207 207 207 207 207 207 207 206 207 206 206 206 206 205 205 205 205 205 206 206 205 205 205 205 205 205 204 203 NA NA NA NA NA NA NA NA NA NA NA NA NA NA NA NA NA NA NA NA NA NA NA NA NA NA NA 202 202 202 203 203 203 203 202 203 203 203 203 203 203 203 202 202 202 202 201 202 202 202 202 202 202 201 201 201 201 201 201 201 201 201 201 201 201 201 201 201 201 200 200 200 200 200 200 200 200 200 200 200 200 200 199 199 199 199 NA NA NA NA NA NA NA NA NA NA NA NA NA NA NA NA NA NA NA NA NA NA NA NA NA NA NA NA NA NA NA NA
NA NA NA NA NA NA NA NA NA NA NA NA NA NA NA NA NA NA NA NA NA NA NA NA NA NA NA NA NA NA NA NA NA NA NA NA NA NA NA NA NA NA NA NA 222 223 223 223 223 223 223 222 222 222 222 222 222 222 222 222 222 222 222 222 222 222 221 222 221 221 221 221 221 221 221 221 221 221 221 221 221 220 220 220 220 221 221 220 220 220 220 220 220 220 220 220 220 220 220 220 220 220 220 220 220 220 220 220 220 220 220 220 219 219 219 219 219 219 219 219 219 219 219 219 219 219 219 219 219 219 219 219 219 219 219 219 219 219 219 218 218 218 219 219 219 219 219 219 219 219 219 219 219 219 218 218 218 218 218 218 218 218 218 218 218 218 218 218 218 217 217 217 218 217 217 217 217 217 217 217 217 217 217 217 217 217 217 217 217 216 216 216 216 216 216 216 216 216 216 216 216 216 216 216 216 215 215 215 215 215 215 215 215 215 215 215 215 215 215 215 215 214 214 214 214 214 214 214 214 214 214 214 214 214 214 214 214 214 214 214 214 214 215 215 215 214 214 214 214 214 214 214 214 214 214 214 214 214 214 213 213 213 214 214 214 213 213 213 213 213 213 213 213 213 213 213 213 213 213 213 213 212 212 212 212 212 212 212 212 212 212 211 211 211 211 211 211 211 211 211 211 211 211 211 211 211 211 211 210 210 210 210 210 210 210 210 210 210 210 210 209 209 209 209 209 209 209 209 208 208 208 208 208 208 208 208 208 209 208 208 208 208 207 207 207 207 207 208 208 207 207 207 207 207 207 207 207 207 207 207 207 207 207 207 207 207 207 207 207 206 205 206 205 205 206 206 206 205 205 205 205 205 205 204 203 NA NA NA NA NA NA NA NA NA NA NA NA NA NA NA NA NA NA NA NA NA NA NA NA NA NA 202 202 202 202 203 203 203 203 203 203 203 203 203 203 203 203 203 202 202 202 202 202 202 201 201 202 202 202 201 201 201 201 201 201 201 201 201 201 201 201 201 201 201 201 200 200 200 200 200 200 200 200 200 200 200 200 200 200 200 199 199 NA NA NA NA NA NA NA NA NA NA NA NA NA NA NA NA NA NA NA NA NA NA NA NA NA NA NA NA NA NA NA
NA NA NA NA NA NA NA NA NA NA NA NA NA NA NA NA NA NA NA NA NA NA NA NA NA NA NA NA NA NA NA NA NA NA NA NA NA NA NA NA NA NA NA NA 222 223 223 223 223 223 223 222 222 222 222 222 222 222 222 222 222 222 222 222 222 222 222 222 222 222 221 221 221 221 221 221 221 221 221 221 221 221 221 221 221 221 221 221 220 220 220 220 220 220 220 220 220 220 220 220 220 220 220 220 220 220 220 220 220 220 220 220 219 220 220 219 219 219 219 219 219 219 219 219 219 219 219 219 219 219 219 219 219 219 219 219 219 219 219 219 219 219 219 219 219 219 219 219 219 219 219 219 219 219 219 218 218 218 218 218 218 218 218 218 218 218 218 218 218 218 218 217 217 218 217 217 217 217 217 217 217 217 217 217 217 217 217 217 217 216 216 216 216 216 216 216 216 216 216 216 216 216 216 216 216 215 216 216 215 215 215 215 215 215 215 215 215 215 215 215 215 215 214 215 214 214 214 214 214 214 214 214 214 214 214 214 214 214 214 214 214 214 215 215 215 215 215 214 214 214 214 214 214 214 214 214 214 214 214 214 214 214 214 214 214 214 213 213 213 213 213 213 213 213 213 213 213 213 213 213 213 213 212 212 212 212 212 212 212 212 212 212 211 211 211 211 211 211 211 211 211 211 211 211 211 211 211 211 211 211 210 210 210 211 211 210 210 210 210 210 210 209 209 209 209 209 209 209 209 209 208 208 208 208 208 208 208 208 208 208 208 207 207 207 207 207 208 208 208 208 208 208 207 207 207 207 207 207 207 207 208 207 207 207 207 207 207 207 207 206 206 206 205 206 206 206 207 206 206 205 205 204 204 204 204 203 NA NA NA NA NA NA NA NA NA NA NA NA NA NA NA NA NA NA NA NA NA NA NA NA 202 202 203 203 203 203 203 203 203 203 203 203 203 203 203 203 203 203 203 203 202 202 202 202 202 201 201 202 201 201 201 201 201 202 202 201 201 201 201 201 201 201 201 201 201 201 201 200 200 200 200 200 200 200 200 200 200 200 200 200 200 200 199 NA NA NA NA NA NA NA NA NA NA NA NA NA NA NA NA NA NA NA NA NA NA NA NA NA NA NA NA NA NA
NA NA NA NA NA NA NA NA NA NA NA NA NA NA NA NA NA NA NA NA NA NA NA NA NA NA NA NA NA NA NA NA NA NA NA NA NA NA NA NA NA NA NA NA NA 223 223 223 223 223 223 222 222 222 222 222 222 222 222 222 222 222 222 222 222 222 221 221 221 221 221 221 221 221 221 221 221 221 221 221 221 221 221 221 221 221 221 221 220 221 220 220 220 220 220 220 220 220 220 220 220 220 220 220 220 220 220 220 220 220 220 220 220 220 220 219 219 219 219 220 220 219 219 219 219 219 219 219 219 219 219 219 219 219 219 219 219 219 219 219 219 219 219 219 219 219 219 219 219 219 219 219 219 219 219 218 218 218 218 218 218 218 218 218 218 218 218 218 218 218 218 217 217 218 217 217 217 217 217 217 217 217 217 217 217 217 217 217 217 217 217 217 216 216 216 216 216 216 216 216 216 216 216 216 216 216 216 216 215 215 215 215 215 215 215 215 215 215 215 215 215 215 214 215 215 214 214 215 214 214 214 214 214 214 214 214 214 214 214 214 214 214 215 215 215 215 215 215 215 215 215 214 214 214 214 214 214 214 214 214 214 214 214 214 214 214 214 214 213 213 213 213 213 213 213 213 213 213 213 213 213 213 213 212 212 212 212 212 212 212 212 212 211 211 211 211 212 211 211 211 211 211 211 211 211 211 211 211 211 211 211 211 211 211 211 211 211 211 210 210 210 210 210 209 209 209 209 209 209 209 209 208 208 208 208 208 208 208 208 208 208 207 207 207 208 208 208 208 208 208 208 208 208 208 207 207 207 207 207 207 208 207 207 207 207 207 207 207 207 207 207 207 206 206 206 206 206 206 206 206 205 205 204 204 204 204 NA NA NA NA NA NA NA NA NA NA NA NA NA NA NA NA NA NA NA NA NA NA NA 202 202 203 203 203 203 203 204 204 204 204 204 204 203 203 203 203 203 203 203 203 203 203 203 203 202 202 202 201 201 201 201 201 202 202 202 202 202 201 201 201 201 201 201 201 201 201 201 201 201 201 201 200 200 200 200 200 200 200 200 200 200 200 200 NA NA NA NA NA NA NA NA NA NA NA NA NA NA NA NA NA NA NA NA NA NA NA NA NA NA NA NA NA NA
NA NA NA NA NA NA NA NA NA NA NA NA NA NA NA NA NA NA NA NA NA NA NA NA NA NA NA NA NA NA NA NA NA NA NA NA NA NA NA NA NA NA NA NA NA 223 223 223 223 223 222 222 222 222 222 222 222 222 222 222 222 222 222 222 221 221 221 221 221 221 221 221 221 221 221 221 221 221 221 221 221 221 221 221 221 221 221 221 221 220 220 220 220 220 220 220 220 220 220 220 220 220 220 220 220 220 220 220 220 220 220 220 220 220 219 219 219 219 219 219 219 219 219 219 219 219 219 219 219 219 219 219 219 219 219 219 219 219 219 219 219 219 219 219 219 219 219 219 219 219 219 219 219 219 219 219 218 218 218 218 218 218 218 218 218 218 218 218 218 218 218 218 217 218 218 217 217 217 218 217 217 217 217 217 217 217 217 217 217 217 217 217 216 216 216 216 216 216 216 216 216 216 216 216 216 216 216 216 215 216 215 215 215 215 215 215 215 215 215 215 215 215 215 215 215 214 214 215 214 214 214 214 214 214 215 215 215 214 214 214 214 214 215 215 215 215 215 215 215 215 215 215 214 214 214 214 214 214 214 214 214 214 214 214 214 214 214 214 214 214 214 213 213 213 213 213 213 213 213 213 213 213 213 213 212 212 212 212 212 212 212 212 212 211 211 212 212 212 212 212 211 211 211 211 211 211 211 211 211 211 211 211 211 211 211 211 211 210 210 210 210 210 210 210 210 210 209 209 209 209 209 208 209 208 209 208 208 208 208 208 208 208 207 207 208 208 208 208 208 208 208 208 207 207 207 207 207 207 207 207 208 207 207 207 207 207 207 207 207 207 207 207 207 207 207 207 207 207 207 206 205 205 204 204 204 204 204 NA NA NA NA NA NA NA NA NA NA NA NA NA NA NA NA NA NA NA NA NA NA 203 203 204 204 204 204 204 204 204 204 204 204 204 203 203 203 203 203 203 203 203 203 203 203 203 202 202 202 202 202 201 201 202 202 202 202 202 202 202 201 201 201 NA NA NA NA NA NA NA NA 201 201 201 201 201 201 201 200 200 200 200 200 200 200 200 NA NA NA NA NA NA NA NA NA NA NA NA NA NA NA NA NA NA NA NA NA NA NA NA NA NA NA NA NA
NA NA NA NA NA NA NA NA NA NA NA NA NA NA NA NA NA NA NA NA NA NA NA NA NA NA NA NA NA NA NA NA NA NA NA NA NA NA NA NA NA NA NA 223 223 223 223 223 222 222 222 222 222 222 222 222 222 222 222 222 222 222 222 222 222 221 221 221 221 221 221 221 221 221 221 221 221 221 221 221 221 221 221 221 221 221 221 221 221 221 220 220 220 220 220 221 221 220 220 220 220 220 220 220 220 220 220 220 220 220 220 220 220 220 220 219 219 219 220 220 220 220 219 219 219 219 219 219 219 219 219 219 219 219 219 219 219 219 219 219 219 219 219 219 219 219 219 219 219 219 219 219 219 219 219 219 218 218 218 218 218 218 218 218 218 218 218 218 218 218 218 218 218 218 218 218 217 218 218 218 217 217 217 217 217 217 217 217 217 217 217 217 216 217 217 216 216 216 216 216 216 216 216 216 216 216 216 216 216 216 215 215 215 215 215 215 215 215 215 215 215 215 215 215 215 215 214 215 215 214 214 215 215 215 215 214 214 215 215 215 214 214 215 215 215 215 215 215 215 215 215 215 215 215 215 214 214 214 214 214 214 214 214 214 214 214 214 214 214 214 214 214 213 213 213 213 213 213 213 213 213 213 213 213 213 212 212 212 212 212 212 212 212 212 212 212 212 212 212 212 212 212 211 211 211 211 211 211 211 211 211 211 211 211 211 211 211 211 211 211 211 210 210 210 210 210 209 209 209 209 209 209 208 208 209 209 209 208 208 208 208 208 208 208 208 208 208 208 208 208 208 208 207 207 208 208 207 208 207 208 208 208 207 207 207 207 207 207 207 207 207 207 207 207 207 207 207 206 207 207 206 205 205 205 205 204 205 204 NA NA NA NA NA NA NA NA NA NA NA NA NA NA NA NA NA NA NA NA 203 203 203 204 204 204 204 204 204 205 204 204 204 204 204 204 204 204 203 203 203 203 203 203 203 203 203 203 202 202 202 202 202 202 202 202 202 202 202 202 202 202 NA NA NA NA NA NA NA NA NA NA 201 201 201 201 201 201 201 201 201 201 201 200 200 NA NA NA NA NA NA NA NA NA NA NA NA NA NA NA NA NA NA NA NA NA NA NA NA NA NA NA NA NA NA
NA NA NA NA NA NA NA NA NA NA NA NA NA NA NA NA NA NA NA NA NA NA NA NA NA NA NA NA NA NA NA NA NA NA NA NA NA NA NA NA NA NA NA 223 223 222 222 222 222 222 222 223 222 222 222 222 222 222 222 222 222 222 222 222 222 222 222 222 221 221 222 221 221 221 221 221 221 221 221 221 221 221 221 221 221 221 221 221 221 221 221 220 220 220 221 221 221 221 221 220 220 220 220 220 220 220 220 220 220 220 220 220 220 220 220 220 220 220 220 220 220 220 220 220 220 219 219 219 219 219 219 219 219 219 219 219 219 219 219 219 219 219 219 219 219 219 219 219 219 219 219 219 219 219 219 219 219 218 218 218 218 218 218 218 218 218 218 218 218 218 218 218 218 218 218 218 218 218 218 218 217 217 217 217 217 217 217 217 217 217 217 217 217 216 216 216 216 216 216 216 216 216 216 216 216 216 216 216 216 216 215 215 215 215 215 215 215 215 215 215 215 215 215 215 215 215 215 215 215 214 215 215 215 215 215 215 215 214 214 214 214 214 215 215 215 215 215 215 215 215 215 215 215 215 215 215 214 214 214 214 214 214 214 214 214 214 214 214 214 214 214 214 214 214 213 213 213 213 213 213 213 213 213 213 213 212 212 212 213 213 212 212 212 212 212 212 212 212 212 212 212 212 212 212 211 211 211 211 211 211 211 211 211 211 211 211 211 211 211 211 211 211 210 210 210 210 210 210 209 209 209 209 209 208 209 209 208 208 208 208 208 208 207 208 208 209 208 208 208 208 208 208 208 208 208 208 208 208 208 208 208 208 208 208 207 207 207 208 207 207 207 207 207 207 207 207 206 206 206 206 206 206 206 206 205 205 205 205 205 205 NA NA NA NA NA NA NA NA NA NA NA NA NA NA NA NA NA NA 203 204 204 204 204 204 204 204 204 205 205 204 204 204 204 204 204 204 204 203 203 203 203 203 203 203 203 203 202 202 202 202 202 202 202 202 202 202 202 202 202 202 NA NA NA NA NA NA NA NA NA NA NA NA 201 201 201 201 201 201 201 201 201 NA NA NA NA NA NA NA NA NA NA NA NA NA NA NA NA NA NA NA NA NA NA NA NA NA NA NA NA NA NA NA NA
NA NA NA NA NA NA NA NA NA NA NA NA NA NA NA NA NA NA NA NA NA NA NA NA NA NA NA NA NA NA NA NA NA NA NA NA NA 224 224 224 224 224 222 222 222 222 223 223 222 222 222 223 223 223 222 222 222 222 222 222 222 222 222 222 222 222 222 222 222 221 221 221 221 221 221 221 221 221 221 221 221 221 221 221 221 221 221 221 221 221 221 221 221 221 221 221 221 221 221 221 220 221 220 220 220 220 220 220 220 220 220 220 220 220 220 220 220 220 220 220 220 219 220 219 219 219 219 219 219 219 219 219 219 219 219 219 219 219 219 219 219 219 219 219 219 219 219 219 219 219 219 219 219 219 219 219 219 219 219 219 218 218 218 218 218 218 218 218 218 218 218 218 218 218 218 218 218 218 218 218 217 217 217 217 217 217 217 217 217 217 217 217 216 216 216 217 217 217 217 216 216 216 217 216 216 216 216 216 216 216 215 215 215 215 215 215 215 215 215 215 215 215 215 215 215 215 215 215 214 215 215 215 215 215 215 215 215 215 215 215 214 214 215 215 215 215 215 215 215 215 215 215 215 215 214 214 214 214 214 214 214 214 214 214 214 214 214 214 214 214 214 214 214 214 214 214 213 213 213 213 213 213 213 213 213 213 212 212 213 213 213 212 212 212 212 212 212 212 212 212 212 212 212 212 212 211 211 211 211 211 211 211 211 211 211 211 211 211 211 211 211 211 211 211 210 210 210 210 210 210 209 209 209 209 208 208 209 208 208 208 208 208 208 208 208 208 208 208 208 208 208 208 209 208 208 208 208 208 208 208 208 208 208 207 207 207 208 208 207 207 207 207 207 207 207 207 207 206 206 206 206 206 206 206 205 205 205 205 205 205 205 NA NA NA NA NA NA NA NA NA NA NA NA NA NA NA NA 203 204 204 204 204 205 205 205 205 205 205 205 205 204 204 204 204 204 203 204 204 203 203 203 203 203 203 203 203 203 202 202 202 202 202 203 203 203 203 203 203 202 NA NA NA NA NA NA NA NA NA NA NA NA NA NA NA 201 201 201 201 NA NA NA NA NA NA NA NA NA NA NA NA NA NA NA NA NA NA NA NA NA NA NA NA NA NA NA NA NA NA NA NA NA NA NA
NA NA NA NA NA NA NA NA NA NA NA NA NA NA NA NA NA NA NA NA NA NA NA NA NA NA NA NA NA NA NA NA NA NA NA NA NA 224 224 224 223 223 222 223 222 222 222 223 223 223 223 222 223 222 222 222 222 222 222 222 222 222 222 222 222 222 222 222 222 221 221 221 221 221 221 221 221 221 221 221 221 221 221 221 221 221 221 221 221 221 221 221 221 221 221 221 221 221 221 221 221 221 220 221 221 220 220 220 220 220 220 220 220 220 220 220 220 220 220 220 220 220 219 219 219 219 219 219 219 219 219 219 219 219 219 219 219 219 219 219 219 219 219 219 219 219 219 219 219 219 219 219 219 219 219 219 219 219 219 219 218 218 218 218 218 218 218 218 218 218 218 218 218 218 218 218 218 218 218 218 218 217 217 217 217 217 217 217 217 217 217 217 217 217 217 217 217 217 217 216 216 216 216 216 216 216 216 216 216 216 216 216 216 216 215 215 215 215 215 215 215 215 215 215 215 215 215 215 215 215 215 215 215 215 215 215 215 215 215 215 215 215 215 216 215 215 215 215 215 215 215 215 215 215 215 215 214 214 214 214 214 214 214 214 214 214 214 214 214 214 214 214 214 214 214 214 214 214 213 213 213 213 213 213 213 213 213 212 212 213 213 213 212 212 212 212 212 212 212 212 212 212 212 212 212 211 211 211 211 211 211 211 211 211 211 211 211 211 211 211 211 211 211 211 211 211 210 210 210 210 210 210 209 209 209 209 209 208 208 208 209 209 209 209 209 208 209 209 208 208 209 209 209 208 208 208 208 208 208 208 208 208 207 207 208 208 208 208 208 208 208 208 208 207 208 207 207 207 206 206 206 206 206 206 206 206 205 206 205 205 205 NA NA NA NA NA NA NA NA NA NA NA NA NA NA NA 203 204 204 205 204 204 205 205 205 205 205 205 205 205 205 205 204 204 204 203 203 203 203 203 203 203 203 203 203 203 203 203 203 203 203 203 203 203 203 203 203 203 203 NA NA NA NA NA NA NA NA NA NA NA NA NA NA NA NA NA NA NA NA NA NA NA NA NA NA NA NA NA NA NA NA NA NA NA NA NA NA NA NA NA NA NA NA NA NA NA NA NA NA NA NA NA NA
NA NA NA NA NA NA NA NA NA NA NA NA NA NA NA NA NA NA NA NA NA NA NA NA NA NA NA NA NA NA NA NA NA NA NA NA NA 224 224 224 224 224 222 222 222 222 222 223 223 223 223 222 222 222 222 223 223 222 223 222 222 222 222 222 222 222 222 222 221 221 221 221 221 221 221 221 221 221 221 221 221 221 221 221 221 221 221 221 221 221 221 221 221 221 221 221 221 221 221 221 221 221 220 220 220 220 220 220 220 220 220 220 220 220 220 220 220 220 220 220 220 220 219 219 219 219 219 219 219 219 219 219 219 219 219 219 219 219 219 219 219 219 219 219 219 219 219 219 219 219 219 219 219 219 219 219 219 219 219 218 218 219 219 218 218 218 218 218 218 218 218 218 218 218 218 218 218 218 218 218 218 218 217 217 217 217 217 217 217 217 217 217 217 217 217 217 217 217 216 216 216 216 216 216 216 216 216 216 216 216 216 216 216 215 215 215 215 215 215 215 215 215 215 215 215 215 215 215 215 215 215 215 215 215 215 215 215 215 215 215 215 215 216 216 215 215 215 215 215 215 215 215 215 215 215 215 215 215 215 215 215 214 214 214 214 214 214 214 214 214 214 214 214 214 214 214 214 214 214 214 213 213 213 213 213 213 213 213 212 213 213 213 213 213 212 212 212 212 212 212 212 212 212 212 212 212 212 212 212 212 211 211 211 211 211 211 211 211 211 211 211 211 211 211 211 211 211 211 211 211 210 210 210 210 210 209 209 208 209 209 209 209 209 209 208 209 209 209 209 209 209 209 209 208 209 208 208 208 209 208 208 208 208 209 209 209 209 208 208 208 208 208 208 208 208 207 207 207 207 207 207 207 206 207 207 206 206 206 205 205 205 NA NA NA NA NA NA NA NA NA NA NA NA NA NA NA 204 204 204 205 205 205 206 205 205 205 205 205 205 205 205 205 205 204 204 204 204 204 204 203 203 203 204 203 203 203 203 203 203 203 203 203 203 203 203 203 203 203 203 NA NA NA NA NA NA NA NA NA NA NA NA NA NA NA NA NA NA NA NA NA NA NA NA NA NA NA NA NA NA NA NA NA NA NA NA NA NA NA NA NA NA NA NA NA NA NA NA NA NA NA NA NA NA
NA NA NA NA NA NA NA NA NA NA NA NA NA NA NA NA NA NA NA NA NA NA NA NA NA NA NA NA NA NA NA NA NA NA NA NA NA 224 224 224 224 224 223 223 222 222 222 222 223 223 223 223 223 222 222 223 223 223 222 222 222 222 222 222 222 222 222 222 222 222 221 221 221 221 221 221 221 221 221 221 221 221 221 221 221 221 221 221 221 221 221 221 221 221 221 221 221 221 221 221 221 221 220 220 220 220 220 220 220 220 220 220 220 220 220 220 220 220 220 220 220 219 219 219 219 219 219 219 219 219 219 219 219 219 219 219 219 219 219 219 219 219 219 219 219 219 219 219 219 219 219 219 219 219 219 219 219 219 219 219 219 219 219 219 219 218 218 218 218 218 218 218 218 218 218 218 218 218 218 218 218 218 217 218 218 217 218 217 217 217 217 217 217 217 217 217 217 217 216 216 216 216 216 216 216 216 216 216 216 216 216 216 215 215 215 215 215 215 215 215 215 215 215 215 215 215 215 215 215 215 215 215 215 215 215 215 215 215 215 215 215 215 216 216 216 216 215 215 215 215 215 215 215 215 215 215 215 215 215 215 215 215 214 214 214 214 214 214 214 214 214 214 214 214 214 214 214 214 214 214 214 214 213 213 213 213 213 213 213 213 213 213 213 213 213 212 212 212 212 212 212 212 212 212 212 212 212 212 212 212 212 212 212 211 211 211 211 211 211 211 211 211 211 211 211 211 211 211 211 211 211 210 210 210 210 209 209 209 209 210 209 209 209 209 209 209 209 209 209 209 209 209 209 208 209 208 208 209 208 208 208 208 208 209 208 209 209 209 208 208 208 208 208 208 208 207 207 207 207 207 207 206 207 207 206 206 206 207 206 205 205 205 205 NA NA NA NA NA NA NA NA NA NA NA NA 204 204 204 204 205 205 206 206 206 206 206 205 205 205 205 205 205 205 205 204 204 204 204 204 204 204 203 203 203 204 203 203 203 203 203 203 203 204 204 204 203 203 203 203 NA NA NA NA NA NA NA NA NA NA NA NA NA NA NA NA NA NA NA NA NA NA NA NA NA NA NA NA NA NA NA NA NA NA NA NA NA NA NA NA NA NA NA NA NA NA NA NA NA NA NA NA NA NA
NA NA NA NA NA NA NA NA NA NA NA NA NA NA NA NA NA NA NA NA NA NA NA NA NA NA NA NA NA NA NA NA NA NA NA NA NA NA 223 224 224 225 224 224 223 223 222 222 223 223 223 223 223 223 222 223 223 222 222 222 222 222 222 222 222 222 222 222 222 222 221 221 221 221 221 221 221 221 221 221 221 221 221 221 221 221 221 221 221 221 221 221 221 221 221 221 220 221 221 221 220 220 220 220 220 220 220 220 220 220 220 220 220 220 220 220 220 220 220 220 220 219 219 219 219 219 219 219 219 219 219 219 219 219 219 219 219 219 219 219 219 219 220 220 220 219 219 219 219 219 219 219 219 219 219 219 219 219 219 219 219 219 219 219 219 218 218 218 218 218 218 218 218 218 218 218 218 218 218 218 218 218 218 218 218 217 217 217 217 217 217 217 217 217 217 217 217 217 217 217 217 217 216 216 216 216 216 216 216 216 216 216 215 215 215 215 215 215 215 215 215 215 215 215 215 215 215 215 215 215 215 215 215 215 215 215 215 215 215 215 215 215 216 216 216 216 216 216 215 215 215 215 215 215 215 215 215 215 215 215 215 215 215 215 214 214 214 214 214 214 214 214 214 214 214 214 214 214 214 214 214 214 214 214 213 213 213 213 213 213 213 213 213 213 213 213 212 212 212 212 212 212 212 212 212 212 212 212 212 212 212 212 212 211 211 211 211 211 211 211 211 211 211 211 211 211 211 211 211 211 211 211 211 210 210 209 209 209 209 209 209 209 209 209 209 209 209 209 209 209 209 209 209 209 209 208 208 208 208 208 208 208 208 208 208 209 208 209 208 208 208 208 208 208 208 207 207 207 208 208 207 207 207 207 206 207 207 207 207 206 206 205 205 205 205 NA NA NA NA NA NA NA NA NA 204 204 205 205 205 205 205 206 206 206 206 206 206 206 206 206 206 206 205 205 205 205 205 205 204 204 204 204 204 203 204 203 203 203 203 204 204 204 204 204 204 204 203 203 NA NA NA NA NA NA NA NA NA NA NA NA NA NA NA NA NA NA NA NA NA NA NA NA NA NA NA NA NA NA NA NA NA NA NA NA NA NA NA NA NA NA NA NA NA NA NA NA NA NA NA NA NA NA NA
NA NA NA NA NA NA NA NA NA NA NA NA NA NA NA NA NA NA NA NA NA NA NA NA NA NA NA NA NA NA NA NA NA NA NA NA NA NA 223 224 224 224 223 223 224 224 223 223 223 222 222 223 223 223 222 223 223 222 222 222 222 222 222 222 222 222 222 222 222 222 222 222 221 221 221 221 221 221 221 221 221 221 221 221 221 221 221 221 221 221 221 221 221 221 221 221 221 221 221 221 220 220 220 220 220 220 220 220 220 220 220 220 220 220 220 220 220 220 220 220 219 219 219 219 219 220 220 220 220 219 219 219 219 219 219 219 219 219 219 219 219 219 220 220 219 219 219 219 219 219 219 219 219 219 219 219 219 219 219 219 219 219 219 219 219 219 218 218 218 218 218 218 218 218 218 218 218 218 218 218 218 218 218 218 218 217 217 217 217 217 217 217 217 217 217 217 217 217 217 217 217 217 217 217 217 216 216 216 216 216 216 216 216 215 216 215 215 215 215 215 215 215 215 215 215 215 215 215 215 215 215 215 215 215 215 215 215 215 215 215 215 215 216 216 216 216 216 216 216 216 215 215 215 215 215 215 215 215 215 215 215 215 215 215 215 214 214 214 214 214 214 214 214 214 214 214 214 214 214 214 214 214 214 214 214 213 213 213 213 213 213 213 213 213 213 213 213 212 212 212 212 212 212 212 212 212 212 212 212 212 212 212 212 212 212 211 211 211 211 211 211 211 211 211 211 211 211 211 211 211 211 211 211 210 210 210 210 209 210 210 209 209 209 209 209 209 209 210 209 209 209 209 209 209 209 208 208 208 208 208 208 208 208 209 208 208 208 208 208 208 208 209 209 208 208 208 208 208 208 208 208 207 207 207 207 207 207 207 207 206 206 206 206 205 205 205 NA NA NA NA NA NA NA 205 204 205 205 205 206 206 206 206 206 206 206 206 206 206 206 206 206 206 206 206 205 205 205 205 205 204 204 204 204 204 204 204 204 204 NA NA 204 204 204 204 204 204 204 NA NA NA NA NA NA NA NA NA NA NA NA NA NA NA NA NA NA NA NA NA NA NA NA NA NA NA NA NA NA NA NA NA NA NA NA NA NA NA NA NA NA NA NA NA NA NA NA NA NA NA NA NA NA NA NA
NA NA NA NA NA NA NA NA NA NA NA NA NA NA NA NA NA NA NA NA NA NA NA NA NA NA NA NA NA NA NA NA NA NA NA NA NA NA NA 223 223 223 222 223 223 224 223 223 223 223 222 223 223 223 223 222 222 222 222 222 222 223 223 222 222 222 222 222 222 222 222 222 222 221 221 221 221 221 221 221 221 221 221 221 221 221 221 221 221 221 221 221 221 220 220 221 221 221 221 221 221 221 221 220 220 220 220 220 220 220 220 220 220 220 220 220 220 220 220 220 219 219 219 219 220 220 220 220 220 220 220 219 219 219 219 219 219 219 219 219 219 219 220 220 220 220 219 219 219 219 219 219 219 219 219 219 219 219 219 219 219 219 219 219 219 219 219 219 218 218 218 218 218 218 218 218 218 218 218 218 218 218 218 218 218 218 218 218 218 218 217 217 217 217 217 217 217 217 217 217 217 217 217 217 217 216 216 216 216 217 217 217 216 216 216 216 215 215 216 216 215 215 215 215 215 215 215 215 215 215 215 215 215 215 215 215 215 215 215 215 215 215 216 216 216 216 216 216 216 216 216 216 215 215 215 215 215 215 215 215 215 215 215 215 215 215 214 214 214 214 215 215 214 214 214 214 214 214 214 214 214 214 214 214 214 214 213 213 213 213 213 213 213 213 213 213 213 212 212 213 213 212 212 212 212 212 212 212 212 212 212 212 212 212 212 212 211 211 211 212 211 211 211 211 211 211 211 211 211 211 211 211 211 210 210 210 210 210 210 210 210 209 209 209 209 209 210 209 209 210 209 209 209 209 209 209 209 209 209 209 209 208 208 209 209 208 209 209 208 208 209 208 209 209 209 209 209 209 209 208 208 208 208 208 207 207 207 207 207 206 206 206 206 206 206 205 205 205 205 205 205 205 205 205 205 205 205 206 206 206 206 206 206 206 206 206 206 206 206 206 206 206 206 206 206 206 205 205 205 205 204 204 204 204 204 204 204 NA NA NA NA NA NA NA NA NA NA NA NA NA NA NA NA NA NA NA NA NA NA NA NA NA NA NA NA NA NA NA NA NA NA NA NA NA NA NA NA NA NA NA NA NA NA NA NA NA NA NA NA NA NA NA NA NA NA NA NA NA NA NA NA NA NA
NA NA NA NA NA NA NA NA NA NA NA NA NA NA NA NA NA NA NA NA NA NA NA NA NA NA NA NA NA NA NA NA NA NA NA NA NA NA NA 224 224 223 222 222 223 223 223 223 223 223 223 223 223 223 223 222 222 222 222 222 222 223 223 222 222 222 222 222 222 222 222 222 222 222 221 221 221 221 221 221 221 221 221 221 221 221 221 221 221 221 221 221 221 221 220 220 220 220 221 221 221 221 221 220 220 220 220 220 220 220 220 220 219 219 219 219 220 219 219 219 219 219 220 220 220 220 220 220 220 220 220 220 220 220 220 219 219 219 219 219 219 219 220 220 220 220 220 219 219 219 219 219 219 219 219 219 219 219 219 219 219 219 219 219 219 219 219 219 218 218 218 218 218 218 218 218 218 218 218 218 218 218 218 218 218 218 218 218 218 218 218 218 217 217 217 217 217 217 217 217 217 217 217 217 216 216 216 216 217 217 217 216 216 216 216 216 216 216 216 216 215 215 215 215 215 215 215 215 215 216 215 215 215 215 215 215 215 215 215 215 215 215 216 216 216 216 216 216 216 216 216 216 216 216 215 215 215 215 215 215 215 215 215 215 215 215 214 214 214 215 215 215 215 215 214 214 214 214 214 214 214 214 214 214 214 214 213 213 213 213 213 213 213 213 213 213 213 213 213 213 213 213 212 212 212 212 212 212 212 212 212 212 212 212 212 212 212 212 211 211 211 211 211 211 211 211 211 211 211 211 211 211 211 210 210 210 210 210 210 210 210 210 209 209 209 209 209 210 210 210 209 209 209 209 209 209 209 209 209 209 209 209 208 208 209 209 209 209 209 209 209 209 209 209 209 209 209 209 209 209 209 209 208 208 208 207 207 207 207 207 207 207 206 206 206 206 206 206 205 206 205 206 205 205 206 205 206 206 206 206 207 206 206 206 206 206 206 206 206 206 206 206 206 206 206 206 206 206 205 205 205 204 204 204 204 204 204 NA NA NA NA NA NA NA NA NA NA NA NA NA NA NA NA NA NA NA NA NA NA NA NA NA NA NA NA NA NA NA NA NA NA NA NA NA NA NA NA NA NA NA NA NA NA NA NA NA NA NA NA NA NA NA NA NA NA NA NA NA NA NA NA NA NA
NA NA NA NA NA NA NA NA NA NA NA NA NA NA NA NA NA NA NA NA NA NA NA NA NA NA NA NA NA NA NA NA NA NA NA NA NA NA NA 224 224 224 223 222 222 223 223 223 223 223 223 223 223 223 223 223 222 222 222 222 222 223 223 223 222 223 222 222 222 222 222 222 222 222 222 221 221 221 221 221 221 221 221 221 221 221 221 221 221 221 221 221 221 221 221 221 220 220 220 220 221 221 221 221 221 221 221 220 220 220 220 220 220 220 220 220 220 220 220 220 220 220 220 220 220 220 220 220 220 220 220 220 220 220 220 220 220 219 219 219 219 219 220 220 220 220 220 219 219 219 219 219 219 219 219 219 219 219 219 219 219 219 219 219 219 219 219 219 219 218 218 218 218 218 218 218 218 218 218 218 218 218 218 218 218 218 218 218 218 218 218 218 217 217 217 217 217 217 217 217 217 217 217 217 217 216 216 216 216 216 216 216 216 216 216 216 216 216 216 216 216 215 215 215 215 215 215 215 216 215 216 216 215 215 215 215 215 215 215 215 215 215 216 216 216 216 216 216 216 216 216 216 216 216 215 215 215 215 215 215 215 215 215 215 215 215 215 214 214 215 215 215 215 215 215 215 214 214 214 214 214 214 214 214 214 214 214 213 213 213 214 214 213 213 213 213 213 213 213 213 213 213 213 212 212 212 213 213 212 213 212 212 212 212 212 212 212 212 212 211 211 211 211 211 211 212 211 211 211 211 211 211 211 211 211 211 210 210 210 210 210 210 210 210 209 209 209 209 210 209 209 209 209 209 209 210 210 209 210 210 210 209 209 208 208 209 209 209 209 209 209 209 209 209 209 209 209 209 209 209 209 209 209 209 209 208 207 207 207 207 206 206 206 206 206 206 206 206 206 206 206 206 205 206 206 206 206 206 206 207 207 207 206 206 206 206 206 206 206 206 206 206 206 206 206 206 205 206 206 205 205 205 204 204 205 204 204 204 NA NA NA NA NA NA NA NA NA NA NA NA NA NA NA NA NA NA NA NA NA NA NA NA NA NA NA NA NA NA NA NA NA NA NA NA NA NA NA NA NA NA NA NA NA NA NA NA NA NA NA NA NA NA NA NA NA NA NA NA NA NA NA NA NA
NA NA NA NA NA NA NA NA NA NA NA NA NA NA NA NA NA NA NA NA NA NA NA NA NA NA NA NA NA NA NA NA NA NA NA NA NA NA NA 224 224 224 223 223 222 222 223 223 223 223 223 223 223 223 223 223 223 223 222 223 223 223 223 223 223 223 223 222 222 222 222 222 222 222 222 221 221 221 221 221 221 221 221 221 221 221 221 221 221 221 221 221 221 221 221 221 221 220 220 220 221 221 221 221 221 221 221 221 220 221 220 220 220 220 220 220 220 220 220 220 220 220 220 220 220 220 220 220 220 220 220 220 220 220 220 220 220 220 220 219 219 219 220 220 220 220 219 219 219 219 219 219 219 219 219 219 219 219 219 219 219 219 219 219 219 219 219 219 219 219 218 218 218 218 218 218 218 218 218 218 218 218 218 218 218 218 218 218 218 218 218 218 217 217 217 217 217 217 217 217 217 217 217 217 217 217 217 217 217 217 216 216 216 216 216 216 216 216 216 216 216 216 216 215 216 216 215 216 216 215 216 216 216 216 215 215 215 215 215 215 215 215 216 216 216 216 216 216 216 216 216 216 216 216 216 215 216 216 216 216 215 215 215 215 215 215 215 215 215 215 215 215 215 215 215 215 215 214 214 214 214 214 214 214 214 214 214 213 213 213 213 214 214 214 214 213 213 213 213 213 213 213 213 213 213 213 212 213 213 213 213 213 212 212 212 212 212 212 212 212 212 212 212 212 212 211 211 211 211 211 211 211 211 211 211 211 211 210 210 210 210 210 210 210 210 209 209 209 209 209 209 209 210 209 209 209 210 210 210 210 210 210 209 208 208 208 209 209 209 209 209 209 209 210 209 209 209 209 209 209 209 209 209 209 209 208 207 207 207 207 207 207 207 207 207 206 206 206 206 206 206 206 206 206 206 206 206 206 207 207 207 207 207 206 206 206 206 206 206 207 207 207 207 206 206 206 206 206 206 206 205 205 205 205 205 205 204 205 NA NA NA NA NA NA NA NA NA NA NA NA NA NA NA NA NA NA NA NA NA NA NA NA NA NA NA NA NA NA NA NA NA NA NA NA NA NA NA NA NA NA NA NA NA NA NA NA NA NA NA NA NA NA NA NA NA NA NA NA NA NA NA NA NA
NA NA NA NA NA NA NA NA NA NA NA NA NA NA NA NA NA NA NA NA NA NA NA NA NA NA NA NA NA NA NA NA NA NA NA NA NA NA NA NA 224 224 223 223 222 222 223 223 223 223 223 223 223 223 223 224 223 223 223 223 223 223 223 223 223 223 222 222 222 222 222 222 222 222 222 221 221 221 221 221 221 221 221 221 221 221 221 221 221 221 221 221 221 221 221 221 221 221 221 220 221 221 221 221 221 221 221 221 221 221 221 221 221 221 221 220 220 220 220 220 220 220 220 220 220 220 220 220 220 220 220 220 220 220 220 220 220 220 220 219 219 219 220 220 220 220 219 219 220 220 220 220 220 220 219 219 219 219 219 219 219 219 219 219 219 219 219 219 219 219 219 219 219 219 218 218 218 218 218 218 217 217 217 218 218 218 218 218 217 218 218 217 217 217 217 217 217 217 217 217 217 217 217 217 217 217 217 217 216 216 216 216 216 216 216 216 216 216 216 216 216 216 216 216 216 216 216 215 216 216 216 216 216 216 216 216 216 215 215 215 215 215 216 216 216 216 216 216 216 216 216 216 216 216 216 216 216 216 216 216 215 215 215 215 215 215 215 215 215 215 215 215 215 215 215 215 215 215 215 215 214 214 214 214 214 214 214 214 214 214 214 214 214 213 213 213 213 213 213 213 213 213 213 213 213 213 213 213 213 213 213 213 213 213 213 212 212 212 212 212 212 212 212 212 212 212 211 211 211 211 211 211 212 212 211 211 211 211 211 211 211 210 210 210 210 210 210 210 210 210 210 210 210 210 209 209 210 209 210 209 210 210 209 209 208 209 209 209 209 209 210 210 210 210 209 209 209 209 209 209 209 209 209 209 209 208 208 208 208 207 207 207 208 207 207 207 207 207 206 207 207 206 206 206 206 206 207 207 207 207 207 207 207 207 207 207 207 206 207 206 207 207 206 207 206 206 206 206 206 206 206 205 206 206 205 205 205 205 205 NA NA NA NA NA NA NA NA NA NA NA NA NA NA NA NA NA NA NA NA NA NA NA NA NA NA NA NA NA NA NA NA NA NA NA NA NA NA NA NA NA NA NA NA NA NA NA NA NA NA NA NA NA NA NA NA NA NA NA NA NA NA NA NA
NA NA NA NA NA NA NA NA NA NA NA NA NA NA NA NA NA NA NA NA NA NA NA NA NA NA NA NA NA NA NA NA NA NA NA NA NA NA NA NA 224 224 223 223 223 223 223 223 223 223 223 223 223 223 224 224 224 224 223 223 222 223 223 223 223 223 222 222 223 223 222 222 222 222 222 221 221 222 222 221 222 221 221 221 221 221 221 221 221 221 221 221 221 221 221 221 221 221 221 221 220 221 221 221 221 221 221 221 221 221 221 221 221 221 221 221 221 221 220 220 220 220 220 220 220 220 220 220 220 220 220 220 220 220 219 219 220 220 219 219 219 219 220 220 220 220 220 220 220 220 220 220 219 219 219 219 219 219 219 219 219 219 219 219 219 219 219 219 219 219 219 219 219 219 219 218 218 218 218 218 217 217 218 218 218 218 218 218 218 217 217 218 217 217 217 217 217 217 217 217 217 217 217 217 217 217 217 217 216 216 216 216 216 216 216 216 216 216 216 216 216 216 216 216 216 216 216 216 216 216 216 216 216 216 216 216 216 216 216 215 215 215 216 216 216 216 216 216 216 216 216 216 216 216 216 216 216 216 216 216 216 216 216 215 215 215 215 215 215 215 215 215 215 215 215 215 215 215 215 215 215 215 214 214 214 214 214 214 214 214 214 214 214 213 213 213 213 213 213 213 213 213 213 213 213 213 213 213 213 213 213 213 213 213 213 213 212 212 212 212 212 212 212 212 212 211 211 211 211 212 212 212 212 212 212 212 211 211 211 211 211 211 211 211 211 210 210 211 210 210 210 210 211 210 210 209 210 210 209 209 210 210 210 209 208 208 209 209 209 209 209 210 209 209 209 209 209 210 210 209 209 209 209 209 209 209 209 208 208 208 208 208 208 208 207 207 207 207 207 206 206 207 206 206 207 207 207 207 207 208 208 207 207 207 207 207 207 207 206 206 207 207 207 206 206 206 206 206 206 206 206 206 206 206 205 205 205 205 205 205 NA NA NA NA NA NA NA NA NA NA NA NA NA NA NA NA NA NA NA NA NA NA NA NA NA NA NA NA NA NA NA NA NA NA NA NA NA NA NA NA NA NA NA NA NA NA NA NA NA NA NA NA NA NA NA NA NA NA NA NA NA NA NA
NA NA NA NA NA NA NA NA NA NA NA NA NA NA NA NA NA NA NA NA NA NA NA NA NA NA NA NA NA NA NA NA NA NA NA NA NA NA NA NA 224 224 223 223 223 223 223 223 223 223 223 223 223 223 224 223 223 223 223 223 222 223 223 223 223 222 222 222 222 223 222 222 222 222 222 221 221 222 222 222 222 222 221 221 221 221 221 221 221 221 221 221 221 221 221 221 221 221 221 221 220 221 221 221 221 221 221 221 221 221 221 221 221 221 220 220 220 220 220 220 220 220 220 220 220 220 220 220 220 220 220 220 220 220 220 220 219 219 219 219 219 219 220 220 220 220 220 220 220 220 220 220 220 220 219 219 219 219 219 219 219 219 219 219 219 219 219 219 219 219 219 219 219 219 219 219 218 218 218 218 218 218 218 218 218 218 218 218 218 218 217 218 217 217 217 217 217 217 217 217 217 217 217 217 217 217 217 217 217 216 216 216 216 216 216 216 216 216 216 216 216 216 216 216 216 216 216 216 216 216 216 216 216 216 216 216 216 216 216 216 216 215 216 216 216 216 216 216 216 216 216 216 216 216 216 216 216 216 216 216 216 216 216 215 216 215 215 215 215 215 215 215 215 215 215 215 215 215 215 215 215 215 215 215 214 214 214 214 214 214 214 214 214 214 213 213 213 213 213 213 213 213 213 213 213 213 213 213 213 213 213 213 213 213 213 213 213 212 212 212 212 212 212 212 212 212 212 212 212 212 212 212 212 212 212 212 211 211 211 211 211 211 211 211 211 210 210 211 210 210 210 210 211 211 210 210 210 210 210 210 210 210 210 210 209 209 209 209 209 209 210 210 209 209 209 209 209 210 210 209 209 209 209 209 209 209 209 209 209 208 208 208 208 208 208 208 208 207 207 207 207 207 206 207 207 207 207 207 207 208 208 208 207 207 207 207 207 207 207 206 206 207 207 206 207 207 206 206 206 206 206 206 206 206 206 205 205 205 206 205 205 NA NA NA NA NA NA NA NA NA NA NA NA NA NA NA NA NA NA NA NA NA NA NA NA NA NA NA NA NA NA NA NA NA NA NA NA NA NA NA NA NA NA NA NA NA NA NA NA NA NA NA NA NA NA NA NA NA NA NA NA NA NA
NA NA NA NA NA NA NA NA NA NA NA NA NA NA NA NA NA NA NA NA NA NA NA NA NA NA NA NA NA NA NA NA NA NA NA NA NA NA NA 224 224 224 223 223 223 223 223 223 223 223 223 223 223 223 223 224 223 223 223 223 223 223 223 223 223 223 223 223 222 223 222 222 222 222 222 221 221 222 222 222 222 222 222 221 221 221 221 221 221 221 221 221 221 221 221 221 221 221 221 221 221 221 221 221 221 221 221 221 221 221 221 221 221 221 221 221 221 221 220 221 220 220 220 220 220 220 220 220 220 220 220 220 220 220 220 220 220 220 219 219 219 219 220 220 220 220 220 220 220 220 220 220 220 220 220 219 219 219 219 219 219 219 219 219 219 219 219 219 219 219 219 219 219 219 219 218 218 218 218 218 218 218 218 218 218 218 218 218 218 218 218 217 217 217 217 217 217 217 217 217 217 217 217 217 217 217 217 217 217 217 216 216 216 217 217 216 216 216 216 216 216 216 216 216 216 216 216 216 216 216 216 216 216 216 216 216 216 216 216 216 216 216 216 216 216 216 216 216 216 216 216 216 216 216 216 216 216 216 216 216 216 216 216 216 216 215 215 215 215 215 215 215 215 215 215 215 215 215 215 215 215 215 215 215 215 214 214 214 214 214 214 214 214 214 214 214 213 213 213 213 213 213 213 213 213 213 213 213 213 213 213 213 213 213 213 213 213 213 212 212 212 212 212 212 212 212 212 212 212 212 212 212 212 212 212 212 212 212 211 211 211 211 211 211 211 211 211 211 210 210 210 210 211 211 210 210 210 210 210 210 210 210 210 210 209 209 209 209 209 210 210 210 209 208 209 210 209 209 209 209 209 209 209 209 210 209 210 209 209 209 209 208 208 208 208 208 208 208 208 207 207 207 206 207 207 207 207 207 207 208 208 208 208 208 208 207 207 207 207 207 207 207 207 207 206 206 206 206 206 206 206 206 206 206 206 205 205 206 206 206 206 205 NA NA NA NA NA NA NA NA NA NA NA NA NA NA NA NA NA NA NA NA NA NA NA NA NA NA NA NA NA NA NA NA NA NA NA NA NA NA NA NA NA NA NA NA NA NA NA NA NA NA NA NA NA NA NA NA NA NA NA NA NA
NA NA NA NA NA NA NA NA NA NA NA NA NA NA NA NA NA NA NA NA NA NA NA NA NA NA NA NA NA NA NA NA NA NA NA NA NA 224 224 224 224 224 223 223 223 223 223 223 223 223 223 223 223 223 223 224 223 224 223 223 223 223 223 223 223 223 223 223 222 222 222 222 222 222 222 222 221 222 222 221 222 222 222 221 221 221 221 221 221 221 221 221 221 221 221 221 221 221 221 221 221 221 221 221 221 221 221 221 221 221 221 221 221 221 221 221 221 221 220 221 220 220 220 220 220 220 220 220 220 220 220 220 220 220 220 220 220 219 219 219 219 219 220 220 220 220 220 220 220 220 220 220 220 220 220 220 220 220 219 219 219 219 219 219 219 219 219 219 219 219 219 219 219 219 219 219 218 218 218 218 218 218 218 218 218 218 218 217 218 218 218 218 217 217 217 217 217 217 217 217 217 217 217 217 217 217 217 217 217 217 216 216 216 216 216 216 216 216 216 216 216 216 216 216 216 216 216 216 216 216 216 216 216 216 216 216 216 216 216 216 216 216 217 216 216 216 217 217 217 216 216 216 216 216 216 216 216 216 216 216 216 216 216 216 216 216 215 215 215 215 215 215 215 215 215 215 215 215 215 215 215 215 215 215 215 214 214 214 214 214 214 214 214 214 214 214 213 213 213 213 214 213 213 213 213 213 213 213 213 213 213 213 213 213 213 213 213 213 212 212 212 212 212 212 212 212 212 212 212 212 212 212 212 212 212 212 212 212 211 211 211 211 211 211 211 211 211 211 211 210 210 210 210 211 211 211 210 210 210 210 210 211 210 210 210 210 209 209 209 210 210 209 209 209 210 210 210 209 209 209 209 209 209 209 210 209 210 209 209 209 209 209 208 208 208 208 208 208 208 208 207 207 207 207 208 207 207 208 208 208 208 208 208 208 208 208 208 208 207 207 207 207 207 207 207 207 206 206 207 207 206 206 206 206 206 206 206 206 206 206 206 206 NA NA NA NA NA NA NA NA NA NA NA NA NA NA NA NA NA NA NA NA NA NA NA NA NA NA NA NA NA NA NA NA NA NA NA NA NA NA NA NA NA NA NA NA NA NA NA NA NA NA NA NA NA NA NA NA NA NA NA NA NA
NA NA NA NA NA NA NA NA NA NA NA NA NA NA NA NA NA NA NA NA NA NA NA NA NA NA NA NA NA NA NA NA NA NA NA 224 224 224 224 224 224 224 223 222 223 223 223 223 223 223 223 223 223 223 224 224 224 224 224 223 223 223 223 223 223 223 223 223 223 222 222 222 222 222 222 222 222 222 222 221 221 222 222 222 221 222 221 221 221 221 221 221 221 221 221 221 221 221 221 221 221 221 221 221 221 221 221 221 221 221 221 221 221 221 221 221 221 221 220 220 220 220 220 220 220 220 220 220 220 220 220 220 220 220 220 220 220 219 220 219 219 219 220 220 220 220 220 220 220 220 220 220 220 220 220 220 220 220 220 220 220 219 219 219 219 219 219 219 219 219 219 219 219 219 219 219 219 219 218 218 218 218 218 218 218 218 218 217 218 218 218 218 217 217 217 217 217 217 217 217 217 217 217 217 217 217 217 217 217 217 217 217 217 217 217 217 217 216 216 216 216 216 216 216 216 216 216 216 216 216 216 216 216 216 216 216 216 216 216 216 216 216 217 217 217 216 217 217 217 216 216 216 216 216 216 216 216 216 216 216 216 216 216 216 216 216 216 215 215 215 215 215 215 215 215 215 215 215 215 215 215 215 215 215 215 215 214 214 214 214 214 214 214 214 214 214 214 214 214 214 214 214 213 213 213 213 213 213 213 213 213 213 213 213 213 213 213 213 213 212 212 213 213 212 212 212 212 212 212 212 212 212 212 212 212 212 212 212 212 212 211 211 211 211 211 211 211 211 211 211 211 210 210 210 211 211 210 211 210 210 211 211 211 211 210 210 209 209 209 210 210 209 210 210 210 210 210 209 209 209 210 209 210 210 210 210 209 209 209 209 209 209 209 208 208 208 208 208 208 208 207 207 207 207 207 208 208 208 208 208 209 208 208 208 208 208 208 208 208 208 208 208 207 207 207 207 207 207 207 207 207 206 206 207 206 206 206 206 206 206 206 206 NA NA NA NA NA NA NA NA NA NA NA NA NA NA NA NA NA NA NA NA NA NA NA NA NA NA NA NA NA NA NA NA NA NA NA NA NA NA NA NA NA NA NA NA NA NA NA NA NA NA NA NA NA NA NA NA NA NA NA NA NA
NA NA NA NA NA NA NA NA NA NA NA NA NA NA NA NA NA NA NA NA NA NA NA NA NA NA NA NA NA NA NA NA NA NA NA 224 224 224 224 224 224 224 223 223 222 223 223 223 223 223 223 223 223 224 224 224 223 223 223 223 223 223 223 223 223 223 223 223 223 223 222 222 222 222 222 222 222 222 222 222 221 222 222 222 222 222 221 221 221 221 221 221 221 221 221 221 221 221 221 221 221 221 221 221 221 221 221 221 221 221 221 221 221 221 221 221 221 220 220 220 220 220 220 220 220 220 220 220 220 220 220 220 220 220 220 220 220 220 219 220 219 219 220 220 220 220 220 220 220 220 220 220 220 220 220 220 220 220 220 220 220 219 219 219 219 219 219 219 219 219 219 219 219 219 219 219 219 219 218 219 219 219 218 218 218 218 218 218 218 218 218 218 217 217 218 218 217 217 217 217 217 217 217 217 217 217 217 217 217 217 217 217 217 217 217 217 217 217 217 216 216 216 216 216 216 216 216 216 216 216 216 216 216 216 216 216 216 216 216 216 216 216 217 217 217 217 217 217 217 217 217 216 216 216 216 216 216 216 216 216 216 216 216 216 216 216 216 216 216 215 215 215 215 215 215 215 215 215 215 215 215 215 215 215 215 215 215 214 214 214 214 214 214 214 214 214 214 214 214 214 214 214 214 214 213 213 213 213 213 213 213 213 213 213 213 213 213 213 213 213 213 213 213 213 212 212 212 212 212 212 213 212 212 212 212 212 212 212 212 212 211 212 212 211 211 211 211 211 211 211 211 211 211 210 211 211 211 211 211 210 211 211 211 210 211 210 210 210 209 210 210 210 210 210 210 210 210 210 210 209 210 210 210 210 210 210 209 209 209 209 209 209 209 209 209 208 208 208 208 208 208 207 207 207 208 208 208 208 208 209 209 208 208 208 208 208 208 208 208 208 208 208 208 207 207 207 207 207 207 207 207 207 207 207 207 207 207 206 206 206 206 206 206 NA NA NA NA NA NA NA NA NA NA NA NA NA NA NA NA NA NA NA NA NA NA NA NA NA NA NA NA NA NA NA NA NA NA NA NA NA NA NA NA NA NA NA NA NA NA NA NA NA NA NA NA NA NA NA NA NA NA NA NA
NA NA NA NA NA NA NA NA NA NA NA NA NA NA NA NA NA NA NA NA NA NA NA NA NA NA NA NA NA NA NA NA NA NA NA 224 225 225 225 224 224 224 223 223 223 223 223 223 223 223 223 224 224 224 224 223 223 223 223 223 223 223 223 223 222 223 223 223 223 223 223 222 222 222 222 222 222 222 222 222 222 222 222 222 222 222 222 221 221 221 221 221 221 221 221 221 221 221 221 221 221 221 221 221 221 221 221 222 221 221 221 221 221 221 221 221 221 221 221 221 221 221 220 220 220 220 220 220 220 220 220 220 220 220 220 220 220 220 220 220 220 220 220 220 220 220 220 220 220 220 220 220 220 220 220 220 220 220 220 220 220 219 219 219 219 219 219 219 219 219 219 219 219 219 219 219 219 219 219 219 219 219 218 218 218 218 218 218 218 218 218 218 217 217 218 218 218 218 217 217 217 217 217 217 217 217 217 217 217 217 217 217 217 217 217 217 217 217 217 217 217 216 216 216 216 216 216 216 216 216 216 216 216 216 216 216 216 216 216 216 216 216 217 217 217 217 217 217 217 217 217 217 216 216 216 216 216 216 216 216 216 216 216 216 216 216 216 216 216 215 215 215 215 216 216 215 215 215 215 215 215 215 215 215 215 215 215 214 214 215 214 214 214 214 214 214 214 214 214 214 214 214 214 214 214 214 213 213 213 213 213 213 213 213 213 213 213 213 213 213 213 213 213 213 212 212 212 212 212 213 213 212 212 212 213 212 212 212 212 212 211 211 212 212 211 211 211 211 211 212 212 211 211 210 211 211 211 211 211 211 211 211 211 211 211 211 211 211 210 210 210 210 210 211 210 210 211 211 210 210 209 210 210 210 210 209 209 209 209 209 209 209 210 210 209 209 209 208 208 208 208 208 207 207 208 208 208 208 208 208 209 209 208 208 208 208 208 208 208 208 208 208 208 207 207 207 207 207 207 207 207 207 207 207 207 207 207 207 206 207 207 206 207 NA NA NA NA NA NA NA NA NA NA NA NA NA NA NA NA NA NA NA NA NA NA NA NA NA NA NA NA NA NA NA NA NA NA NA NA NA NA NA NA NA NA NA NA NA NA NA NA NA NA NA NA NA NA NA NA NA NA NA NA
NA NA NA NA NA NA NA NA NA NA NA NA NA NA NA NA NA NA NA NA NA NA NA NA NA NA NA NA NA NA NA NA NA NA 224 224 224 224 225 225 225 225 224 223 223 224 223 223 223 223 224 224 224 224 224 223 223 223 223 223 223 223 223 223 222 222 223 222 222 222 222 222 223 222 222 222 222 222 222 222 222 222 222 222 222 222 222 221 222 221 221 221 221 221 221 221 221 221 221 221 221 221 221 221 221 221 221 222 222 221 221 221 221 221 221 221 221 221 221 221 221 221 221 220 220 221 221 221 220 220 221 220 220 220 220 220 220 220 220 220 220 220 221 221 220 221 221 220 220 220 220 220 220 220 220 220 220 220 220 220 220 219 219 219 219 219 219 219 219 219 219 219 219 219 219 219 219 219 219 219 219 219 219 218 218 218 218 218 218 218 218 218 218 217 217 218 218 218 218 217 217 217 217 217 217 217 217 217 217 217 217 217 217 217 217 217 217 217 217 217 217 216 217 217 217 216 216 216 216 216 216 216 216 216 216 216 216 216 216 216 216 216 217 217 217 217 217 217 217 217 217 217 217 217 216 216 216 216 216 216 216 216 216 216 216 216 216 216 216 216 216 216 216 216 216 216 216 216 215 215 215 215 215 215 215 215 215 215 214 215 214 214 214 215 214 214 214 214 214 214 214 214 214 214 214 214 214 213 213 213 213 213 213 213 213 213 213 213 213 213 213 213 213 213 213 213 213 213 213 212 213 212 212 213 213 212 212 212 212 212 212 211 212 212 212 211 211 211 212 212 212 211 211 211 211 211 211 212 212 211 211 211 211 211 211 211 211 211 211 210 210 210 210 211 211 210 211 211 211 210 210 210 210 210 210 210 209 209 209 209 210 210 209 210 210 209 209 209 209 209 209 208 207 207 208 208 208 208 208 209 209 209 208 208 208 208 208 208 208 208 208 208 208 208 208 208 207 207 207 207 207 208 207 207 207 207 207 207 207 207 207 206 207 NA NA NA NA NA NA NA NA NA NA NA NA NA NA NA NA NA NA NA NA NA NA NA NA NA NA NA NA NA NA NA NA NA NA NA NA NA NA NA NA NA NA NA NA NA NA NA NA NA NA NA NA NA NA NA NA NA NA NA NA
NA NA NA NA NA NA NA NA NA NA NA NA NA NA NA NA NA NA NA NA NA NA NA NA NA NA NA NA NA NA NA NA NA NA NA NA 224 224 225 225 225 225 224 224 224 224 224 224 224 224 224 223 224 224 224 224 223 223 223 223 223 223 222 222 222 222 222 222 222 222 222 223 223 223 223 222 222 222 222 222 222 222 222 222 222 222 221 221 222 221 221 221 221 221 221 221 221 221 221 221 221 221 221 221 221 221 221 221 222 222 222 221 221 221 221 221 221 221 221 221 221 221 221 221 221 221 221 220 220 220 220 220 220 220 220 220 220 220 220 220 220 220 221 221 220 220 221 220 220 220 220 220 220 220 220 220 220 220 220 220 220 220 220 219 219 219 219 219 219 219 219 219 219 219 219 219 219 219 219 219 219 219 219 218 218 218 218 218 218 218 218 218 218 218 217 217 218 218 218 218 218 218 218 217 217 217 217 217 217 217 217 217 217 217 217 217 217 217 217 217 217 217 217 217 217 217 217 217 217 217 216 216 216 216 216 216 216 216 216 216 216 216 217 217 217 217 217 217 217 217 217 217 217 217 217 217 216 216 216 216 216 216 216 216 216 216 216 216 216 216 216 216 216 216 216 216 216 216 216 215 215 215 215 215 215 215 215 215 215 215 215 215 215 215 214 214 214 214 214 214 214 214 214 214 214 214 214 214 214 213 213 213 213 213 213 213 213 213 213 213 213 213 213 213 213 213 213 213 213 213 212 213 212 213 213 213 213 213 213 212 212 211 212 212 212 212 211 212 212 212 211 211 211 211 211 211 211 212 212 212 212 212 211 211 211 211 211 211 210 211 211 210 211 211 210 210 210 211 210 210 210 210 210 210 210 210 209 209 210 210 210 210 209 210 210 210 209 209 209 209 209 208 208 208 208 208 208 208 208 209 209 209 209 209 209 209 209 209 208 208 208 208 208 208 208 208 208 208 208 208 208 208 208 207 207 207 207 207 207 207 207 207 207 207 NA NA NA NA NA NA NA NA NA NA NA NA NA NA NA NA NA NA NA NA NA NA NA NA NA NA NA NA NA NA NA NA NA NA NA NA NA NA NA NA NA NA NA NA NA NA NA NA NA NA NA NA NA NA NA NA NA NA NA
NA NA NA NA NA NA NA NA NA NA NA NA NA NA NA NA NA NA NA NA NA NA NA NA NA NA NA NA NA NA NA NA NA NA NA 224 224 224 224 224 225 225 223 224 224 223 224 224 224 223 223 223 223 224 224 224 224 223 223 223 222 223 223 223 222 222 222 222 223 223 223 223 223 223 222 222 222 222 222 222 222 222 222 222 222 221 221 221 221 221 221 221 221 222 222 221 221 221 221 221 221 221 221 221 221 221 221 221 221 221 221 221 221 221 221 221 221 221 221 221 221 221 221 221 221 221 221 220 220 220 220 220 220 220 220 220 220 220 220 220 220 220 221 221 220 221 221 220 220 220 220 220 220 220 220 220 220 220 220 220 220 220 219 219 219 219 219 219 219 219 219 219 219 219 219 219 219 219 219 219 219 219 219 219 218 218 218 218 218 218 218 218 218 218 218 218 217 218 218 218 218 218 218 218 218 218 217 217 217 217 217 217 217 217 217 217 217 217 217 217 217 217 217 217 217 217 217 217 217 217 217 216 216 216 216 216 216 216 216 216 216 216 217 217 217 217 217 217 217 217 217 217 217 217 217 217 216 216 216 216 216 216 216 216 216 216 216 216 216 216 216 216 216 216 216 216 216 216 216 216 216 215 215 215 215 215 215 215 215 215 215 215 215 215 214 214 215 214 214 214 214 214 214 214 214 214 214 214 214 214 213 213 214 214 213 213 213 213 213 213 213 213 213 213 213 213 213 213 213 213 213 213 213 212 213 213 213 213 213 212 212 212 212 213 213 212 212 212 212 212 212 211 211 211 211 211 211 211 212 212 212 212 211 211 211 211 211 211 211 211 211 211 211 211 210 211 211 211 211 211 210 211 210 210 210 210 209 209 209 210 210 210 210 209 210 210 210 210 209 209 209 209 208 208 208 208 209 209 209 209 209 210 209 209 209 209 209 209 209 209 209 209 209 208 208 208 208 208 208 208 208 208 208 208 208 208 208 207 207 207 207 207 207 207 NA NA NA NA NA NA NA NA NA NA NA NA NA NA NA NA NA NA NA NA NA NA NA NA NA NA NA NA NA NA NA NA NA NA NA NA NA NA NA NA NA NA NA NA NA NA NA NA NA NA NA NA NA NA NA NA NA NA NA
NA NA NA NA NA NA NA NA NA NA NA NA NA NA NA NA NA NA NA NA NA NA NA NA NA NA NA NA NA NA NA NA NA NA NA NA 224 224 224 224 225 225 223 223 223 223 223 223 223 223 223 223 223 223 224 224 224 224 223 223 223 223 223 223 222 223 222 222 222 223 223 223 223 223 223 223 222 222 222 222 222 222 222 222 221 222 222 222 222 221 221 221 221 221 221 222 221 221 221 221 221 221 221 221 221 221 221 221 221 221 221 221 221 221 221 221 221 221 221 221 221 221 221 221 221 221 221 221 221 220 220 220 221 220 220 220 220 220 220 220 220 220 221 221 220 220 220 220 220 220 220 220 220 220 220 220 220 220 220 220 220 220 219 219 219 219 219 219 219 219 219 219 219 219 219 219 219 219 219 219 219 219 219 219 219 219 218 218 218 218 218 218 218 218 218 218 218 217 217 217 217 217 217 217 217 218 218 217 217 217 217 217 217 217 217 217 217 217 217 217 217 217 217 217 217 217 217 217 217 217 217 217 216 216 216 216 216 216 216 216 216 216 217 217 217 217 217 217 217 217 217 217 217 217 217 217 216 216 216 216 216 216 216 216 216 216 216 216 216 216 216 216 216 216 216 216 216 216 216 216 216 216 216 216 215 215 215 215 215 215 215 215 215 215 214 215 214 214 214 214 214 214 214 214 214 214 214 214 214 214 214 214 214 214 214 214 213 213 213 213 213 213 213 213 213 213 214 213 213 213 213 214 213 213 213 212 213 213 213 213 213 213 213 213 213 213 213 213 213 212 212 212 212 212 212 211 212 211 211 211 212 212 211 211 211 211 211 211 211 211 211 211 211 211 211 211 211 211 212 211 211 211 211 210 210 210 210 210 209 209 209 210 210 209 210 210 210 210 210 210 209 209 209 208 208 209 209 209 209 209 209 210 209 209 209 209 209 209 209 209 209 209 209 209 208 208 208 208 208 208 208 208 208 208 208 208 208 208 207 207 207 208 208 208 207 NA NA NA NA NA NA NA NA NA NA NA NA NA NA NA NA NA NA NA NA NA NA NA NA NA NA NA NA NA NA NA NA NA NA NA NA NA NA NA NA NA NA NA NA NA NA NA NA NA NA NA NA NA NA NA NA NA NA
NA NA NA NA NA NA NA NA NA NA NA NA NA NA NA NA NA NA NA NA NA NA NA NA NA NA NA NA NA NA NA NA NA NA NA NA NA NA 224 225 225 224 223 223 223 223 223 224 224 224 223 223 224 224 223 223 224 224 223 223 224 224 224 224 223 224 223 223 222 222 222 223 223 223 223 222 222 222 222 222 222 222 222 222 221 222 222 222 222 222 221 222 221 221 221 221 221 221 221 221 221 221 221 221 221 221 221 221 221 221 221 221 221 221 221 221 221 221 221 221 221 221 221 221 221 221 221 221 221 221 221 221 220 220 220 220 220 220 220 220 220 220 221 221 221 220 220 220 220 220 220 220 220 220 220 220 220 220 220 220 220 220 220 220 219 219 219 219 219 219 219 219 219 219 219 219 219 219 219 219 219 219 219 219 219 219 219 219 219 218 218 218 218 218 218 217 217 217 217 217 217 217 217 217 217 217 217 217 217 217 217 217 217 217 217 217 217 217 217 217 217 217 217 217 217 217 217 217 217 217 217 216 216 216 216 216 216 216 216 216 216 216 217 217 217 217 217 217 217 217 217 217 217 217 217 217 217 217 217 216 216 216 216 216 216 216 216 216 216 216 216 216 216 216 216 216 216 216 216 216 216 216 216 216 216 215 215 215 215 215 215 215 215 215 215 215 215 215 214 214 214 214 214 214 214 214 214 214 214 214 214 214 214 214 214 214 214 214 214 214 213 213 213 213 213 213 214 214 213 213 214 214 213 213 213 213 213 213 213 213 213 213 213 213 213 213 213 213 213 213 213 213 212 212 212 212 212 212 211 212 212 212 211 211 211 211 211 211 211 211 211 212 211 211 211 212 211 211 212 212 211 211 211 211 210 210 210 210 210 209 209 209 210 210 210 210 210 210 210 209 209 209 209 208 209 209 209 209 209 209 210 210 209 209 209 209 209 209 209 209 209 209 209 209 209 209 209 209 209 209 208 208 208 208 208 208 208 208 208 208 208 208 208 208 208 208 NA NA NA NA NA NA NA NA NA NA NA NA NA NA NA NA NA NA NA NA NA NA NA NA NA NA NA NA NA NA NA NA NA NA NA NA NA NA NA NA NA NA NA NA NA NA NA NA NA NA NA NA NA NA NA NA NA
NA NA NA NA NA NA NA NA NA NA NA NA NA NA NA NA NA NA NA NA NA NA NA NA NA NA NA NA NA NA NA NA NA NA NA NA NA NA 224 225 225 224 222 223 223 223 223 223 224 224 224 223 223 223 223 223 224 224 224 224 224 224 223 224 224 224 224 224 223 223 222 223 223 223 223 223 222 222 222 222 222 222 222 222 221 221 222 222 222 222 222 222 222 221 221 221 221 222 221 221 221 221 221 221 221 221 221 221 221 221 221 221 221 221 221 221 221 221 221 221 221 221 221 221 221 221 221 221 221 221 221 220 220 220 220 220 220 220 220 220 220 220 221 221 221 220 220 220 220 220 220 220 220 220 220 220 220 220 220 220 220 220 220 220 220 219 219 219 219 219 219 219 219 219 219 219 219 219 219 219 219 219 219 219 219 219 219 219 219 219 219 218 218 218 218 217 217 217 217 217 217 217 217 217 217 217 217 217 217 218 218 217 217 217 217 217 217 217 217 217 217 217 217 217 217 217 217 217 217 216 216 216 216 216 216 216 216 217 217 216 216 216 218 217 217 217 217 217 217 217 217 217 217 217 217 217 217 217 217 217 216 216 216 216 216 216 216 216 216 216 216 216 216 216 216 216 216 216 216 216 216 216 216 216 216 216 215 215 215 215 215 215 215 215 215 215 215 215 214 214 214 215 215 214 214 215 214 214 214 214 214 214 214 214 214 214 214 214 214 214 214 213 213 213 213 213 213 213 214 214 214 213 213 213 214 214 213 213 213 213 213 213 213 213 213 213 213 213 213 212 213 213 213 213 212 212 212 213 212 212 213 213 212 212 212 212 212 212 211 211 212 212 212 211 211 212 212 212 212 212 212 212 212 211 211 210 210 210 210 210 210 210 209 210 210 210 210 210 210 209 209 209 209 209 209 209 209 209 210 210 210 210 210 210 209 209 209 209 209 209 209 209 209 209 209 209 209 209 209 209 209 208 209 209 209 209 209 208 208 208 208 208 208 208 208 208 208 NA NA NA NA NA NA NA NA NA NA NA NA NA NA NA NA NA NA NA NA NA NA NA NA NA NA NA NA NA NA NA NA NA NA NA NA NA NA NA NA NA NA NA NA NA NA NA NA NA NA NA NA NA NA NA NA
NA NA NA NA NA NA NA NA NA NA NA NA NA NA NA NA NA NA NA NA NA NA NA NA NA NA NA NA NA NA NA NA NA NA NA NA NA NA 224 224 224 224 223 223 224 223 223 223 224 224 224 223 223 223 223 224 224 224 224 224 223 223 223 223 223 224 224 224 224 224 223 223 223 223 223 222 222 222 222 222 222 222 222 222 221 221 222 222 222 222 222 222 221 221 221 221 221 222 221 221 221 221 221 221 221 221 221 221 221 221 221 221 221 221 221 221 221 221 221 221 221 221 221 221 221 221 221 221 221 221 220 220 220 220 220 220 220 220 220 220 220 220 220 220 221 220 220 220 220 220 220 220 220 220 220 220 220 220 220 220 220 220 220 220 220 220 219 219 219 219 219 219 219 219 219 219 219 219 219 219 219 219 219 219 219 219 219 219 219 219 219 219 218 218 218 218 218 218 218 218 218 218 217 217 217 217 217 217 217 217 217 217 218 217 217 217 217 217 217 217 217 217 217 217 217 217 217 217 217 217 216 217 217 216 217 217 217 217 217 217 216 216 218 218 217 217 217 217 217 217 217 217 217 217 217 217 217 217 217 217 217 217 217 217 217 216 216 217 217 216 216 216 216 216 216 216 216 216 216 216 216 216 216 216 216 216 216 215 215 215 215 215 215 215 215 215 215 215 215 214 214 215 215 214 215 215 214 214 214 214 214 214 214 214 214 214 214 214 214 214 214 214 213 213 213 213 213 214 214 214 214 213 213 213 213 213 213 213 213 213 213 213 213 213 214 213 213 213 213 213 213 213 213 213 213 213 213 213 213 213 213 213 212 212 213 213 212 212 212 211 212 212 212 212 211 212 212 212 212 212 212 212 212 212 211 211 211 211 210 210 210 210 210 209 210 210 210 210 210 209 210 209 209 209 210 209 209 209 210 210 210 210 210 210 210 210 210 209 209 209 209 209 209 209 209 209 209 209 209 209 209 209 209 209 209 209 209 209 208 208 208 208 209 209 208 208 208 208 NA NA NA NA NA NA NA NA NA NA NA NA NA NA NA NA NA NA NA NA NA NA NA NA NA NA NA NA NA NA NA NA NA NA NA NA NA NA NA NA NA NA NA NA NA NA NA NA NA NA NA NA NA NA NA
NA NA NA NA NA NA NA NA NA NA NA NA NA NA NA NA NA NA NA NA NA NA NA NA NA NA NA NA NA NA NA NA NA NA NA NA NA NA NA 224 225 225 224 224 224 224 223 223 224 224 223 223 223 223 223 224 223 223 223 223 223 223 223 222 223 223 224 224 223 224 224 224 223 223 223 222 222 222 222 222 222 222 222 222 222 221 222 222 222 222 222 222 221 221 222 222 221 222 222 221 221 221 221 221 221 222 221 221 221 221 221 221 221 221 221 221 221 221 221 221 221 221 221 221 221 221 221 221 221 221 221 220 220 220 220 220 220 220 220 220 220 220 221 221 220 220 220 220 220 220 220 220 220 220 220 220 220 220 220 220 220 220 220 220 220 220 220 219 219 219 219 219 219 219 219 219 219 219 219 219 219 219 219 219 219 219 219 219 219 219 219 219 218 218 218 218 218 218 218 218 218 218 218 218 217 217 217 217 217 217 217 217 217 217 217 217 217 217 217 217 217 217 217 217 217 217 217 217 217 217 217 217 217 217 217 217 217 217 217 217 217 217 218 218 218 218 217 217 217 217 217 217 217 217 217 217 217 217 217 217 217 217 217 217 216 217 217 217 216 216 216 216 216 216 216 216 216 216 216 216 216 216 216 216 216 216 216 215 215 215 215 215 215 215 215 215 215 215 215 215 215 215 215 215 215 215 215 214 214 214 214 214 214 214 214 214 214 214 214 214 214 214 213 213 213 213 213 214 214 214 213 213 213 213 213 213 213 214 214 213 213 213 213 213 214 213 213 213 213 213 213 213 213 213 213 213 213 213 214 213 213 213 213 212 212 212 212 212 212 212 212 212 212 212 212 212 212 212 212 212 212 212 212 212 211 211 211 210 210 210 210 210 210 210 210 210 210 210 210 210 210 210 210 210 210 210 210 210 210 210 210 210 210 210 210 210 210 210 210 210 210 210 210 209 209 209 209 209 209 209 209 209 209 209 209 209 209 209 209 208 208 208 209 209 209 209 209 208 208 NA NA NA NA NA NA NA NA NA NA NA NA NA NA NA NA NA NA NA NA NA NA NA NA NA NA NA NA NA NA NA NA NA NA NA NA NA NA NA NA NA NA NA NA NA NA NA NA NA NA NA NA NA NA
NA NA NA NA NA NA NA NA NA NA NA NA NA NA NA NA NA NA NA NA NA NA NA NA NA NA NA NA NA NA NA NA NA NA NA NA NA NA NA NA NA 224 223 224 223 223 223 223 223 224 223 223 223 223 223 224 223 223 223 222 223 223 223 222 222 223 223 224 224 223 224 224 224 223 223 223 222 222 222 222 222 222 222 222 222 222 222 222 222 222 222 222 222 222 221 221 222 222 222 222 222 222 222 221 222 222 222 222 221 221 221 221 221 221 221 221 221 221 221 221 221 221 221 221 221 221 221 221 221 221 220 220 221 220 220 220 220 220 220 220 220 220 220 220 221 220 220 220 220 220 220 220 220 220 220 220 220 220 220 220 220 220 220 220 220 220 220 220 219 219 219 219 219 219 219 219 219 219 219 219 219 219 219 219 219 219 219 219 219 219 219 219 219 219 218 218 218 218 218 218 218 218 218 218 218 218 218 217 217 217 217 217 217 217 217 217 217 217 217 217 217 217 217 217 217 217 217 217 217 217 217 217 217 217 217 217 217 217 217 217 217 217 218 218 218 218 217 217 217 217 217 217 217 217 217 217 217 217 217 217 217 217 217 217 217 217 217 217 217 216 216 216 216 216 216 216 216 216 216 216 216 216 216 216 216 216 216 216 215 215 215 215 215 215 215 215 215 215 215 215 215 215 215 215 215 215 215 215 214 214 214 214 214 214 214 214 214 214 214 214 214 214 214 213 213 214 214 213 213 214 213 213 213 213 213 213 213 214 214 214 213 213 213 213 214 213 214 213 213 213 213 213 213 214 213 213 213 213 213 213 213 213 213 213 213 212 212 212 212 212 213 213 213 212 212 212 212 212 212 212 212 212 213 213 212 211 211 211 210 210 210 210 211 210 210 210 210 210 210 210 210 210 210 210 210 211 211 210 210 210 210 210 210 210 210 210 210 210 210 210 210 210 210 209 209 210 209 209 209 209 209 209 210 209 209 209 209 209 209 209 208 208 209 209 209 209 209 209 209 209 NA NA NA NA NA NA NA NA NA NA NA NA NA NA NA NA NA NA NA NA NA NA NA NA NA NA NA NA NA NA NA NA NA NA NA NA NA NA NA NA NA NA NA NA NA NA NA NA NA NA NA NA NA
NA NA NA NA NA NA NA NA NA NA NA NA NA NA NA NA NA NA NA NA NA NA NA NA NA NA NA NA NA NA NA NA NA NA NA NA NA NA NA NA NA 224 223 223 223 223 222 222 223 223 223 222 223 223 224 223 223 223 223 222 223 223 223 222 222 223 223 223 224 223 224 224 224 224 224 223 223 223 222 222 222 222 222 222 222 222 222 222 222 222 222 222 222 222 222 221 222 222 222 222 222 222 222 222 222 222 222 222 221 221 221 221 221 221 221 221 221 221 221 221 221 221 221 221 221 221 221 221 221 220 221 220 220 220 220 220 220 220 220 220 220 220 220 220 220 220 220 220 220 220 220 220 220 220 220 220 220 220 220 220 220 220 220 220 220 220 220 220 220 220 219 219 219 219 219 219 219 219 219 219 219 219 219 219 219 219 219 219 219 219 219 219 219 219 219 218 218 218 218 218 218 218 218 218 218 219 218 217 217 217 217 217 217 217 217 217 217 217 217 217 217 217 217 217 217 217 217 217 217 217 217 217 217 217 217 217 217 217 217 217 217 217 218 218 218 218 218 217 217 217 217 217 217 217 217 217 217 217 217 217 217 217 217 217 217 217 217 217 217 217 216 216 216 216 216 216 216 216 216 216 216 216 216 216 216 216 216 216 216 216 216 215 215 215 215 215 215 215 215 215 215 215 215 215 215 215 215 214 214 214 215 215 215 215 215 214 214 214 214 214 214 214 214 214 214 214 214 213 213 213 213 213 213 213 213 213 214 214 214 214 214 213 213 213 213 213 213 213 213 213 213 213 213 214 213 213 213 213 213 213 213 213 213 213 213 212 213 213 213 213 213 213 213 213 212 212 212 212 212 213 212 212 213 213 212 212 212 211 210 210 210 211 211 211 211 210 210 210 210 211 211 211 210 210 211 211 211 210 210 210 210 210 210 210 210 210 210 210 210 210 210 210 210 210 210 210 210 209 209 210 210 210 210 210 209 209 209 209 209 209 209 208 209 209 209 209 209 209 209 209 209 209 209 209 NA NA NA NA NA NA NA NA NA NA NA NA NA NA NA NA NA NA NA NA NA NA NA NA NA NA NA NA NA NA NA NA NA NA NA NA NA NA NA NA NA NA NA NA NA NA NA NA NA
NA NA NA NA NA NA NA NA NA NA NA NA NA NA NA NA NA NA NA NA NA NA NA NA NA NA NA NA NA NA NA NA NA NA NA NA NA NA NA NA NA 224 222 223 222 NA NA NA 222 223 223 223 224 223 223 223 223 223 223 222 223 224 223 223 222 223 223 223 223 223 223 224 223 223 224 224 224 223 223 223 222 222 222 222 222 222 222 222 222 222 222 222 222 222 222 222 222 222 222 222 222 222 222 222 222 222 222 222 222 221 221 221 221 221 221 221 221 221 221 221 221 221 221 221 221 221 221 221 221 220 220 220 220 220 220 220 220 220 220 220 220 220 221 220 220 220 220 220 220 220 220 220 220 220 220 220 220 220 220 220 220 220 220 220 220 220 220 220 220 220 220 219 220 219 219 219 219 219 219 219 219 219 219 219 219 219 219 219 219 219 219 219 219 219 218 218 218 218 218 218 218 218 218 218 218 218 218 218 217 217 217 217 217 217 217 217 217 217 217 217 217 217 217 217 217 217 217 217 217 217 217 217 217 217 217 217 217 217 217 217 217 217 218 218 218 218 218 217 217 217 218 218 218 218 217 218 217 217 217 217 217 217 217 217 217 217 217 217 217 217 217 216 216 216 217 217 217 217 217 216 216 216 216 216 216 216 216 216 216 216 215 215 215 215 215 216 215 215 215 215 215 215 215 215 215 215 215 215 215 215 215 215 215 215 215 215 214 214 214 214 214 214 214 213 214 215 214 214 213 213 213 213 214 213 213 213 214 214 214 214 214 213 213 213 213 213 213 213 213 214 213 213 213 213 213 213 213 213 213 213 213 213 213 214 213 213 213 213 213 213 213 213 213 213 213 212 212 213 213 213 213 212 213 213 213 213 213 212 211 210 210 211 211 211 211 211 211 211 211 211 211 211 210 210 211 211 211 211 211 210 210 210 210 211 211 211 211 211 210 210 210 210 210 210 210 210 210 210 210 210 210 210 210 210 210 210 210 210 209 209 209 209 209 209 209 209 209 209 209 209 209 209 209 209 209 209 209 209 209 209 209 209 NA NA NA NA NA NA NA NA NA NA NA NA NA NA NA NA NA NA NA NA NA NA NA NA NA NA NA NA NA NA NA NA NA NA NA NA NA NA NA NA NA
NA NA NA NA NA NA NA NA NA NA NA NA NA NA NA NA NA NA NA NA NA NA NA NA NA NA NA NA NA NA NA NA NA NA NA NA NA NA NA NA NA NA NA NA NA NA NA NA 222 222 223 223 223 223 223 222 222 222 222 223 223 223 223 222 223 223 224 223 222 223 223 223 223 223 223 224 224 224 223 223 222 222 222 222 222 222 222 222 222 222 222 222 222 222 222 222 222 222 222 222 222 222 222 222 222 222 222 222 221 221 221 221 221 221 221 221 221 221 221 221 221 221 221 221 221 221 221 220 220 220 220 220 220 220 220 220 220 220 220 220 220 220 221 221 221 221 221 220 220 220 220 220 221 220 220 220 220 220 220 220 220 220 220 220 220 220 220 220 220 220 220 220 219 219 220 219 219 219 220 220 219 219 219 219 219 219 219 219 219 219 219 219 219 219 218 218 218 218 218 218 218 218 218 218 218 218 218 218 218 218 217 217 217 217 217 217 217 217 217 217 217 217 217 217 217 217 217 217 217 217 217 217 217 217 217 217 217 217 217 217 217 217 218 218 218 218 218 217 217 218 218 218 218 218 218 218 218 218 217 217 217 217 217 217 217 217 217 217 217 217 217 217 217 217 217 217 217 217 217 217 217 216 216 216 216 216 216 216 216 216 216 216 216 215 215 215 215 215 215 215 215 215 215 215 215 215 215 215 215 215 215 215 215 215 215 215 215 214 214 214 214 214 214 213 213 214 214 214 213 213 213 214 214 213 213 213 214 214 214 214 214 213 213 213 214 214 213 213 213 214 213 213 213 213 213 213 213 213 213 213 213 213 213 214 214 214 213 213 213 213 213 213 213 213 212 213 212 213 212 213 213 212 213 213 213 213 213 212 211 211 211 211 212 211 211 211 211 211 211 211 211 211 211 211 211 211 211 211 211 210 210 211 211 211 211 211 211 211 211 211 211 211 210 210 210 210 210 210 210 210 210 210 210 210 210 210 210 210 209 209 209 209 209 209 210 210 210 210 210 210 210 210 210 210 210 210 209 209 209 209 209 209 209 NA NA NA NA NA NA NA NA NA NA NA NA NA NA NA NA NA NA NA NA NA NA NA NA NA NA NA NA NA NA NA NA NA NA NA NA NA NA NA NA
NA NA NA NA NA NA NA NA NA NA NA NA NA NA NA NA NA NA NA NA NA NA NA NA NA NA NA NA NA NA NA NA NA NA NA NA NA NA NA NA NA NA NA NA NA NA NA NA NA 222 222 222 222 222 222 NA NA 222 222 NA NA 222 223 222 222 223 223 223 223 223 223 222 222 222 222 223 223 223 223 224 223 223 223 223 222 222 222 222 222 222 222 222 222 222 222 222 222 222 222 222 222 222 222 222 222 222 221 222 221 222 222 221 221 221 221 221 221 221 221 221 221 221 221 221 221 221 221 220 220 220 220 220 220 220 220 220 220 220 220 220 220 220 221 221 221 221 221 221 220 220 221 220 220 220 220 220 220 220 220 220 220 220 220 220 220 220 220 220 220 220 220 220 220 220 220 219 219 219 219 219 219 219 219 219 219 219 219 219 219 219 219 219 218 219 219 218 218 218 218 218 218 218 218 218 219 219 218 218 219 218 218 218 218 218 217 217 217 217 218 217 217 217 217 217 217 217 217 217 217 217 217 217 217 217 217 217 217 217 217 217 217 217 218 218 218 218 218 218 218 218 218 218 218 218 218 218 218 218 218 218 217 217 217 217 217 217 217 217 217 217 217 217 217 217 217 217 217 217 217 217 217 217 217 216 216 216 216 216 216 216 216 216 216 216 216 216 216 216 215 215 215 215 215 215 215 215 215 215 215 215 215 215 215 215 215 215 215 214 214 214 214 214 214 214 214 214 213 213 214 213 213 214 214 213 213 213 214 214 214 214 214 214 213 214 214 214 214 213 214 214 213 213 214 213 213 213 213 213 213 214 213 213 213 213 214 214 214 214 213 213 213 213 213 213 213 213 213 213 213 213 213 213 213 213 213 213 213 211 211 211 211 211 212 211 211 211 211 211 211 211 211 211 211 212 211 211 211 211 211 211 211 211 211 211 211 211 211 211 211 211 211 211 211 211 211 211 211 211 211 211 211 210 210 210 210 210 209 209 209 209 209 209 209 210 210 210 210 210 210 210 210 210 210 210 210 210 210 210 210 210 210 210 209 209 NA NA NA NA NA NA NA NA NA NA NA NA NA NA NA NA NA NA NA NA NA NA NA NA NA NA NA NA NA NA NA NA NA NA NA NA NA NA NA
NA NA NA NA NA NA NA NA NA NA NA NA NA NA NA NA NA NA NA NA NA NA NA NA NA NA NA NA NA NA NA NA NA NA NA NA NA NA NA NA NA NA NA NA NA NA NA NA NA NA 222 222 NA NA NA NA NA NA NA NA NA 222 222 222 222 223 223 223 223 223 222 222 222 222 222 223 223 223 223 223 223 223 223 223 223 223 223 223 223 223 222 222 222 222 222 222 223 222 222 222 222 222 222 222 222 222 221 222 222 222 222 222 222 221 222 222 222 222 221 221 221 221 221 221 221 221 220 221 221 220 220 220 220 220 220 220 220 220 220 220 220 220 221 221 221 221 221 221 221 220 221 220 220 221 221 220 220 220 220 220 220 220 220 220 220 220 220 220 220 220 220 220 220 220 220 220 220 219 219 219 219 219 219 219 219 219 219 219 219 219 219 219 218 218 219 218 218 218 218 218 218 218 218 218 218 219 219 219 219 218 218 219 219 219 218 217 217 218 218 218 217 217 217 217 217 217 217 217 217 217 217 217 217 217 217 217 217 217 217 217 217 217 218 218 218 218 218 218 218 218 218 218 218 218 218 218 218 218 218 218 218 218 217 217 217 217 217 217 217 217 217 217 217 217 217 217 217 217 217 217 217 217 217 217 217 216 216 216 216 216 216 216 216 216 216 216 216 216 216 216 215 215 216 215 215 215 215 215 215 215 215 215 215 215 215 215 215 214 214 214 214 214 214 215 215 214 213 213 213 213 213 214 214 213 213 214 214 214 214 214 214 214 214 214 214 214 214 214 214 214 214 214 214 214 214 214 213 213 214 214 213 214 214 214 214 214 214 214 214 213 214 214 213 213 213 213 213 213 213 213 213 213 213 213 213 213 213 212 211 211 211 212 212 211 211 212 211 212 212 211 211 211 211 212 212 212 212 211 211 211 211 211 211 211 211 211 211 211 211 211 211 211 211 211 211 211 211 211 211 211 211 211 210 210 210 210 210 210 210 210 210 209 210 210 210 210 210 210 210 210 210 210 210 210 210 210 210 210 210 210 210 210 210 210 NA NA NA NA NA NA NA NA NA NA NA NA NA NA NA NA NA NA NA NA NA NA NA NA NA NA NA NA NA NA NA NA NA NA NA NA NA NA NA
NA NA NA NA NA NA NA NA NA NA NA NA NA NA NA NA NA NA NA NA NA NA NA NA NA NA NA NA NA NA NA NA NA NA NA NA NA NA NA NA NA NA NA NA NA NA NA NA NA NA NA NA NA NA NA NA NA NA NA NA NA 222 222 222 222 223 223 223 222 222 222 223 223 223 223 223 223 222 222 222 223 222 222 222 222 223 224 224 224 224 223 222 222 222 222 222 223 223 222 222 222 222 222 222 221 222 222 222 222 222 222 222 221 221 221 221 221 221 221 221 221 221 221 220 220 220 221 221 221 221 221 221 220 220 220 220 220 220 220 220 220 220 221 221 221 221 221 221 221 221 221 221 220 220 221 221 220 220 220 220 220 220 220 220 220 220 220 220 220 220 220 220 220 220 220 220 220 219 220 220 220 220 220 219 219 219 219 219 219 219 219 219 219 219 219 219 218 218 218 218 218 218 218 218 218 218 218 219 219 218 218 218 218 218 218 218 218 218 218 218 218 217 217 217 217 217 217 217 217 217 217 217 217 217 217 217 217 217 217 217 217 217 218 218 218 218 218 218 218 218 218 218 218 218 218 218 218 218 218 218 218 218 218 218 218 217 217 217 217 217 217 217 217 217 217 217 217 217 217 217 217 217 217 217 217 216 216 216 216 216 216 216 216 216 216 216 216 216 216 216 216 216 216 216 216 215 215 215 215 215 215 215 215 215 215 215 215 214 214 214 214 214 214 215 215 214 214 214 213 214 214 214 214 214 213 213 213 214 214 214 214 214 214 214 214 214 214 214 214 214 214 214 214 214 214 213 213 213 214 213 214 214 214 214 214 214 214 214 214 214 214 214 214 214 213 213 213 213 213 214 213 213 213 213 213 213 212 212 211 212 212 212 212 212 212 212 212 212 212 211 211 212 211 211 212 212 213 212 211 211 211 211 211 211 211 211 211 211 211 211 211 211 211 211 211 211 211 211 211 211 211 211 211 210 210 210 210 210 210 210 210 210 210 210 210 210 210 210 210 210 210 210 210 210 210 210 210 210 210 210 210 210 210 210 NA NA NA NA NA NA NA NA NA NA NA NA NA NA NA NA NA NA NA NA NA NA NA NA NA NA NA NA NA NA NA NA NA NA NA NA NA NA NA
NA NA NA NA NA NA NA NA NA NA NA NA NA NA NA NA NA NA NA NA NA NA NA NA NA NA NA NA NA NA NA NA NA NA NA NA NA NA NA NA NA NA NA NA NA NA NA NA NA NA NA NA NA NA NA NA NA NA NA NA NA NA NA 222 223 223 223 223 223 222 222 223 223 223 223 224 223 223 222 222 222 222 222 222 222 222 223 223 223 223 224 223 223 222 222 223 223 223 222 222 222 222 222 221 222 222 222 222 222 222 222 222 221 221 222 222 221 222 221 221 222 221 221 221 221 221 221 221 220 221 221 221 221 220 220 220 221 221 220 220 220 220 221 221 221 221 221 221 221 220 221 221 220 220 221 221 220 220 220 220 220 220 220 220 220 220 220 220 220 220 220 220 220 220 220 220 220 220 220 220 220 220 220 220 219 220 219 219 219 219 219 219 218 218 218 219 219 218 218 218 218 218 219 218 218 218 218 219 219 218 219 218 218 218 218 218 218 218 218 218 218 218 217 218 218 217 217 217 217 217 217 217 217 217 217 217 217 217 217 217 217 217 218 218 218 218 218 218 218 218 218 218 218 217 218 218 218 218 218 218 218 218 218 218 218 218 217 217 217 217 217 217 217 217 217 217 217 217 217 217 217 217 217 217 217 217 216 216 216 216 216 216 216 216 216 216 216 216 216 216 216 216 216 216 216 216 216 216 215 215 215 215 215 215 215 215 215 215 215 215 215 215 215 215 214 214 214 214 214 214 214 214 214 213 214 213 213 214 214 214 214 214 214 214 214 214 214 214 214 214 214 214 214 214 214 213 214 214 214 213 214 214 214 214 214 214 214 214 214 214 214 214 214 214 214 213 213 213 213 214 213 213 213 213 213 213 213 212 212 212 212 212 212 212 212 212 212 212 212 212 212 212 212 212 212 212 212 213 212 211 211 211 211 211 211 212 212 212 212 211 211 211 211 211 211 211 211 211 211 211 211 211 211 211 210 210 210 210 210 211 210 210 210 210 210 210 211 211 211 211 211 211 211 210 210 210 210 210 210 210 210 210 210 210 NA NA NA NA NA NA NA NA NA NA NA NA NA NA NA NA NA NA NA NA NA NA NA NA NA NA NA NA NA NA NA NA NA NA NA NA NA NA NA
NA NA NA NA NA NA NA NA NA NA NA NA NA NA NA NA NA NA NA NA NA NA NA NA NA NA NA NA NA NA NA NA NA NA NA NA NA NA NA NA NA NA NA NA NA NA NA NA NA NA NA NA NA NA NA NA NA NA NA NA NA NA NA NA 222 222 222 222 222 223 223 223 223 223 223 223 223 223 222 222 223 223 223 223 223 222 222 222 223 222 223 223 224 223 223 223 224 223 223 223 222 222 221 222 222 222 222 222 222 222 222 221 221 222 222 222 222 222 222 222 222 222 222 222 221 221 221 220 221 221 221 221 221 221 221 221 221 221 221 221 220 220 221 221 221 221 221 220 220 220 220 220 220 220 220 220 220 220 220 220 220 220 220 220 220 220 220 220 220 220 220 220 220 220 220 220 220 220 220 220 220 219 219 220 219 219 219 219 219 219 219 219 219 219 219 219 218 218 218 218 218 218 218 218 218 218 218 219 219 219 219 218 219 218 218 218 218 218 218 218 218 218 218 218 218 217 217 217 218 217 217 217 217 217 217 217 217 217 217 217 217 217 218 218 218 218 218 218 218 218 218 218 218 217 217 218 218 218 218 218 218 218 218 218 217 217 217 217 217 217 217 217 217 217 217 217 217 217 217 217 217 217 217 217 217 217 217 217 216 216 216 216 216 216 216 216 216 216 216 216 216 216 216 216 216 216 216 216 216 215 215 215 215 215 215 215 215 215 215 216 216 215 215 215 215 214 214 214 215 214 214 214 214 214 214 214 214 214 215 214 214 214 214 214 214 214 214 214 214 214 214 214 214 214 214 214 214 214 214 214 214 214 214 214 214 214 214 214 214 214 214 214 214 214 214 213 213 213 214 214 214 213 213 213 213 213 213 212 212 212 212 212 212 212 213 213 213 212 212 212 212 212 212 212 212 212 212 213 212 212 211 212 211 211 211 211 212 212 212 212 212 212 212 211 211 211 211 211 211 211 211 211 211 211 211 211 210 211 211 211 210 210 210 210 210 211 211 211 211 211 211 211 211 211 211 210 211 210 210 211 210 210 210 NA NA NA NA NA NA NA NA NA NA NA NA NA NA NA NA NA NA NA NA NA NA NA NA NA NA NA NA NA NA NA NA NA NA NA NA NA NA NA NA
NA NA NA NA NA NA NA NA NA NA NA NA NA NA NA NA NA NA NA NA NA NA NA NA NA NA NA NA NA NA NA NA NA NA NA NA NA NA NA NA NA NA NA NA NA NA NA NA NA NA NA NA NA NA NA NA NA NA NA NA NA NA NA NA 222 223 223 223 223 223 223 223 223 223 223 222 223 222 222 223 223 223 223 223 224 223 223 223 223 222 223 224 224 224 224 224 224 223 223 223 222 222 222 222 222 222 222 222 222 222 222 222 222 222 222 222 222 222 222 222 222 222 222 222 221 221 221 221 221 221 221 221 221 221 221 221 221 221 221 220 221 220 221 221 221 221 221 221 221 221 221 220 220 220 220 220 220 220 220 220 220 220 220 220 220 220 220 220 220 220 220 220 220 220 220 220 220 220 220 220 219 219 219 219 219 220 219 219 219 219 219 219 219 219 219 219 218 219 219 218 218 218 219 218 218 218 218 219 219 219 219 218 218 218 218 218 219 219 218 218 218 218 218 218 218 217 217 217 218 218 217 217 217 217 217 217 217 217 217 217 217 217 218 219 218 218 218 218 218 218 218 218 218 218 218 218 218 218 218 218 218 218 218 218 218 217 217 217 217 217 217 217 217 217 217 217 217 217 217 217 217 217 217 217 217 217 217 217 217 216 216 216 216 216 216 216 216 216 216 216 216 216 216 216 216 216 216 216 216 216 216 215 215 215 215 215 215 216 215 216 216 215 215 215 215 215 214 214 215 214 214 214 214 214 214 214 214 215 215 215 215 214 214 214 214 214 214 214 214 214 214 214 214 214 214 214 214 214 214 214 214 214 214 214 214 214 214 214 214 214 215 214 214 214 214 213 214 214 214 214 214 213 214 213 213 214 214 213 212 212 212 212 212 213 213 213 213 212 212 212 212 212 212 212 212 212 212 213 213 213 212 212 212 212 211 211 212 212 212 212 212 212 212 211 211 211 212 211 211 211 211 211 211 211 211 211 211 211 211 211 211 210 210 210 211 211 211 211 211 211 211 211 211 211 211 211 211 211 211 211 211 211 211 NA NA NA NA NA NA NA NA NA NA NA NA NA NA NA NA NA NA NA NA NA NA NA NA NA NA NA NA NA NA NA NA NA NA NA NA NA NA NA NA
NA NA NA NA NA NA NA NA NA NA NA NA NA NA NA NA NA NA NA NA NA NA NA NA NA NA NA NA NA NA NA NA NA NA NA NA NA NA NA NA NA NA NA NA NA NA NA NA NA NA NA NA NA NA NA NA NA NA NA NA NA NA NA 222 222 223 223 224 223 223 223 223 222 222 222 223 223 223 223 223 223 223 223 223 224 224 224 224 223 222 222 222 223 223 223 223 223 223 223 223 223 222 222 223 223 222 222 222 221 222 222 222 222 222 222 222 222 222 222 222 222 222 221 221 221 221 221 221 221 221 221 221 221 221 221 221 221 221 221 221 221 221 221 221 221 221 221 221 221 221 221 221 221 220 221 221 221 220 220 220 220 220 220 220 220 220 220 220 220 220 220 220 220 220 220 220 220 220 219 219 219 220 220 220 220 220 220 219 219 219 219 219 219 219 219 218 218 219 219 219 218 219 219 219 219 219 219 219 219 219 219 219 219 218 219 219 219 219 218 218 218 218 218 218 217 217 217 218 217 218 218 217 217 218 218 218 217 217 218 217 217 217 218 218 219 218 218 218 218 218 218 218 218 218 218 218 218 218 218 218 218 218 218 218 217 217 217 217 217 217 217 217 217 217 217 217 217 217 217 217 217 217 217 217 217 217 217 217 217 217 217 216 216 216 216 216 216 216 216 216 216 216 216 216 216 216 216 216 216 216 216 216 215 216 215 216 215 216 216 216 216 216 216 215 215 215 215 215 214 215 214 214 214 214 214 214 214 215 215 215 215 215 214 214 214 214 214 214 214 214 214 214 214 214 214 214 214 214 214 214 214 214 214 214 214 214 215 215 215 215 215 214 214 214 214 214 214 214 214 214 214 214 214 214 213 214 214 213 212 212 212 212 213 213 213 213 213 212 212 212 212 212 213 212 212 212 213 213 214 213 212 212 212 212 212 212 212 212 212 212 212 212 212 212 212 212 212 212 212 212 212 212 212 211 211 211 211 211 211 211 211 210 210 211 211 211 211 211 211 211 211 211 211 211 211 211 211 211 211 211 211 211 211 NA NA NA NA NA NA NA NA NA NA NA NA NA NA NA NA NA NA NA NA NA NA NA NA NA NA NA NA NA NA NA NA NA NA NA NA NA NA NA NA
NA NA NA NA NA NA NA NA NA NA NA NA NA NA NA NA NA NA NA NA NA NA NA NA NA NA NA NA NA NA NA NA NA NA NA NA NA NA NA NA NA NA NA NA NA NA NA NA NA NA NA NA NA NA NA NA NA NA NA NA NA NA NA NA NA 223 223 223 223 223 222 222 222 223 223 223 223 223 223 222 223 223 222 223 223 223 223 224 224 223 223 223 222 223 223 223 223 224 224 223 223 223 223 223 223 222 222 222 222 222 222 222 222 222 222 222 222 222 222 222 222 222 221 221 221 221 221 221 221 221 221 221 221 221 221 221 221 221 221 221 221 221 221 221 221 221 221 221 221 221 221 221 221 221 221 221 221 220 220 220 220 220 220 220 220 220 220 220 220 220 220 220 220 220 220 220 220 220 220 219 219 219 219 220 219 219 219 220 220 220 219 219 219 219 219 219 218 218 219 219 219 219 219 219 219 219 219 219 219 219 219 219 219 219 219 219 219 218 218 218 218 218 218 218 217 218 218 218 218 218 218 218 218 218 218 217 217 217 218 218 217 217 218 219 219 219 219 219 218 218 218 218 218 218 218 218 218 218 218 218 218 218 218 218 218 217 217 217 218 218 218 217 217 217 217 217 217 217 217 217 217 217 217 217 217 217 217 217 217 217 217 217 216 216 216 216 216 216 216 216 216 216 216 216 216 216 216 216 216 216 216 216 216 216 215 216 216 216 216 216 216 216 216 216 215 216 215 215 215 215 215 214 214 213 214 213 214 215 215 215 215 215 215 215 214 214 214 214 214 214 214 214 214 214 214 214 214 214 214 214 214 214 214 214 214 214 214 215 215 215 214 215 215 214 214 214 214 214 215 215 214 214 214 214 214 214 214 214 213 212 212 212 212 213 213 213 213 213 212 212 212 212 213 212 213 213 213 213 213 213 212 212 212 212 212 212 212 212 212 212 212 212 212 212 212 212 212 212 212 212 212 212 212 212 212 212 212 212 211 211 211 211 211 211 211 211 211 211 211 211 211 211 211 211 211 211 211 211 211 211 211 211 NA NA NA NA NA NA NA NA NA NA NA NA NA NA NA NA NA NA NA NA NA NA NA NA NA NA NA NA NA NA NA NA NA NA NA NA NA NA NA NA NA
NA NA NA NA NA NA NA NA NA NA NA NA NA NA NA NA NA NA NA NA NA NA NA NA NA NA NA NA NA NA NA NA NA NA NA NA NA NA NA NA NA NA NA NA NA NA NA NA NA NA NA NA NA NA NA NA NA NA NA NA NA NA NA NA NA 223 223 223 222 223 223 223 223 223 223 223 223 223 223 223 223 223 223 222 222 222 223 223 224 224 223 223 223 223 223 223 223 223 224 224 223 223 222 223 223 223 222 222 222 222 222 222 222 222 222 222 222 222 222 222 222 222 221 221 221 221 221 222 221 221 221 221 221 221 221 221 221 221 221 221 221 221 221 221 221 221 221 221 221 221 221 221 221 221 221 221 221 220 220 220 220 220 220 220 220 220 220 220 220 220 220 220 220 220 220 220 220 220 220 220 220 220 220 219 220 220 220 220 220 220 220 219 219 219 219 219 219 219 218 219 219 219 219 219 219 219 219 219 219 219 219 219 219 219 219 219 219 219 218 218 218 218 218 218 218 218 218 218 218 218 218 218 218 218 217 217 218 218 217 218 217 218 219 219 219 219 219 218 218 218 218 219 218 218 218 218 218 218 218 218 218 218 218 218 218 218 218 218 218 218 218 218 217 217 217 218 218 218 218 217 217 217 217 217 217 217 217 217 217 217 217 217 217 216 216 216 216 216 216 216 216 216 216 216 216 216 216 216 216 216 216 216 216 216 216 216 216 216 216 216 216 216 216 216 216 216 216 215 215 215 215 215 214 214 214 214 214 215 215 215 215 215 215 215 215 215 214 214 214 214 214 214 214 214 214 214 214 214 214 214 214 214 214 214 215 215 214 214 214 214 214 215 215 215 215 215 214 214 214 215 214 214 214 214 214 214 214 215 213 213 212 212 212 213 213 213 213 213 213 212 212 212 212 213 213 213 213 213 213 213 213 213 212 212 212 212 212 212 212 213 213 213 212 212 212 212 212 212 212 212 212 212 212 212 212 212 212 211 211 211 211 211 211 211 211 211 211 212 212 212 212 212 212 212 212 211 211 211 212 212 NA NA NA NA NA NA NA NA NA NA NA NA NA NA NA NA NA NA NA NA NA NA NA NA NA NA NA NA NA NA NA NA NA NA NA NA NA NA NA NA NA NA NA
NA NA NA NA NA NA NA NA NA NA NA NA NA NA NA NA NA NA NA NA NA NA NA NA NA NA NA NA NA NA NA NA NA NA NA NA NA NA NA NA NA NA NA NA NA NA NA NA NA NA NA NA NA NA NA NA NA NA NA NA NA NA NA NA NA 223 223 223 223 223 223 223 223 223 223 223 223 223 224 224 223 223 223 223 222 222 223 223 225 225 225 224 223 222 223 224 224 224 224 224 223 223 222 222 222 222 223 223 223 222 222 222 222 222 222 222 222 222 222 222 222 222 222 221 221 221 221 221 221 221 221 221 221 221 221 221 221 221 221 221 221 221 222 222 222 221 222 221 221 221 222 221 221 221 221 221 221 221 220 220 220 221 221 221 221 220 220 220 220 220 220 220 220 220 220 219 220 220 220 220 220 220 220 220 220 220 220 220 220 220 220 220 219 219 219 219 220 219 219 219 219 220 219 219 219 219 219 219 219 219 219 218 218 219 218 218 219 219 218 218 218 218 218 218 218 218 218 218 218 218 218 218 218 218 217 218 218 218 218 218 218 218 219 219 219 219 219 219 218 218 218 219 219 218 218 218 218 218 218 218 218 218 218 218 218 218 218 218 218 218 218 218 217 217 217 218 218 218 218 217 217 217 217 217 217 217 217 217 217 217 217 217 217 217 217 216 216 216 216 216 216 216 216 216 216 216 216 216 216 216 216 216 216 216 216 216 216 216 216 216 216 216 216 216 216 216 216 215 215 216 215 215 214 214 214 215 215 215 215 215 215 215 215 215 215 215 215 215 215 215 214 214 214 214 214 214 214 214 214 214 214 214 214 215 214 214 214 214 214 214 214 214 214 214 215 215 215 214 214 215 214 214 214 214 214 214 214 214 215 214 213 212 213 213 213 213 213 213 213 213 212 213 213 213 213 213 213 213 213 213 214 213 213 213 213 213 212 212 213 213 213 213 213 213 212 212 212 212 212 212 212 212 212 212 212 212 211 211 211 211 211 211 212 212 211 211 211 212 212 212 212 212 212 212 212 212 212 212 212 NA NA NA NA NA NA NA NA NA NA NA NA NA NA NA NA NA NA NA NA NA NA NA NA NA NA NA NA NA NA NA NA NA NA NA NA NA NA NA NA NA NA NA NA
NA NA NA NA NA NA NA NA NA NA NA NA NA NA NA NA NA NA NA NA NA NA NA NA NA NA NA NA NA NA NA NA NA NA NA NA NA NA NA NA NA NA NA NA NA NA NA NA NA NA NA NA NA NA NA NA NA NA NA NA NA NA NA NA NA 223 223 223 223 223 223 223 223 223 224 224 223 223 223 223 223 223 223 224 223 223 223 223 224 224 225 225 224 223 223 223 223 224 224 224 223 223 223 223 222 222 223 223 223 223 223 223 222 222 222 222 222 222 222 222 222 222 221 221 221 221 221 221 222 222 222 222 221 221 221 220 220 221 221 221 221 221 222 222 222 221 222 222 222 221 221 221 221 221 221 221 221 221 221 221 221 221 221 221 221 220 220 220 220 220 220 221 220 221 220 220 220 220 220 220 220 220 220 220 220 220 219 220 220 220 220 220 220 219 220 219 219 219 219 219 220 219 219 219 219 219 219 218 218 218 218 218 218 218 218 218 218 219 219 218 218 218 218 218 218 218 218 218 218 218 218 218 218 218 218 218 218 218 218 218 218 218 219 219 219 219 219 219 218 219 219 219 219 218 218 218 218 218 218 218 218 218 218 218 218 218 218 218 218 218 218 218 217 217 218 218 218 218 218 217 217 217 217 217 217 217 217 217 217 217 217 217 217 217 217 217 217 216 216 216 216 216 216 216 216 216 216 216 216 216 216 216 216 216 216 216 216 216 216 216 217 216 216 216 216 216 215 215 215 216 216 215 214 214 214 214 215 215 216 216 216 216 216 215 215 215 215 215 215 215 215 214 215 215 215 214 214 214 214 214 214 214 214 214 215 215 215 215 214 215 214 214 215 214 215 215 215 214 215 215 214 214 214 214 214 214 214 214 214 215 214 213 213 213 213 213 213 214 214 213 213 213 213 213 213 213 213 213 213 213 213 213 213 213 213 213 213 213 213 213 213 213 213 213 213 213 213 213 213 212 212 212 212 212 212 212 212 211 211 212 212 212 212 212 212 212 212 212 212 212 212 212 212 212 212 212 212 212 212 NA NA NA NA NA NA NA NA NA NA NA NA NA NA NA NA NA NA NA NA NA NA NA NA NA NA NA NA NA NA NA NA NA NA NA NA NA NA NA NA NA NA NA NA
NA NA NA NA NA NA NA NA NA NA NA NA NA NA NA NA NA NA NA NA NA NA NA NA NA NA NA NA NA NA NA NA NA NA NA NA NA NA NA NA NA NA NA NA NA NA NA NA NA NA NA NA NA NA NA NA NA NA NA NA NA NA NA NA NA NA NA NA 223 222 222 222 223 223 224 223 223 223 222 222 223 223 224 224 224 224 224 223 223 223 224 224 225 224 224 223 223 223 224 224 224 225 224 224 223 222 222 223 223 223 223 223 223 223 222 222 222 222 222 222 222 222 221 221 221 221 221 221 221 222 222 222 221 222 222 221 220 220 221 221 221 221 222 222 222 222 222 222 222 221 221 221 221 221 221 221 222 221 221 221 221 220 220 220 220 220 220 220 220 220 220 220 220 220 220 220 220 220 220 220 220 220 220 220 220 219 219 219 220 220 220 220 219 219 219 219 219 219 219 219 219 220 219 219 219 218 218 218 218 218 218 219 219 218 218 218 218 218 218 218 218 218 218 218 218 218 218 218 218 218 218 218 218 218 218 218 218 218 218 218 218 218 219 219 219 219 219 219 219 219 219 219 219 219 219 218 218 218 218 218 218 218 218 218 218 218 218 218 218 218 218 218 218 218 218 218 218 218 218 217 217 217 217 217 217 217 217 217 217 217 217 217 217 217 217 217 217 217 217 216 216 216 216 216 216 216 216 216 216 216 216 216 216 216 216 216 216 216 216 216 216 216 216 216 216 216 216 215 216 215 215 215 215 214 214 214 215 215 216 216 216 216 216 215 215 215 215 215 215 215 215 215 214 215 215 215 215 214 214 215 215 215 215 215 215 215 215 215 215 215 215 215 215 215 215 215 215 214 215 214 214 214 214 214 214 214 214 214 214 214 214 214 214 213 214 214 214 214 214 213 213 213 213 213 213 213 213 213 213 213 213 213 214 213 213 213 213 213 213 213 213 213 213 213 213 213 213 213 213 213 212 212 212 212 212 212 212 212 212 212 212 212 213 212 212 212 212 212 212 212 212 212 212 212 212 212 212 212 NA NA NA NA NA NA NA NA NA NA NA NA NA NA NA NA NA NA NA NA NA NA NA NA NA NA NA NA NA NA NA NA NA NA NA NA NA NA NA NA NA NA NA NA NA
NA NA NA NA NA NA NA NA NA NA NA NA NA NA NA NA NA NA NA NA NA NA NA NA NA NA NA NA NA NA NA NA NA NA NA NA NA NA NA NA NA NA NA NA NA NA NA NA NA NA NA NA NA NA NA NA NA NA NA NA NA NA NA NA NA NA NA NA NA NA 222 222 222 223 223 222 223 222 222 223 223 223 224 224 224 224 224 223 223 224 224 224 225 224 225 224 224 224 224 224 224 225 225 224 223 222 223 223 223 223 223 223 223 222 222 223 223 222 222 222 222 222 222 222 221 221 220 221 221 222 222 222 222 222 222 222 222 221 221 221 221 221 222 222 221 221 221 221 221 221 221 221 222 222 221 222 222 221 221 221 220 220 220 220 220 220 220 221 220 220 220 220 220 220 220 220 220 220 219 220 220 220 220 220 220 220 220 219 219 219 220 219 219 219 219 219 219 220 219 220 220 219 219 219 219 219 219 218 219 219 219 219 218 218 218 218 218 218 218 218 218 218 218 218 218 218 218 218 218 218 218 218 218 218 218 218 218 218 218 218 218 218 219 219 219 219 219 219 219 219 219 219 219 219 219 219 219 218 218 218 218 218 218 218 218 218 218 218 218 218 218 218 218 218 218 218 218 218 218 217 218 218 217 217 217 217 217 217 217 217 217 217 217 217 217 217 217 217 217 217 217 216 216 216 216 217 216 216 216 216 216 216 216 216 216 216 216 216 217 217 217 216 216 216 216 216 216 216 216 215 215 215 214 214 214 215 216 216 216 216 216 216 215 215 216 216 215 215 215 215 215 215 215 215 215 215 215 215 215 215 215 215 216 215 215 215 216 215 215 215 215 215 215 215 215 215 215 215 215 214 214 214 214 214 214 214 214 214 214 214 214 215 215 214 214 214 214 214 215 213 213 213 213 213 213 213 213 213 213 213 213 214 214 214 213 213 213 213 213 213 213 213 213 213 213 213 213 213 213 213 213 213 213 213 212 212 212 212 212 212 212 212 213 213 212 212 212 212 212 212 212 212 212 212 212 213 NA NA NA NA NA NA NA NA NA NA NA NA NA NA NA NA NA NA NA NA NA NA NA NA NA NA NA NA NA NA NA NA NA NA NA NA NA NA NA NA NA NA NA NA NA NA NA
NA NA NA NA NA NA NA NA NA NA NA NA NA NA NA NA NA NA NA NA NA NA NA NA NA NA NA NA NA NA NA NA NA NA NA NA NA NA NA NA NA NA NA NA NA NA NA NA NA NA NA NA NA NA NA NA NA NA NA NA NA NA NA NA NA NA NA NA NA NA NA 221 221 221 221 221 221 221 222 221 221 221 222 223 223 222 221 222 223 223 223 223 225 224 225 225 225 225 225 225 225 225 224 224 223 223 223 223 223 223 223 223 223 223 223 222 223 223 223 223 223 223 222 222 222 222 221 221 222 222 222 222 222 222 222 222 222 221 221 221 221 221 221 221 221 221 221 221 221 221 221 221 221 221 222 221 221 221 220 220 220 220 220 220 220 219 220 220 220 220 220 219 219 220 220 220 220 219 219 219 219 220 220 220 220 220 220 220 220 219 219 219 220 219 219 219 220 220 220 220 220 220 220 219 219 220 219 219 219 219 219 219 219 219 219 219 219 219 218 218 218 218 218 218 218 218 218 218 218 218 218 218 218 218 218 218 218 218 218 218 218 218 219 219 219 219 219 219 219 219 219 219 219 219 219 219 219 219 218 219 219 219 219 218 218 218 218 218 218 218 218 218 218 218 218 218 218 218 218 218 218 218 218 218 218 218 217 217 217 217 218 217 217 217 217 217 217 217 217 217 217 217 217 216 216 216 217 216 216 216 216 216 216 216 216 216 216 216 216 217 216 216 216 216 216 216 216 216 216 215 215 215 215 214 215 215 216 216 216 216 216 216 216 216 216 216 216 216 216 216 215 215 215 215 215 215 215 216 216 216 216 216 216 216 216 216 216 216 216 216 216 215 215 216 216 216 216 215 215 215 215 215 214 214 214 215 214 215 215 214 214 214 215 215 215 214 214 214 214 214 213 214 214 214 214 214 214 214 214 214 214 214 214 214 214 214 213 213 213 214 214 214 214 214 214 214 214 214 214 213 213 213 213 213 213 213 213 213 213 213 213 213 212 212 213 212 212 212 213 213 212 212 212 212 212 213 NA NA NA NA NA NA NA NA NA NA NA NA NA NA NA NA NA NA NA NA NA NA NA NA NA NA NA NA NA NA NA NA NA NA NA NA NA NA NA NA NA NA NA NA NA NA NA
NA NA NA NA NA NA NA NA NA NA NA NA NA NA NA NA NA NA NA NA NA NA NA NA NA NA NA NA NA NA NA NA NA NA NA NA NA NA NA NA NA NA NA NA NA NA NA NA NA NA NA NA NA NA NA NA NA NA NA NA NA NA NA NA NA NA NA NA NA NA NA NA 221 221 221 221 221 221 221 221 221 221 222 223 223 223 222 222 223 223 223 223 224 225 225 225 225 225 225 225 225 225 225 224 224 224 223 223 223 223 223 223 223 223 223 223 223 223 223 223 223 223 223 223 222 222 222 221 221 221 222 222 222 222 222 222 222 221 221 221 221 221 221 221 221 221 221 221 221 221 221 221 221 221 221 221 221 221 221 221 220 220 220 220 219 219 220 220 220 219 219 219 219 220 220 220 220 220 220 220 219 219 220 220 220 220 220 220 219 219 219 220 220 220 219 219 219 219 219 220 220 220 219 219 220 220 220 219 219 220 220 219 219 219 219 219 219 219 219 219 219 218 218 218 218 218 218 218 218 218 219 218 218 218 218 218 218 218 218 218 218 218 219 219 219 219 219 219 219 219 219 219 219 219 219 219 219 219 219 219 219 219 219 218 218 218 218 218 218 218 218 218 218 218 218 218 218 218 218 218 218 218 218 218 218 218 218 217 217 217 218 217 217 217 217 217 217 217 217 217 217 217 217 217 217 217 217 216 217 216 216 216 216 216 216 217 216 217 216 217 216 216 216 216 216 216 216 216 216 215 215 215 215 215 215 215 215 216 216 216 217 217 217 216 216 216 216 216 217 216 216 216 216 215 216 216 216 216 216 216 216 216 216 216 216 216 216 216 216 216 216 216 216 216 216 216 216 215 215 215 215 215 215 215 215 214 214 214 214 214 215 215 214 214 214 214 214 214 215 215 214 214 214 214 214 214 214 214 214 214 214 214 214 214 215 214 214 213 213 214 214 214 214 214 214 214 214 214 214 214 214 213 213 213 213 213 213 213 213 213 213 213 213 213 213 213 213 213 212 212 212 212 212 212 213 213 213 NA NA NA NA NA NA NA NA NA NA NA NA NA NA NA NA NA NA NA NA NA NA NA NA NA NA NA NA NA NA NA NA NA NA NA NA NA NA NA NA NA NA NA NA NA NA
NA NA NA NA NA NA NA NA NA NA NA NA NA NA NA NA NA NA NA NA NA NA NA NA NA NA NA NA NA NA NA NA NA NA NA NA NA NA NA NA NA NA NA NA NA NA NA NA NA NA NA NA NA NA NA NA NA NA NA NA NA NA NA NA NA NA NA NA NA NA NA NA 220 221 221 221 221 NA NA NA 221 221 222 221 221 221 222 221 222 222 223 223 224 225 225 225 225 225 225 225 224 224 224 224 224 224 224 224 224 224 224 224 224 223 223 223 223 224 223 223 223 223 223 223 222 222 221 221 222 222 221 221 221 221 221 222 222 222 221 221 222 222 222 222 222 221 222 221 221 221 221 221 221 221 221 221 221 221 221 221 221 221 221 221 221 221 221 221 221 220 220 220 220 220 221 221 221 220 220 220 220 219 219 219 220 220 220 220 220 219 219 220 220 220 220 220 219 219 219 220 220 220 219 219 219 220 220 219 219 220 220 219 219 219 219 219 219 218 218 218 218 218 218 219 219 218 218 218 218 218 219 219 218 219 218 219 218 218 219 218 218 218 219 220 220 220 220 219 219 219 219 219 219 219 219 219 219 219 219 219 219 219 218 218 218 218 218 218 218 218 218 218 218 218 218 218 218 218 218 218 218 218 218 218 218 218 218 218 218 217 218 218 217 217 217 217 217 217 217 217 217 217 217 217 217 217 217 217 217 217 217 216 216 216 216 216 216 217 217 217 217 216 216 216 216 216 216 216 216 216 216 215 215 215 215 215 216 216 217 217 217 217 218 217 217 217 217 217 217 217 216 216 216 216 216 216 216 216 216 216 216 216 216 216 216 216 217 216 216 216 216 216 216 216 216 216 216 216 215 215 215 216 215 216 215 215 214 214 214 214 215 215 214 214 214 214 214 214 214 215 215 214 214 214 214 214 214 215 214 215 215 215 214 214 214 214 214 214 214 214 214 214 214 214 214 214 214 214 214 214 214 214 213 213 213 213 213 213 213 213 213 213 213 213 213 213 213 213 213 213 213 213 213 213 213 213 NA NA NA NA NA NA NA NA NA NA NA NA NA NA NA NA NA NA NA NA NA NA NA NA NA NA NA NA NA NA NA NA NA NA NA NA NA NA NA NA NA NA NA NA NA NA NA
NA NA NA NA NA NA NA NA NA NA NA NA NA NA NA NA NA NA NA NA NA NA NA NA NA NA NA NA NA NA NA NA NA NA NA NA NA NA NA NA NA NA NA NA NA NA NA NA NA NA NA NA NA NA NA NA NA NA NA NA NA NA NA NA NA NA NA NA NA NA NA NA NA NA 220 221 NA NA NA NA 221 221 222 221 221 221 221 222 221 222 222 222 224 224 224 224 225 225 225 225 225 224 224 224 225 225 225 225 225 225 225 225 224 223 223 223 224 224 223 223 223 223 223 223 222 222 221 222 223 222 222 222 222 221 222 222 222 222 222 222 222 222 223 223 222 222 222 222 221 221 221 221 221 221 221 221 221 221 221 221 221 221 221 222 222 222 222 222 222 221 221 221 221 221 221 221 220 220 220 220 220 220 219 220 220 220 220 220 220 220 220 220 220 220 220 220 220 220 220 220 220 220 220 220 220 220 221 220 220 220 220 219 220 220 219 219 219 219 219 219 218 218 218 218 219 219 219 219 219 219 219 219 219 219 219 219 219 219 219 219 219 218 220 220 220 220 220 219 219 219 219 219 219 219 219 219 219 219 218 219 219 219 219 218 218 218 218 219 218 218 218 218 218 218 218 218 218 218 218 218 218 218 218 217 218 218 218 218 218 218 218 218 218 217 217 217 217 217 217 217 217 217 217 217 217 217 217 217 217 217 217 216 216 216 216 216 216 217 217 217 217 216 216 216 216 216 216 216 216 216 216 216 216 216 216 216 216 216 217 217 217 217 218 218 218 217 217 217 217 217 217 217 217 217 217 217 217 216 216 216 216 216 216 216 216 216 216 216 216 216 216 216 216 216 216 216 216 216 216 215 215 215 215 216 215 215 215 214 215 215 215 214 214 214 214 214 214 214 214 214 215 215 215 214 214 214 214 215 215 215 215 215 215 215 214 214 214 214 214 214 214 214 214 214 214 214 214 214 214 214 214 214 214 214 213 213 213 213 213 213 213 213 214 214 214 213 213 213 213 213 213 213 213 213 213 213 NA NA NA NA NA NA NA NA NA NA NA NA NA NA NA NA NA NA NA NA NA NA NA NA NA NA NA NA NA NA NA NA NA NA NA NA NA NA NA NA NA NA NA NA NA NA NA
NA NA NA NA NA NA NA NA NA NA NA NA NA NA NA NA NA NA NA NA NA NA NA NA NA NA NA NA NA NA NA NA NA NA NA NA NA NA NA NA NA NA NA NA NA NA NA NA NA NA NA NA NA NA NA NA NA NA NA NA NA NA NA NA NA NA NA NA NA NA NA NA NA NA NA NA NA NA NA 221 221 221 221 221 221 222 222 223 223 222 222 223 224 224 225 225 225 224 225 225 225 225 224 224 224 224 225 225 225 224 225 225 224 224 223 223 223 223 223 223 223 223 223 222 222 222 222 222 222 222 222 222 222 222 221 222 222 222 222 222 222 223 223 223 223 223 222 222 222 222 221 221 221 221 221 221 221 221 221 222 222 222 222 222 222 222 222 222 222 222 221 221 221 221 221 220 220 220 220 220 220 220 219 220 220 220 220 220 220 220 220 219 220 219 220 220 220 220 220 220 220 220 220 221 221 221 221 221 221 220 219 219 219 219 219 219 219 219 219 219 218 218 218 218 219 219 219 219 219 219 219 219 219 219 219 219 219 219 219 219 219 219 220 220 220 220 220 220 220 220 219 219 219 219 219 219 219 219 219 219 219 219 218 218 218 218 219 219 219 218 218 218 218 218 218 218 218 218 218 218 218 218 218 218 218 218 218 218 218 218 218 218 218 218 218 217 217 217 217 217 217 217 217 217 217 217 217 217 217 217 217 217 216 216 216 216 217 217 216 216 216 216 216 216 216 216 216 216 216 216 216 216 216 216 216 216 217 217 217 217 218 218 218 218 218 218 218 217 217 217 217 217 217 217 218 217 217 216 217 217 217 216 216 216 216 216 216 216 216 216 216 216 216 216 217 217 217 217 216 216 215 215 215 216 215 215 215 215 215 215 215 215 214 214 214 214 214 214 215 215 215 215 215 215 214 214 214 214 215 215 215 215 215 214 214 214 214 214 214 214 214 214 214 214 214 214 214 214 214 214 214 214 214 214 214 214 213 213 214 214 214 213 213 214 214 214 213 213 213 213 213 213 213 213 213 213 NA NA NA NA NA NA NA NA NA NA NA NA NA NA NA NA NA NA NA NA NA NA NA NA NA NA NA NA NA NA NA NA NA NA NA NA NA NA NA NA NA NA NA NA NA NA NA
NA NA NA NA NA NA NA NA NA NA NA NA NA NA NA NA NA NA NA NA NA NA NA NA NA NA NA NA NA NA NA NA NA NA NA NA NA NA NA NA NA NA NA NA NA NA NA NA NA NA NA NA NA NA NA NA NA NA NA NA NA NA NA NA NA NA NA NA NA NA NA NA NA NA NA NA NA NA 221 221 221 221 221 221 221 221 222 222 223 223 223 224 225 225 225 224 224 225 224 225 225 225 224 224 224 224 223 224 224 224 224 224 224 224 224 224 223 223 223 223 222 222 222 222 222 222 223 223 223 223 223 223 223 222 222 222 222 223 223 223 223 223 224 224 224 223 223 223 222 223 222 222 222 222 221 221 221 222 222 222 222 222 222 222 222 222 222 222 222 222 222 221 221 221 221 221 221 220 220 220 221 220 220 220 220 220 220 220 220 220 220 220 220 220 220 220 220 220 220 220 220 220 220 220 220 220 220 221 221 220 219 219 219 219 219 219 220 219 219 219 219 219 219 218 219 219 219 219 219 219 219 219 219 219 219 219 219 219 219 219 219 219 220 220 220 220 220 220 220 220 220 219 219 219 219 219 219 219 219 219 219 219 219 218 218 218 219 219 219 218 218 218 218 218 218 218 218 218 218 218 218 218 218 218 218 218 218 218 218 218 218 218 218 218 218 218 218 218 217 217 217 217 217 217 217 217 217 217 217 217 217 217 217 216 217 217 217 217 216 216 216 216 216 216 216 216 216 216 216 216 216 216 216 216 217 217 217 217 217 218 218 218 218 218 218 218 218 218 218 218 218 218 217 217 217 217 216 217 217 217 217 217 217 217 217 217 216 216 216 216 216 216 216 216 217 217 216 216 216 215 215 215 215 215 216 215 215 215 215 215 215 215 215 215 214 214 214 214 215 215 215 215 215 216 215 215 214 214 215 215 215 215 215 214 214 214 214 214 214 214 214 214 214 214 214 214 214 214 214 214 214 214 214 214 214 213 213 213 213 213 213 213 213 214 214 214 214 213 213 213 213 213 213 214 213 213 NA NA NA NA NA NA NA NA NA NA NA NA NA NA NA NA NA NA NA NA NA NA NA NA NA NA NA NA NA NA NA NA NA NA NA NA NA NA NA NA NA NA NA NA NA NA NA
NA NA NA NA NA NA NA NA NA NA NA NA NA NA NA NA NA NA NA NA NA NA NA NA NA NA NA NA NA NA NA NA NA NA NA NA NA NA NA NA NA NA NA NA NA NA NA NA NA NA NA NA NA NA NA NA NA NA NA NA NA NA NA NA NA NA NA NA NA NA NA NA NA NA NA NA NA NA NA NA NA 221 221 222 222 222 222 222 222 222 222 222 225 225 225 225 225 225 225 225 225 225 224 224 223 224 223 223 224 224 224 224 224 224 224 224 224 224 224 223 223 223 222 223 223 222 223 223 223 223 223 223 223 223 223 222 222 222 223 223 223 223 224 224 224 223 223 223 223 223 223 223 222 222 222 222 222 222 222 222 222 222 222 222 222 222 222 221 222 222 222 221 221 221 221 221 221 220 220 220 221 221 221 220 220 220 220 220 220 220 220 220 220 220 220 220 220 220 221 221 220 220 220 220 220 220 220 221 221 220 220 220 220 220 219 219 220 220 219 219 219 220 220 219 219 219 219 219 219 219 219 219 219 219 219 219 219 219 219 219 219 219 220 220 220 220 220 220 220 220 220 220 219 219 219 219 219 219 219 219 219 219 219 219 219 219 219 219 219 219 219 219 218 218 218 219 219 218 218 218 218 218 218 218 218 218 218 218 218 218 218 218 218 218 218 218 217 218 218 218 217 217 217 217 217 217 217 217 217 217 217 217 217 217 216 217 217 217 216 217 217 217 217 217 217 217 216 216 216 216 216 216 216 216 216 216 216 217 217 217 217 217 218 218 218 218 218 218 218 218 218 218 217 217 217 217 217 217 217 217 217 217 217 217 217 217 217 217 217 216 216 216 216 216 216 216 216 215 215 216 215 215 215 215 215 216 215 215 215 215 215 215 215 215 215 214 214 214 215 215 215 215 215 215 215 215 215 214 215 215 215 215 215 215 215 214 214 214 214 214 214 214 214 214 214 214 215 215 215 215 215 214 214 214 214 213 213 213 213 213 213 214 213 213 214 214 214 214 214 214 213 214 214 214 214 NA NA NA NA NA NA NA NA NA NA NA NA NA NA NA NA NA NA NA NA NA NA NA NA NA NA NA NA NA NA NA NA NA NA NA NA NA NA NA NA NA NA NA NA NA NA NA NA
NA NA NA NA NA NA NA NA NA NA NA NA NA NA NA NA NA NA NA NA NA NA NA NA NA NA NA NA NA NA NA NA NA NA NA NA NA NA NA NA NA NA NA NA NA NA NA NA NA NA NA NA NA NA NA NA NA NA NA NA NA NA NA NA NA NA NA NA NA NA NA NA NA NA NA NA NA NA NA NA NA 221 221 221 222 222 221 221 221 221 221 222 223 224 225 225 225 225 225 225 225 225 225 224 224 223 223 223 224 224 224 224 224 224 224 224 224 224 224 223 223 224 223 223 223 223 223 223 223 223 223 223 222 222 222 223 223 223 223 223 223 223 224 223 223 223 223 223 223 223 223 223 223 222 223 223 222 222 222 222 222 222 222 222 222 222 222 222 221 221 221 221 221 221 221 221 221 221 221 220 221 221 221 221 220 220 220 220 220 220 220 220 220 220 221 221 221 221 221 221 221 221 220 220 220 220 220 221 221 220 220 220 220 220 220 220 220 220 220 220 220 220 220 219 219 219 220 219 219 219 219 219 219 219 219 219 219 219 219 219 219 219 220 220 220 220 220 220 220 220 220 220 220 219 219 219 219 219 219 219 219 219 219 219 219 219 219 219 219 219 219 219 219 219 219 219 218 218 218 218 218 218 218 218 218 218 218 218 218 218 218 218 218 218 218 218 217 218 218 218 218 217 217 217 217 217 217 217 217 217 217 217 217 217 217 217 217 217 217 217 217 217 217 216 217 216 217 217 216 216 216 216 216 216 216 215 215 216 216 216 216 216 217 217 217 218 218 218 218 217 217 218 217 217 218 218 217 218 218 218 218 218 218 218 218 218 217 217 217 217 217 216 216 215 215 215 216 216 215 216 216 216 215 215 216 216 216 216 215 215 215 215 215 215 215 215 214 214 215 215 215 215 215 215 215 215 215 215 215 215 215 215 215 215 215 215 215 214 214 214 214 214 214 214 214 214 214 215 215 215 215 214 214 214 214 214 213 213 213 213 213 214 213 213 214 214 214 214 214 214 214 214 214 214 214 NA NA NA NA NA NA NA NA NA NA NA NA NA NA NA NA NA NA NA NA NA NA NA NA NA NA NA NA NA NA NA NA NA NA NA NA NA NA NA NA NA NA NA NA NA NA NA NA
NA NA NA NA NA NA NA NA NA NA NA NA NA NA NA NA NA NA NA NA NA NA NA NA NA NA NA NA NA NA NA NA NA NA NA NA NA NA NA NA NA NA NA NA NA NA NA NA NA NA NA NA NA NA NA NA NA NA NA NA NA NA NA NA NA NA NA NA NA NA NA NA NA NA NA NA NA NA NA NA NA NA 221 221 221 221 221 221 221 222 222 221 222 223 224 223 223 224 224 225 225 224 224 224 223 223 224 224 224 224 225 224 224 224 224 224 224 223 223 224 224 223 223 223 223 223 223 222 222 223 222 222 222 222 223 223 223 223 223 223 223 223 224 223 223 223 223 223 223 223 223 223 223 223 223 223 222 222 222 222 222 222 222 222 222 222 222 222 222 222 222 222 221 221 221 221 221 221 221 221 221 221 221 221 221 221 221 221 221 220 220 221 221 221 221 221 221 221 221 221 220 220 220 220 220 220 221 221 220 220 220 220 220 220 220 220 220 220 220 220 220 220 219 219 219 219 219 219 219 219 219 219 219 219 219 219 219 219 219 219 219 219 220 220 220 220 220 220 220 220 220 220 220 220 220 219 219 219 219 219 219 219 219 219 219 219 219 219 219 219 219 219 219 219 219 219 218 218 218 219 218 218 218 218 218 218 218 218 218 218 218 218 218 218 218 218 218 218 218 217 217 217 217 218 217 217 217 217 217 217 217 217 217 217 217 217 217 217 217 217 217 217 216 216 216 217 217 216 216 216 216 216 216 217 217 216 216 216 215 216 216 216 217 217 217 217 217 217 217 217 218 218 218 218 217 218 218 218 218 218 218 218 218 218 218 218 218 218 218 217 217 217 216 215 215 215 216 216 216 216 216 216 215 215 216 216 216 216 216 216 216 215 215 215 215 215 215 215 215 215 215 215 215 215 215 215 215 215 215 215 215 215 215 215 215 215 215 215 215 214 214 214 214 214 214 214 214 215 215 215 215 215 215 214 214 214 214 214 214 214 214 214 214 214 214 214 214 214 214 214 214 214 214 214 214 214 NA NA NA NA NA NA NA NA NA NA NA NA NA NA NA NA NA NA NA NA NA NA NA NA NA NA NA NA NA NA NA NA NA NA NA NA NA NA NA NA NA NA NA NA NA NA NA
NA NA NA NA NA NA NA NA NA NA NA NA NA NA NA NA NA NA NA NA NA NA NA NA NA NA NA NA NA NA NA NA NA NA NA NA NA NA NA NA NA NA NA NA NA NA NA NA NA NA NA NA NA NA NA NA NA NA NA NA NA NA NA NA NA NA NA NA NA NA NA NA NA NA NA NA NA NA NA NA NA NA NA 220 221 221 221 222 221 221 222 221 222 223 223 223 222 223 223 223 223 224 224 224 223 223 223 223 224 224 224 224 224 224 224 224 224 224 223 223 223 223 223 223 223 223 223 222 222 223 223 222 222 222 223 223 222 222 222 222 223 223 223 223 223 223 223 223 223 223 223 223 223 223 223 223 222 222 222 222 222 222 222 222 222 222 222 222 222 222 222 222 222 221 221 221 221 221 221 221 221 221 221 221 221 221 221 221 221 221 221 221 221 221 221 221 221 221 221 221 221 221 220 220 220 220 221 221 220 220 220 220 220 220 220 220 220 219 219 220 220 219 219 219 219 219 220 219 219 219 219 219 219 219 219 219 219 219 219 219 219 219 220 220 220 220 220 220 220 220 220 220 220 220 220 220 220 219 219 219 219 219 219 219 219 219 219 219 219 219 219 219 219 219 219 219 219 219 219 218 219 218 218 218 218 218 218 218 218 218 218 218 218 218 218 218 218 218 218 217 217 217 217 218 218 217 217 217 217 217 217 217 217 217 217 217 217 217 217 217 217 217 217 216 216 216 216 216 216 217 217 216 216 216 217 217 217 217 216 216 216 216 216 217 217 217 217 217 217 217 218 218 218 218 217 218 218 217 217 218 219 219 218 218 218 218 218 218 218 218 218 218 217 216 215 215 215 216 216 216 216 216 216 215 215 216 216 216 216 216 216 216 215 214 214 215 215 215 215 215 215 215 215 215 215 215 215 215 215 215 215 215 215 215 215 215 215 215 215 215 215 214 215 215 215 215 215 215 215 215 215 215 215 214 214 214 214 214 214 214 214 214 214 214 214 214 214 214 214 214 214 214 214 214 214 214 NA NA NA NA NA NA NA NA NA NA NA NA NA NA NA NA NA NA NA NA NA NA NA NA NA NA NA NA NA NA NA NA NA NA NA NA NA NA NA NA NA NA NA NA NA NA NA
NA NA NA NA NA NA NA NA NA NA NA NA NA NA NA NA NA NA NA NA NA NA NA NA NA NA NA NA NA NA NA NA NA NA NA NA NA NA NA NA NA NA NA NA NA NA NA NA NA NA NA NA NA NA NA NA NA NA NA NA NA NA NA NA NA NA NA NA NA NA NA NA NA NA NA NA NA NA NA NA NA NA NA NA 220 220 220 221 220 221 222 221 222 222 222 223 222 222 222 222 223 224 224 224 223 223 223 223 223 223 224 224 224 224 224 224 224 224 224 223 223 223 223 223 223 223 223 223 223 223 223 223 222 223 223 223 222 222 222 223 223 223 223 223 223 223 223 223 223 223 223 223 223 223 223 223 223 222 222 222 222 222 222 222 222 222 222 222 222 222 222 222 222 222 221 221 221 221 221 221 221 221 221 221 221 221 221 221 221 221 221 221 221 221 221 221 221 221 221 221 221 220 220 220 220 220 221 221 220 220 220 220 220 220 220 220 220 219 219 219 219 220 219 219 220 220 219 220 219 219 219 219 219 219 219 219 219 219 219 219 219 219 220 220 220 220 220 220 220 220 220 220 220 220 220 220 220 220 219 219 219 219 219 219 219 219 219 219 219 219 219 219 219 219 219 219 219 219 219 219 219 219 218 218 218 218 218 218 218 218 218 218 218 218 218 217 218 218 217 217 217 217 218 218 218 218 218 217 218 217 217 217 217 217 217 217 217 217 217 217 217 217 217 217 216 217 216 216 216 217 217 217 216 216 217 217 217 217 217 217 217 217 217 217 217 217 217 217 217 217 217 217 217 217 217 217 217 218 218 218 219 219 219 218 218 218 218 218 218 218 218 218 217 217 216 215 215 216 216 216 216 217 216 216 215 216 216 216 216 216 216 216 215 215 215 215 215 216 215 215 215 215 215 215 215 215 215 215 215 215 216 215 215 215 215 216 215 215 215 215 215 215 215 215 215 215 215 215 215 215 215 215 215 214 214 214 214 214 214 214 214 214 214 214 214 214 214 214 214 214 214 214 215 215 215 215 NA NA NA NA NA NA NA NA NA NA NA NA NA NA NA NA NA NA NA NA NA NA NA NA NA NA NA NA NA NA NA NA NA NA NA NA NA NA NA NA NA NA NA NA NA NA NA
NA NA NA NA NA NA NA NA NA NA NA NA NA NA NA NA NA NA NA NA NA NA NA NA NA NA NA NA NA NA NA NA NA NA NA NA NA NA NA NA NA NA NA NA NA NA NA NA NA NA NA NA NA NA NA NA NA NA NA NA NA NA NA NA NA NA NA NA NA NA NA NA NA NA NA NA NA NA NA NA NA NA NA NA NA NA NA NA NA 220 221 220 NA NA 222 223 222 222 223 223 223 224 224 224 224 224 223 223 223 224 224 224 224 224 224 224 224 224 224 224 223 223 223 223 223 223 223 223 223 222 223 223 223 223 223 223 222 222 223 222 222 223 223 223 223 223 223 223 223 223 223 223 223 223 223 223 223 222 222 222 222 222 222 222 222 222 222 222 222 222 222 222 222 222 222 222 221 221 221 221 221 221 221 221 221 221 221 221 221 221 221 221 221 221 221 221 221 221 221 221 221 220 220 220 220 220 220 221 220 220 220 220 220 220 220 220 220 220 220 219 219 220 220 220 220 220 220 220 219 220 219 219 219 219 219 219 219 219 219 219 219 218 220 220 220 220 220 220 220 220 220 220 220 220 220 220 220 220 220 219 219 219 219 219 219 219 219 219 219 219 219 219 219 219 219 219 219 219 219 218 218 218 218 218 218 218 218 218 218 218 218 218 218 218 218 217 218 218 217 217 218 218 217 218 218 218 218 218 218 218 218 217 217 217 217 217 217 217 217 217 217 217 217 217 217 217 217 217 217 217 217 217 217 217 217 217 216 216 216 217 217 217 218 218 217 217 217 217 217 217 217 217 217 217 218 218 218 217 217 218 218 218 218 218 218 218 218 219 219 219 219 218 218 217 216 215 216 216 216 216 216 217 216 216 216 216 216 216 216 216 216 216 216 215 215 215 216 216 216 215 215 215 215 215 215 215 215 215 215 216 216 216 215 215 215 215 215 215 215 215 215 215 215 215 215 215 215 215 215 215 215 215 214 214 214 214 214 214 214 214 214 214 214 214 214 214 214 214 214 214 214 215 215 215 215 215 215 NA NA NA NA NA NA NA NA NA NA NA NA NA NA NA NA NA NA NA NA NA NA NA NA NA NA NA NA NA NA NA NA NA NA NA NA NA NA NA NA NA NA NA NA NA NA
NA NA NA NA NA NA NA NA NA NA NA NA NA NA NA NA NA NA NA NA NA NA NA NA NA NA NA NA NA NA NA NA NA NA NA NA NA NA NA NA NA NA NA NA NA NA NA NA NA NA NA NA NA NA NA NA NA NA NA NA NA NA NA NA NA NA NA NA NA NA NA NA NA NA NA NA NA NA NA NA NA NA NA NA NA NA NA NA NA NA 221 220 NA NA 222 222 222 223 223 223 223 223 224 224 224 223 223 223 224 224 224 224 224 224 224 224 224 224 224 224 224 223 223 223 223 223 223 223 223 223 223 223 223 223 223 223 223 222 222 222 223 223 223 223 223 223 223 223 223 223 223 223 223 223 223 223 223 223 222 222 222 222 222 222 222 222 222 222 222 222 222 222 222 222 222 222 222 221 221 221 221 221 221 221 221 221 221 221 221 221 221 221 221 221 221 221 221 221 221 221 221 220 221 221 221 221 221 220 220 220 220 220 220 220 220 220 220 220 220 219 220 220 220 220 220 220 220 220 220 219 219 219 219 219 219 219 219 219 219 219 219 219 220 220 220 220 220 220 220 220 220 220 220 220 220 220 220 220 220 219 219 219 219 219 219 219 219 220 219 219 219 219 219 219 219 219 218 218 218 218 219 219 218 218 219 219 218 218 218 218 218 218 218 218 218 217 217 217 217 218 218 217 217 218 218 218 218 218 218 218 218 218 218 218 217 217 217 217 217 217 217 217 217 217 217 217 217 217 217 217 217 217 217 218 217 217 217 217 217 217 217 217 217 217 218 218 218 218 218 218 218 218 218 217 217 218 218 218 218 218 218 218 218 218 218 219 219 219 219 219 219 218 218 217 216 215 216 216 216 216 216 216 216 216 216 216 216 216 216 216 216 216 216 216 216 216 216 215 215 216 216 215 215 215 215 215 215 215 215 216 216 216 216 215 215 215 215 215 215 215 215 215 215 215 215 215 215 215 215 215 215 215 214 214 214 214 214 215 215 215 215 215 214 215 214 215 215 214 215 215 215 215 NA 215 215 215 NA NA NA NA NA NA NA NA NA NA NA NA NA NA NA NA NA NA NA NA NA NA NA NA NA NA NA NA NA NA NA NA NA NA NA NA NA NA NA NA NA NA NA NA NA NA NA
NA NA NA NA NA NA NA NA NA NA NA NA NA NA NA NA NA NA NA NA NA NA NA NA NA NA NA NA NA NA NA NA NA NA NA NA NA NA NA NA NA NA NA NA NA NA NA NA NA NA NA NA NA NA NA NA NA NA NA NA NA NA NA NA NA NA NA NA NA NA NA NA NA NA NA NA NA NA NA NA NA NA NA NA NA NA NA NA NA NA 220 220 NA NA 222 222 222 222 223 222 222 223 224 224 224 224 223 223 223 223 224 224 224 224 223 224 224 224 224 223 224 224 224 223 223 223 223 223 223 223 223 223 223 223 223 223 223 223 222 222 223 223 223 223 223 223 223 223 223 223 223 223 223 223 223 223 223 223 223 222 222 222 222 222 222 222 222 222 222 222 222 222 222 222 222 222 222 222 221 221 221 221 221 221 221 221 221 221 221 221 221 221 221 221 221 221 221 221 221 221 221 220 221 221 221 221 221 220 220 220 220 220 220 220 220 220 220 220 220 220 220 220 220 220 220 220 220 220 220 220 219 219 219 219 220 220 220 219 219 219 219 219 220 220 220 220 220 220 220 220 220 220 220 220 220 220 220 220 220 220 219 219 220 220 219 220 220 220 219 219 219 219 219 219 219 219 219 219 219 219 219 219 218 218 219 219 218 218 218 218 218 218 218 218 218 218 218 218 218 217 217 217 218 217 218 218 218 218 217 217 218 218 218 218 217 217 217 217 217 217 217 217 217 217 217 217 217 218 217 217 217 217 218 218 217 217 217 218 217 218 218 218 218 218 218 218 218 218 218 218 219 219 219 218 218 218 218 219 219 219 219 218 218 219 219 219 219 219 219 219 219 218 218 218 216 215 215 216 216 216 216 217 216 217 217 216 217 216 216 216 216 216 216 216 216 216 216 216 216 215 216 216 215 215 215 215 215 215 215 216 216 216 216 216 215 215 215 215 215 215 215 215 215 215 215 216 216 216 215 215 214 214 214 215 215 215 215 215 215 215 215 215 215 215 215 215 215 215 215 NA NA NA NA NA NA NA NA NA NA NA NA NA NA NA NA NA NA NA NA NA NA NA NA NA NA NA NA NA NA NA NA NA NA NA NA NA NA NA NA NA NA NA NA NA NA NA NA NA NA NA NA NA NA
NA NA NA NA NA NA NA NA NA NA NA NA NA NA NA NA NA NA NA NA NA NA NA NA NA NA NA NA NA NA NA NA NA NA NA NA NA NA NA NA NA NA NA NA NA NA NA NA NA NA NA NA NA NA NA NA NA NA NA NA NA NA NA NA NA NA NA NA NA NA NA NA NA NA NA NA NA NA NA NA NA NA NA NA NA NA NA NA NA NA NA NA NA NA NA NA NA 222 222 222 223 223 223 223 224 224 224 223 223 223 223 224 224 224 224 223 223 223 224 224 223 223 223 223 223 223 223 223 223 223 223 223 223 223 223 223 223 223 222 222 222 223 224 223 223 223 223 223 223 223 223 223 223 223 223 223 223 223 223 222 222 222 222 222 222 222 222 222 222 222 222 222 222 222 222 222 222 222 222 221 221 221 221 221 221 221 221 221 221 221 221 221 221 221 221 221 221 221 221 221 220 220 220 221 221 221 221 220 221 221 220 220 220 220 220 220 220 220 220 220 220 220 220 220 220 220 220 220 220 220 220 219 219 220 220 220 220 220 220 219 219 219 220 220 220 220 221 220 220 220 220 220 220 220 220 220 220 220 220 220 219 219 219 220 220 220 219 219 219 219 219 219 219 219 219 219 219 219 219 219 219 219 218 218 219 219 219 219 218 218 218 218 218 218 218 218 218 218 218 218 218 218 217 217 218 218 218 218 217 218 218 217 217 218 218 218 218 218 218 217 217 217 217 218 217 217 217 217 217 217 217 217 217 217 217 217 218 218 218 218 218 218 219 219 218 218 218 218 218 218 218 219 219 219 219 218 218 219 219 219 219 219 219 219 219 219 218 219 219 219 219 218 218 218 217 216 216 216 216 216 217 217 217 217 217 217 217 217 216 216 216 216 216 216 216 216 216 216 216 216 215 215 216 216 216 215 215 215 216 216 216 216 216 216 215 215 215 215 215 215 215 215 215 215 215 216 216 215 215 215 215 215 215 215 215 215 215 215 215 215 215 215 215 215 215 215 NA NA NA NA NA NA NA NA NA NA NA NA NA NA NA NA NA NA NA NA NA NA NA NA NA NA NA NA NA NA NA NA NA NA NA NA NA NA NA NA NA NA NA NA NA NA NA NA NA NA NA NA NA NA NA NA NA
NA NA NA NA NA NA NA NA NA NA NA NA NA NA NA NA NA NA NA NA NA NA NA NA NA NA NA NA NA NA NA NA NA NA NA NA NA NA NA NA NA NA NA NA NA NA NA NA NA NA NA NA NA NA NA NA NA NA NA NA NA NA NA NA NA NA NA NA NA NA NA NA NA NA NA NA NA NA NA NA NA NA NA NA NA NA NA NA NA NA NA NA NA NA NA NA 222 222 222 222 222 223 223 222 223 224 224 223 223 223 224 224 224 224 224 224 223 223 224 224 223 223 223 223 223 223 223 223 223 223 223 223 223 223 223 223 223 222 222 223 223 223 224 223 223 223 223 223 223 223 223 223 223 223 223 223 223 223 223 222 222 222 222 222 222 222 222 222 222 222 222 222 222 222 222 222 222 222 222 222 222 221 221 221 221 221 221 221 221 221 221 221 221 221 221 221 221 221 221 221 220 220 220 220 220 221 221 220 220 220 220 220 220 220 220 220 220 220 220 220 220 220 220 220 220 220 220 220 220 220 220 220 219 220 220 219 219 220 220 219 219 219 220 220 220 220 221 221 220 220 220 220 220 220 220 220 220 220 220 220 220 219 220 220 220 220 220 220 219 219 220 219 219 219 219 220 219 219 219 219 219 219 219 219 219 219 219 219 218 218 218 218 218 218 218 218 218 218 218 218 218 218 218 218 218 218 218 217 218 218 217 217 218 218 218 218 218 218 218 218 218 217 217 217 218 217 217 217 217 218 217 217 217 217 217 217 218 218 218 218 218 219 219 219 219 219 219 218 218 218 218 218 219 219 219 219 219 219 219 219 219 219 219 219 219 219 218 219 219 219 219 219 218 218 217 216 216 216 216 217 217 217 217 217 217 217 217 217 217 217 216 216 216 216 216 216 216 216 216 216 216 216 216 216 216 216 215 215 216 216 216 216 216 216 216 215 215 215 215 215 215 215 215 215 216 216 215 215 215 215 215 215 216 216 216 216 216 216 216 215 215 215 215 215 215 215 216 NA NA NA NA NA NA NA NA NA NA NA NA NA NA NA NA NA NA NA NA NA NA NA NA NA NA NA NA NA NA NA NA NA NA NA NA NA NA NA NA NA NA NA NA NA NA NA NA NA NA NA NA NA NA NA NA
NA NA NA NA NA NA NA NA NA NA NA NA NA NA NA NA NA NA NA NA NA NA NA NA NA NA NA NA NA NA NA NA NA NA NA NA NA NA NA NA NA NA NA NA NA NA NA NA NA NA NA NA NA NA NA NA NA NA NA NA NA NA NA NA NA NA NA NA NA NA NA NA NA NA NA NA NA NA NA NA NA NA NA NA NA NA NA NA NA NA NA NA NA NA NA NA 222 223 223 223 222 222 222 223 223 224 223 222 223 224 224 224 224 224 224 224 224 223 223 223 224 223 223 223 223 223 223 223 223 223 223 223 223 223 223 223 223 223 222 223 223 223 224 223 223 223 224 223 223 223 222 222 223 222 223 223 222 222 223 222 222 222 222 222 222 222 222 222 222 222 222 222 222 222 222 222 222 222 222 222 222 221 221 221 221 221 221 222 221 221 221 221 221 221 221 221 221 221 221 221 221 221 221 220 220 220 220 220 220 220 220 220 220 220 220 220 220 220 220 220 220 220 220 220 220 220 220 220 220 220 220 220 220 220 220 219 219 219 219 219 219 219 221 221 221 221 221 220 220 220 220 220 220 220 220 220 220 220 220 220 220 220 220 220 220 220 220 220 220 220 219 219 219 219 219 220 220 220 219 219 219 219 219 219 219 219 219 219 218 218 218 218 218 218 218 218 218 218 218 218 218 218 218 218 218 218 218 218 218 218 218 218 218 218 218 218 218 217 218 218 217 218 218 218 218 218 218 218 218 218 218 217 217 218 218 217 218 218 218 218 218 218 218 218 218 219 219 219 219 219 219 218 218 218 219 220 220 219 219 219 219 219 219 219 219 219 219 219 219 219 219 219 218 218 217 217 216 216 216 217 216 217 217 217 217 217 217 217 217 217 217 216 216 216 216 216 217 216 216 216 216 216 216 216 216 216 215 215 215 216 216 216 216 216 216 216 216 216 216 216 215 215 215 215 216 216 215 215 215 215 216 216 216 216 216 216 216 216 216 216 216 216 215 216 216 216 216 NA NA NA NA NA NA NA NA NA NA NA NA NA NA NA NA NA NA NA NA NA NA NA NA NA NA NA NA NA NA NA NA NA NA NA NA NA NA NA NA NA NA NA NA NA NA NA NA NA NA NA NA NA NA NA NA
NA NA NA NA NA NA NA NA NA NA NA NA NA NA NA NA NA NA NA NA NA NA NA NA NA NA NA NA NA NA NA NA NA NA NA NA NA NA NA NA NA NA NA NA NA NA NA NA NA NA NA NA NA NA NA NA NA NA NA NA NA NA NA NA NA NA NA NA NA NA NA NA NA NA NA NA NA NA NA NA NA NA NA NA NA NA NA NA NA NA NA NA NA NA NA NA NA 222 223 224 223 222 222 222 223 223 223 222 223 223 223 223 224 224 224 224 224 224 223 223 223 223 223 223 223 223 223 223 223 223 223 223 223 223 223 223 223 223 223 223 223 223 224 223 223 224 223 223 223 223 223 223 222 222 222 222 222 222 222 222 222 222 222 222 222 222 222 222 222 222 222 222 222 222 222 222 222 222 222 222 222 222 221 221 221 221 221 221 221 221 221 222 221 221 221 221 221 221 221 221 221 221 221 221 221 221 221 220 220 220 220 220 220 220 220 220 220 220 220 220 220 220 220 220 220 220 220 220 220 220 220 220 220 220 220 220 220 219 219 219 219 219 221 221 221 221 221 221 220 220 220 220 220 220 220 220 220 220 220 220 220 220 220 220 220 220 220 220 220 220 220 220 219 220 220 220 219 219 219 219 219 219 219 219 219 219 219 219 218 218 218 218 218 218 218 218 218 218 218 218 218 218 218 218 218 218 218 218 218 218 218 218 218 218 218 218 217 218 217 218 218 218 217 218 218 218 218 218 218 218 218 218 218 218 218 218 218 218 218 218 218 218 219 219 219 219 219 219 219 219 219 219 219 219 219 220 219 219 219 219 219 219 219 219 219 219 219 219 219 219 218 218 218 217 217 217 216 216 216 216 217 217 217 217 217 217 217 217 217 217 217 217 216 216 216 216 216 217 217 216 216 216 216 216 216 216 216 216 216 216 216 216 216 216 216 216 216 216 216 216 216 216 216 215 215 215 215 216 216 216 216 216 216 216 216 216 216 216 216 216 216 216 216 216 216 216 NA NA NA NA NA NA NA NA NA NA NA NA NA NA NA NA NA NA NA NA NA NA NA NA NA NA NA NA NA NA NA NA NA NA NA NA NA NA NA NA NA NA NA NA NA NA NA NA NA NA NA NA NA NA NA NA NA
NA NA NA NA NA NA NA NA NA NA NA NA NA NA NA NA NA NA NA NA NA NA NA NA NA NA NA NA NA NA NA NA NA NA NA NA NA NA NA NA NA NA NA NA NA NA NA NA NA NA 222 222 NA NA NA NA NA NA NA NA NA NA NA NA NA NA NA NA NA NA NA NA NA NA NA NA NA NA NA NA NA NA NA NA NA NA NA NA NA NA NA NA NA NA NA NA 222 223 223 223 223 223 222 222 222 223 223 223 223 223 223 223 224 224 224 224 224 224 224 224 223 223 223 223 223 223 223 222 222 223 223 223 223 223 223 223 223 223 223 223 224 223 223 223 223 223 223 224 223 223 223 223 223 222 222 222 222 222 222 222 222 223 222 222 222 222 222 222 222 222 222 222 222 222 222 222 222 222 222 222 222 222 222 221 221 221 221 221 221 221 221 221 221 221 221 221 221 221 221 221 221 221 221 221 221 221 221 221 221 220 220 220 220 220 220 220 220 220 220 220 220 220 220 220 220 220 220 220 220 220 220 220 220 220 220 220 220 219 219 219 219 219 221 221 221 221 221 221 221 220 220 220 220 220 220 220 220 220 220 220 220 220 220 220 220 220 220 220 220 220 220 220 220 220 220 220 220 219 219 219 219 219 219 219 219 219 219 219 218 218 218 218 218 218 218 218 218 218 218 218 218 218 218 218 218 218 218 218 218 218 218 218 218 218 218 218 218 218 217 218 218 218 217 218 218 218 218 218 218 218 218 218 218 218 218 218 218 218 218 218 218 218 219 219 219 219 219 219 220 219 219 219 220 219 219 220 219 219 219 219 219 219 219 219 219 219 219 219 219 218 218 218 217 218 218 217 217 216 216 216 216 217 217 217 217 217 217 217 217 217 217 217 217 217 217 216 216 217 217 217 217 217 216 216 216 217 216 216 216 216 216 216 216 216 216 216 216 216 216 216 216 216 216 216 216 216 216 216 216 216 216 217 217 217 216 NA NA NA NA NA NA NA NA NA NA NA NA NA NA NA NA NA NA NA NA NA NA NA NA NA NA NA NA NA NA NA NA NA NA NA NA NA NA NA NA NA NA NA NA NA NA NA NA NA NA NA NA NA NA NA NA NA NA NA NA NA NA NA NA NA NA NA NA
NA NA NA NA NA NA NA NA NA NA NA NA NA NA NA NA NA NA NA NA NA NA NA NA NA NA NA NA NA NA NA NA NA NA NA NA NA NA NA NA NA NA NA NA NA NA NA NA NA NA 222 224 223 NA NA NA NA NA NA NA NA NA NA NA NA NA NA NA NA NA NA NA NA NA NA NA NA NA NA NA NA NA NA NA NA NA NA NA NA NA NA NA NA 222 222 222 222 223 223 223 224 224 223 223 222 222 222 222 223 223 223 223 224 224 224 224 224 223 223 223 223 223 223 223 223 223 223 223 223 222 222 223 223 223 223 223 223 223 223 223 223 223 223 223 223 223 223 223 223 224 224 223 223 223 223 223 223 222 222 222 222 222 223 222 222 222 222 222 222 222 222 222 222 222 222 222 222 222 222 222 222 222 222 221 221 221 222 222 221 221 221 221 221 221 221 221 221 221 221 221 221 220 220 221 221 221 221 221 222 221 221 221 221 221 221 220 220 220 220 220 220 220 220 220 220 220 220 220 220 220 220 220 220 220 220 220 220 219 219 219 219 219 221 221 221 221 221 221 221 220 220 220 220 220 220 220 220 220 220 220 220 220 220 220 220 220 220 220 220 220 220 220 220 220 220 220 220 219 219 219 219 219 219 219 219 219 219 219 219 218 218 218 218 218 219 218 218 218 218 218 218 218 218 218 218 218 218 218 218 218 218 218 218 218 218 218 218 217 217 217 217 217 218 218 218 218 218 218 218 218 218 219 219 219 219 218 218 218 218 218 219 218 219 219 219 219 219 219 219 219 219 219 219 219 220 220 219 219 219 219 219 219 219 219 219 219 219 219 219 218 218 218 219 219 218 217 216 216 216 216 217 217 217 217 217 217 217 217 217 217 217 217 217 217 217 217 216 217 217 217 217 217 217 217 217 217 217 216 216 217 217 216 216 216 216 216 216 216 216 216 216 216 216 216 216 216 216 216 216 216 217 NA NA NA NA NA NA NA NA NA NA NA NA NA NA NA NA NA NA NA NA NA NA NA NA NA NA NA NA NA NA NA NA NA NA NA NA NA NA NA NA NA NA NA NA NA NA NA NA NA NA NA NA NA NA NA NA NA NA NA NA NA NA NA NA NA NA NA NA NA NA NA NA
NA NA NA NA NA NA NA NA NA NA NA NA NA NA NA NA NA NA NA NA NA NA NA NA NA NA NA NA NA NA NA NA NA NA NA NA NA NA NA NA NA NA NA NA NA NA NA NA NA NA 222 224 225 223 222 221 222 221 221 NA NA NA NA NA NA NA NA NA NA NA NA NA NA NA NA NA NA NA NA NA NA NA NA NA NA NA NA NA NA NA 221 221 223 223 223 222 223 223 224 224 223 223 223 223 222 223 223 223 222 223 223 223 223 224 224 224 224 223 223 223 224 224 224 223 223 223 224 224 223 223 222 222 223 223 223 223 223 223 223 223 223 223 223 223 223 223 223 223 223 223 223 223 223 223 223 223 223 223 223 222 222 222 222 222 222 222 222 222 222 222 222 222 222 222 222 222 222 222 222 222 222 222 222 222 222 221 221 221 221 221 221 221 221 221 221 221 221 221 221 221 221 221 220 221 221 221 221 222 221 221 221 221 221 221 221 221 220 220 220 220 220 220 220 220 220 220 220 220 220 220 220 220 220 220 220 220 220 220 219 219 219 220 221 221 221 221 221 221 221 220 220 220 220 220 220 220 220 220 220 220 220 220 220 220 220 220 220 220 220 220 220 220 220 220 220 220 220 220 219 219 219 219 219 219 219 219 219 219 219 219 218 218 218 219 219 219 219 219 218 218 218 218 218 218 218 218 218 218 218 218 218 218 218 218 218 218 218 217 218 218 218 218 218 218 217 218 218 218 218 219 218 219 219 218 218 218 218 218 218 219 219 219 219 219 219 219 219 219 219 219 219 219 219 219 219 220 220 219 219 219 219 219 219 219 219 220 219 219 219 219 219 219 219 219 218 217 216 216 217 217 217 217 217 217 217 217 217 217 217 217 217 217 217 217 217 217 217 217 217 217 217 217 217 217 217 217 217 217 217 217 217 216 216 216 216 216 216 216 216 216 216 216 216 216 216 216 216 216 217 217 217 NA NA NA NA NA NA NA NA NA NA NA NA NA NA NA NA NA NA NA NA NA NA NA NA NA NA NA NA NA NA NA NA NA NA NA NA NA NA NA NA NA NA NA NA NA NA NA NA NA NA NA NA NA NA NA NA NA NA NA NA NA NA NA NA NA NA NA NA NA NA NA NA
NA NA NA NA NA NA NA NA NA NA NA NA NA NA NA NA NA NA NA NA NA NA NA NA NA NA NA NA NA NA NA NA NA NA NA NA NA NA NA NA NA NA NA NA NA NA NA NA NA NA 222 223 225 225 224 222 224 224 224 222 221 NA NA NA NA NA NA NA NA NA NA NA NA NA NA NA NA NA NA NA NA NA NA NA NA NA NA NA NA NA 221 221 223 223 224 223 224 224 224 224 223 223 223 222 223 223 223 223 223 222 222 223 224 224 224 224 224 224 224 224 224 224 224 224 224 224 224 223 223 223 223 222 222 222 223 223 223 223 223 223 223 223 223 223 223 223 223 223 223 223 223 223 223 223 223 223 223 223 223 223 223 222 222 222 222 222 222 222 222 222 222 222 222 222 222 222 222 222 222 222 222 222 222 222 222 222 222 222 222 221 221 222 221 221 221 221 222 221 221 221 221 221 221 221 221 221 221 221 221 221 221 221 221 221 221 221 220 220 220 220 220 220 220 220 220 220 220 220 220 220 220 220 220 220 220 220 220 220 219 219 220 220 221 221 221 221 221 221 221 221 221 220 220 220 220 220 220 220 220 220 220 220 220 220 221 220 220 220 221 220 220 219 220 220 220 219 220 220 219 219 219 219 219 219 219 219 219 219 219 219 219 219 218 219 219 219 219 219 219 219 218 218 218 218 218 218 218 218 218 218 218 218 218 218 218 218 217 218 218 218 218 218 218 218 218 219 218 219 219 218 218 219 219 218 218 218 218 219 219 219 219 219 219 220 220 219 219 220 220 219 219 219 219 220 220 220 220 219 219 219 219 219 219 219 219 219 219 219 219 219 219 219 219 219 218 217 217 217 217 217 217 217 217 217 217 217 217 218 217 217 217 217 217 217 217 217 217 217 217 217 217 217 217 217 217 217 217 217 217 217 217 217 216 216 216 216 216 216 217 216 216 216 216 216 216 216 216 216 217 217 217 NA NA NA NA NA NA NA NA NA NA NA NA NA NA NA NA NA NA NA NA NA NA NA NA NA NA NA NA NA NA NA NA NA NA NA NA NA NA NA NA NA NA NA NA NA NA NA NA NA NA NA NA NA NA NA NA NA NA NA NA NA NA NA NA NA NA NA NA NA NA NA NA
NA NA NA NA NA NA NA NA NA NA NA NA NA NA NA NA NA NA NA NA NA NA NA NA NA NA NA NA NA NA NA NA NA NA NA NA NA NA NA NA NA NA NA NA NA NA NA NA NA NA NA 222 223 224 224 224 223 225 225 224 223 222 222 221 221 NA NA NA NA NA NA NA NA NA NA NA NA NA NA NA NA NA NA NA NA NA NA NA 221 221 221 221 223 223 223 224 224 224 224 224 224 224 223 223 223 223 223 224 224 223 223 223 223 223 223 224 224 224 224 224 224 224 224 224 224 224 224 223 223 223 223 223 223 223 222 222 222 223 223 223 223 223 223 223 223 223 223 223 223 223 223 223 223 223 223 223 222 222 223 223 223 223 222 222 222 222 222 222 222 222 222 222 222 222 222 222 222 222 222 222 222 222 222 222 222 222 222 222 221 221 221 221 221 221 221 221 222 222 221 221 221 221 221 221 222 221 221 221 221 221 221 220 220 220 221 221 220 220 220 220 220 220 220 220 220 220 220 220 220 220 220 220 220 220 220 220 220 220 220 219 220 220 221 221 221 221 221 221 221 221 221 221 220 220 220 220 220 220 220 220 221 221 220 221 221 221 221 220 220 220 220 220 219 220 219 220 219 219 219 219 219 219 219 219 219 219 219 219 219 219 219 219 219 219 219 219 219 219 219 219 219 219 219 218 218 218 218 218 218 218 218 218 218 218 218 218 218 218 218 218 218 218 218 218 218 219 219 219 218 218 218 219 219 218 218 218 218 218 218 219 219 219 219 220 220 220 220 220 220 220 220 220 220 220 220 220 220 220 220 219 219 220 220 220 219 219 219 219 219 219 219 219 219 218 218 218 218 217 217 217 217 217 217 217 217 217 217 218 217 217 218 218 217 217 217 217 217 217 217 217 217 217 217 217 217 217 217 217 217 217 217 217 217 217 217 217 216 216 217 217 217 217 217 217 217 217 216 217 217 217 217 NA NA NA NA NA NA NA NA NA NA NA NA NA NA NA NA NA NA NA NA NA NA NA NA NA NA NA NA NA NA NA NA NA NA NA NA NA NA NA NA NA NA NA NA NA NA NA NA NA NA NA NA NA NA NA NA NA NA NA NA NA NA NA NA NA NA NA NA NA NA NA NA
NA NA NA NA NA NA NA NA NA NA NA NA NA NA NA NA NA NA NA NA NA NA NA NA NA NA NA NA NA NA NA NA NA NA NA NA NA NA NA NA NA NA NA NA NA NA NA NA NA NA NA NA 222 223 223 224 224 225 225 225 224 223 223 223 222 221 NA NA NA NA NA NA NA NA NA NA NA NA NA NA NA NA NA NA NA NA 221 221 221 221 221 221 223 223 223 224 223 223 223 224 224 223 223 223 223 223 224 224 223 223 223 223 223 223 224 224 224 224 224 224 224 223 224 224 223 223 223 223 223 223 223 224 223 223 223 222 222 222 223 223 223 223 223 223 223 223 223 223 223 223 223 223 223 223 223 223 223 222 222 222 222 222 222 222 222 222 223 223 223 222 222 222 222 222 222 222 222 222 222 222 222 222 222 222 222 222 222 222 221 221 221 221 221 221 221 221 221 222 222 222 222 222 222 222 222 222 221 221 221 221 221 221 220 220 220 220 220 220 220 220 220 220 220 220 220 220 220 220 220 220 220 220 220 220 220 220 220 220 220 219 220 219 221 221 221 221 221 221 221 221 221 221 221 220 220 221 221 221 221 221 221 221 221 221 221 221 221 220 220 220 220 220 220 219 219 220 220 219 219 219 219 219 219 219 219 219 219 219 219 219 219 219 219 219 219 219 219 219 219 219 219 219 219 219 218 218 218 218 218 218 218 218 218 218 218 218 218 218 218 218 217 217 218 218 218 218 218 218 218 219 219 218 218 218 218 218 218 218 218 219 219 219 219 219 219 219 219 220 220 220 220 220 220 220 220 220 220 220 220 220 219 219 219 219 220 219 220 219 219 218 218 218 218 218 218 217 217 217 217 217 217 217 217 217 217 218 218 218 218 217 217 217 217 217 217 217 217 217 217 217 217 217 217 218 218 217 217 217 217 217 217 217 217 217 217 217 217 217 217 217 217 217 217 217 217 216 217 217 217 217 217 217 NA NA NA NA NA NA NA NA NA NA NA NA NA NA NA NA NA NA NA NA NA NA NA NA NA NA NA NA NA NA NA NA NA NA NA NA NA NA NA NA NA NA NA NA NA NA NA NA NA NA NA NA NA NA NA NA NA NA NA NA NA NA NA NA NA NA NA NA NA NA NA
NA NA NA NA NA NA NA NA NA NA NA NA NA NA NA NA NA NA NA NA NA NA NA NA NA NA NA NA NA NA NA NA NA NA NA NA NA NA NA NA NA NA NA NA NA NA NA NA NA NA NA NA NA 223 224 224 224 224 225 225 225 224 224 223 222 222 221 NA NA NA 221 221 NA NA NA NA NA NA NA NA NA NA NA NA NA NA 221 221 222 221 221 221 223 224 223 223 223 223 223 224 224 223 223 223 224 224 224 224 224 223 224 224 224 224 224 224 224 224 224 223 223 223 223 223 223 223 223 223 223 223 223 223 224 223 223 223 222 222 222 223 223 223 223 223 223 223 223 223 223 223 223 222 223 223 223 223 223 223 222 222 222 222 222 221 222 222 222 222 223 223 222 222 222 222 222 222 222 222 222 222 222 222 222 222 222 222 222 222 222 221 221 221 221 221 221 221 221 221 222 222 221 221 222 222 222 222 221 221 221 221 220 221 220 220 220 220 220 220 220 220 220 220 220 220 220 221 220 220 220 220 220 220 220 220 220 220 220 220 220 220 220 220 221 221 221 221 221 221 221 221 221 221 221 221 220 220 220 221 221 221 221 221 221 221 221 221 220 220 220 220 220 220 220 219 219 219 220 220 219 219 219 219 219 219 219 219 219 219 219 219 219 219 219 219 219 219 219 219 219 219 219 219 219 219 219 219 218 218 218 218 218 218 218 218 218 218 218 218 218 218 218 218 218 218 218 218 219 218 218 218 218 218 218 218 218 218 218 219 219 219 219 219 220 220 220 220 220 220 220 220 220 220 220 220 220 220 220 220 219 219 219 219 219 219 219 219 219 219 219 219 219 218 218 218 218 217 217 217 217 218 218 218 217 217 217 218 218 218 218 218 217 217 217 217 218 217 217 217 217 217 217 217 217 217 218 217 217 217 217 217 217 217 217 217 217 217 217 217 217 217 217 217 217 217 216 217 217 217 217 217 217 NA NA NA NA NA NA NA NA NA NA NA NA NA NA NA NA NA NA NA NA NA NA NA NA NA NA NA NA NA NA NA NA NA NA NA NA NA NA NA NA NA NA NA NA NA NA NA NA NA NA NA NA NA NA NA NA NA NA NA NA NA NA NA NA NA NA NA NA NA NA NA NA
NA NA NA NA NA NA NA NA NA NA NA NA NA NA NA NA NA NA NA NA NA NA NA NA NA NA NA NA NA NA NA NA NA NA NA NA NA NA NA NA NA NA NA NA NA NA NA NA NA NA NA NA 222 224 224 224 225 225 224 225 225 224 223 222 222 223 223 223 223 223 223 222 222 221 221 221 221 221 221 221 221 221 221 221 221 221 221 221 222 222 221 221 223 223 223 223 223 223 223 224 224 223 223 223 224 224 224 224 224 224 224 224 224 224 224 224 224 224 224 224 223 223 223 223 223 223 223 223 223 223 223 223 223 223 224 223 223 223 223 222 222 223 223 223 223 223 223 223 223 223 223 223 223 223 223 223 223 223 223 223 223 222 222 221 222 222 222 222 223 222 222 222 222 222 222 222 222 222 222 222 222 222 222 222 222 222 222 222 222 221 221 221 221 222 222 221 221 221 221 221 221 221 221 222 222 222 222 221 221 221 221 221 221 221 220 220 220 220 220 220 221 221 221 221 220 220 220 220 220 220 220 220 220 220 220 220 220 220 220 220 220 220 222 221 221 221 221 221 221 221 221 221 221 221 221 221 220 220 220 221 221 220 221 221 221 221 221 220 220 220 220 220 220 220 220 219 219 219 219 219 219 219 219 219 219 219 219 219 219 219 219 219 219 219 219 219 218 218 219 219 218 219 219 219 219 219 219 218 218 218 218 218 218 218 218 218 218 218 218 218 218 218 218 218 218 218 218 218 218 218 218 218 218 218 218 218 219 219 219 219 219 219 220 220 220 220 220 220 220 220 220 220 220 220 220 220 220 220 219 219 219 219 220 219 219 218 219 219 219 219 219 218 218 218 218 217 217 218 218 218 218 218 217 217 217 218 218 218 218 218 218 217 218 218 218 218 218 218 217 217 217 217 217 218 217 217 217 217 217 217 217 217 217 217 217 217 217 217 217 217 217 217 217 217 217 217 217 217 217 217 218 NA NA NA NA NA NA NA NA NA NA NA NA NA NA NA NA NA NA NA NA NA NA NA NA NA NA NA NA NA NA NA NA NA NA NA NA NA NA NA NA NA NA NA NA NA NA NA NA NA NA NA NA NA NA NA NA NA NA NA NA NA NA NA NA NA NA NA NA NA NA NA NA
NA NA NA NA NA NA NA NA NA NA NA NA NA NA NA NA NA NA NA NA NA NA NA NA NA NA NA NA NA NA NA NA NA NA NA NA NA NA NA NA NA NA NA NA NA NA NA NA NA NA NA NA NA NA 223 225 225 224 224 225 224 224 223 222 222 223 223 224 224 224 224 224 223 223 222 222 223 223 222 221 221 221 221 221 221 222 222 221 222 222 222 222 223 223 223 223 223 224 224 224 224 224 223 223 223 223 224 223 223 223 223 223 224 224 224 225 224 224 224 224 224 224 223 223 223 223 223 223 223 223 223 223 223 223 223 224 223 223 223 223 222 223 224 223 223 223 223 223 223 223 223 223 223 223 223 223 223 223 223 223 223 223 222 222 222 221 222 222 222 222 223 222 222 222 222 222 222 222 222 222 222 222 222 222 222 222 222 222 222 222 221 221 222 222 221 221 221 221 221 221 221 221 222 222 222 222 222 222 221 221 221 221 221 221 221 221 220 220 220 221 221 221 221 221 221 220 220 220 220 220 220 220 220 220 220 220 220 220 220 220 220 220 222 221 221 221 221 221 221 221 221 221 221 221 221 221 221 220 220 220 220 220 220 221 221 221 221 221 220 220 220 220 220 220 220 219 219 219 219 220 220 220 219 219 219 219 219 219 219 219 219 219 219 219 219 218 218 218 219 218 218 219 219 219 219 219 219 219 218 218 218 218 218 218 218 218 218 218 218 218 218 218 218 219 218 218 218 218 219 219 218 218 218 218 218 218 218 218 219 219 219 219 220 220 220 220 220 220 220 220 220 220 220 220 220 220 220 219 219 219 219 219 219 219 219 218 218 219 219 219 219 218 218 217 217 217 217 218 218 218 218 218 218 218 217 218 218 218 218 218 218 218 218 218 218 218 218 218 218 217 217 217 217 217 218 218 217 217 217 217 217 217 217 217 217 217 217 217 217 217 217 217 217 217 217 217 217 218 217 218 218 NA NA NA NA NA NA NA NA NA NA NA NA NA NA NA NA NA NA NA NA NA NA NA NA NA NA NA NA NA NA NA NA NA NA NA NA NA NA NA NA NA NA NA NA NA NA NA NA NA NA NA NA NA NA NA NA NA NA NA NA NA NA NA NA NA NA NA NA NA NA NA NA
NA NA NA NA NA NA NA NA NA NA NA NA NA NA NA NA NA NA NA NA NA NA NA NA NA NA NA NA NA NA NA NA NA NA NA NA NA NA NA NA NA NA NA NA NA NA NA NA NA NA NA NA NA NA NA 224 224 224 225 225 224 223 222 223 222 222 222 224 224 224 224 224 224 224 224 224 224 224 223 223 223 222 222 222 221 222 222 221 221 222 222 222 224 223 223 223 223 223 223 223 223 223 224 224 223 223 223 223 223 223 224 224 224 224 224 225 225 224 224 224 223 223 224 223 223 223 223 223 223 223 223 223 223 224 223 223 223 223 223 222 222 222 223 223 223 223 223 223 223 223 223 223 223 223 223 223 223 223 223 223 223 223 223 222 222 222 222 222 222 222 222 223 222 222 222 222 222 222 222 222 222 222 222 222 222 222 222 222 222 222 222 222 222 222 222 222 222 222 222 221 221 222 222 222 221 222 222 222 222 221 221 222 222 221 221 221 220 221 221 221 221 221 221 221 221 221 221 220 220 220 220 220 220 220 220 220 220 220 220 220 220 220 222 222 221 221 221 221 221 221 221 222 221 222 221 221 221 220 220 220 220 220 221 221 221 220 220 220 220 220 220 220 220 220 220 220 219 219 219 220 220 220 220 219 219 219 219 219 219 219 219 219 219 219 219 219 219 219 219 219 218 218 219 219 219 219 219 219 219 219 218 218 218 218 218 218 218 218 218 218 218 218 218 218 218 218 218 219 219 219 219 219 219 218 219 219 219 219 219 219 219 219 220 220 220 220 220 220 220 220 220 220 220 220 220 220 219 219 219 219 219 219 219 219 218 218 218 219 219 219 219 218 218 218 217 217 218 218 218 218 218 218 218 218 218 218 218 218 218 218 218 218 218 218 218 218 218 218 218 217 217 217 217 217 218 218 217 217 217 217 217 217 217 217 217 217 218 217 217 217 217 217 217 217 217 217 217 217 218 218 218 NA NA NA NA NA NA NA NA NA NA NA NA NA NA NA NA NA NA NA NA NA NA NA NA NA NA NA NA NA NA NA NA NA NA NA NA NA NA NA NA NA NA NA NA NA NA NA NA NA NA NA NA NA NA NA NA NA NA NA NA NA NA NA NA NA NA NA NA NA NA NA NA
NA NA NA NA NA NA NA NA NA NA NA NA NA NA NA NA NA NA NA NA NA NA NA NA NA NA NA NA NA NA NA NA NA NA NA NA NA NA NA NA NA NA NA NA NA NA NA NA NA NA NA NA NA NA NA NA 224 224 225 225 225 224 223 223 223 223 223 224 225 225 225 225 225 224 225 224 224 224 224 224 224 223 223 223 222 222 221 221 222 222 222 222 223 224 223 223 223 223 224 224 223 223 223 224 223 223 224 224 223 223 223 223 223 224 224 225 225 224 224 223 223 223 223 223 223 223 223 223 223 223 223 223 223 223 224 223 223 223 223 223 222 223 223 223 223 223 223 223 223 223 223 223 223 223 223 223 223 223 223 222 223 223 223 222 222 222 222 222 222 222 222 222 222 222 222 222 222 222 222 222 222 222 222 222 222 222 222 222 222 222 222 222 222 222 222 222 222 222 222 221 221 221 221 221 221 222 221 222 222 222 222 222 222 221 221 221 221 221 221 221 221 221 221 221 221 221 221 221 220 220 220 220 220 220 220 220 220 220 220 220 220 220 222 221 221 221 221 221 221 221 221 221 221 221 222 221 221 221 220 220 221 221 221 221 221 220 220 220 220 220 221 220 220 220 220 220 220 220 219 220 220 220 220 220 219 219 219 219 219 219 219 219 219 219 219 219 219 219 219 219 218 218 219 219 219 219 219 219 219 219 219 218 218 218 218 218 218 219 219 219 219 219 218 218 218 218 218 218 219 219 219 219 219 219 219 219 219 219 219 219 219 219 220 220 220 220 220 220 220 220 220 220 220 220 220 219 219 219 219 220 220 220 220 219 219 218 218 219 219 218 218 218 218 218 217 217 218 218 218 218 218 218 218 218 218 218 218 218 218 218 218 218 218 218 218 218 218 218 218 218 217 217 217 217 217 217 217 218 217 217 217 218 218 218 218 217 217 217 217 217 217 217 217 217 217 218 218 218 218 NA NA NA NA NA NA NA NA NA NA NA NA NA NA NA NA NA NA NA NA NA NA NA NA NA NA NA NA NA NA NA NA NA NA NA NA NA NA NA NA NA NA NA NA NA NA NA NA NA NA NA NA NA NA NA NA NA NA NA NA NA NA NA NA NA NA NA NA NA NA NA NA NA NA
NA NA NA NA NA NA NA NA NA NA NA NA NA NA NA NA NA NA NA NA NA NA NA NA NA NA NA NA NA NA NA NA NA NA NA NA NA NA NA NA NA NA NA NA NA NA NA NA NA NA NA NA NA NA NA NA NA 225 225 226 226 225 224 224 224 224 224 224 225 225 225 225 225 225 225 225 224 224 225 224 224 224 223 223 222 222 222 222 222 222 222 222 223 224 224 224 224 223 223 223 223 224 224 223 223 223 224 224 224 223 224 224 224 224 224 225 225 225 224 224 224 223 223 223 223 223 223 223 223 223 223 223 223 223 223 224 223 223 223 222 222 223 223 223 223 223 223 223 223 223 223 223 223 223 222 222 223 223 222 223 223 223 223 223 223 222 222 222 221 222 222 222 222 222 222 222 222 222 222 222 222 222 222 222 222 222 222 222 222 222 222 222 222 222 222 222 222 222 222 221 222 222 221 221 221 221 221 221 222 222 221 221 221 221 221 221 221 221 221 221 221 221 221 221 221 221 221 221 221 220 220 220 220 220 220 220 220 220 220 220 220 220 222 222 221 221 221 221 221 221 221 221 221 222 222 221 221 221 220 221 221 221 221 221 221 221 220 220 221 221 220 220 220 220 220 220 220 220 220 220 220 220 219 219 219 219 219 219 219 219 219 219 219 219 219 219 219 219 219 218 218 219 219 219 219 219 219 219 219 219 219 219 219 219 218 218 218 219 219 219 219 219 218 218 218 218 218 218 219 219 219 219 219 219 219 219 219 219 219 219 219 220 220 220 220 220 220 220 220 220 220 220 220 219 219 219 219 220 220 220 220 219 219 219 219 219 218 218 219 218 218 218 218 218 217 218 218 218 218 218 218 218 218 218 218 218 218 218 218 218 218 218 218 218 218 218 218 218 217 218 218 217 217 217 217 217 217 217 217 217 217 217 217 217 218 217 217 217 217 217 217 217 217 218 218 218 218 218 218 NA NA NA NA NA NA NA NA NA NA NA NA NA NA NA NA NA NA NA NA NA NA NA NA NA NA NA NA NA NA NA NA NA NA NA NA NA NA NA NA NA NA NA NA NA NA NA NA NA NA NA NA NA NA NA NA NA NA NA NA NA NA NA NA NA NA NA NA NA NA NA NA NA NA
NA NA NA NA NA NA NA NA NA NA NA NA NA NA NA NA NA NA NA NA NA NA NA NA NA NA NA NA NA NA NA NA NA NA NA NA NA NA NA NA NA NA NA NA NA NA NA NA NA NA NA NA NA NA NA NA NA NA 226 226 225 225 225 225 224 224 224 224 225 225 225 225 225 225 226 225 225 225 225 225 224 224 224 223 223 223 224 224 223 223 223 222 224 223 224 224 224 223 224 223 223 224 225 224 224 224 224 224 224 224 224 224 224 224 224 224 224 224 224 224 224 224 223 223 223 223 223 223 223 223 223 223 223 223 223 223 223 224 223 223 223 223 223 223 224 223 224 223 223 223 223 224 223 223 223 222 222 222 222 223 223 222 222 223 223 223 221 221 221 222 222 222 222 222 222 222 222 222 222 222 222 222 222 222 222 222 222 222 222 222 222 222 222 222 222 222 222 222 222 222 222 222 222 221 221 221 221 221 221 221 221 221 221 221 221 221 221 221 221 221 221 221 221 221 221 221 220 221 221 220 220 220 220 220 220 220 220 220 220 220 220 220 222 222 221 222 222 221 221 221 221 221 221 222 222 221 221 221 221 221 221 221 221 221 221 221 220 220 220 221 221 220 220 220 220 220 220 220 220 220 220 220 220 220 220 220 220 220 220 219 219 219 219 219 219 219 219 219 219 218 218 219 219 219 219 219 219 219 219 219 219 219 219 219 219 219 219 219 219 219 219 219 218 218 218 218 218 218 219 219 219 219 218 219 219 219 219 219 219 219 219 219 220 220 220 220 220 220 220 220 220 220 220 219 218 219 219 220 220 219 219 219 219 219 219 219 219 219 218 219 218 218 218 218 218 218 218 218 218 218 218 218 218 218 218 218 218 218 218 218 218 218 218 218 218 218 218 218 218 218 218 217 217 217 217 217 217 217 218 217 217 217 217 217 217 217 217 218 218 218 217 217 217 218 218 218 218 218 218 NA NA NA NA NA NA NA NA NA NA NA NA NA NA NA NA NA NA NA NA NA NA NA NA NA NA NA NA NA NA NA NA NA NA NA NA NA NA NA NA NA NA NA NA NA NA NA NA NA NA NA NA NA NA NA NA NA NA NA NA NA NA NA NA NA NA NA NA NA NA NA NA NA NA
NA NA NA NA NA NA NA NA NA NA NA NA NA NA NA NA NA NA NA NA NA NA NA NA NA NA NA NA NA NA NA NA NA NA NA NA NA NA NA NA NA NA NA NA NA NA NA NA NA NA NA NA NA NA NA NA NA NA 226 226 225 225 226 225 225 225 225 224 225 225 225 225 225 226 225 225 225 226 226 225 225 225 224 224 224 224 224 224 224 224 224 224 225 224 224 224 225 225 225 225 225 225 225 225 225 225 225 225 225 225 224 224 224 224 224 224 224 224 224 224 224 224 224 224 224 224 224 224 224 223 223 223 223 223 223 223 223 223 223 223 223 223 223 223 223 223 224 224 224 224 223 224 224 223 223 223 222 222 222 222 223 222 222 222 222 221 222 222 222 222 222 222 222 222 222 222 222 222 222 222 222 222 222 222 222 222 222 222 222 222 222 222 222 222 222 222 222 222 222 222 222 222 222 222 221 221 222 222 221 222 221 221 221 221 221 221 221 221 221 221 221 221 221 221 221 220 220 220 221 220 220 220 220 220 220 220 220 220 220 220 220 220 222 222 222 222 222 222 222 222 221 221 221 221 222 222 221 221 221 220 221 221 221 221 221 221 221 221 220 220 221 221 220 220 220 220 220 220 220 220 220 220 220 220 220 220 220 220 220 219 219 219 219 219 219 219 219 219 219 218 218 219 219 219 219 219 219 219 219 219 219 219 219 219 219 219 219 219 219 219 219 218 218 218 218 218 218 219 219 219 219 219 218 219 219 219 219 219 219 218 219 219 220 220 220 220 220 220 220 220 220 220 220 219 218 219 219 219 220 219 219 219 218 218 219 219 219 219 218 218 218 218 218 218 218 218 218 218 218 218 218 218 218 218 218 218 218 218 218 218 218 218 218 218 218 218 218 218 218 218 218 218 218 217 217 217 217 217 217 217 217 217 217 217 217 218 218 218 218 218 218 218 218 218 218 218 218 218 218 NA NA NA NA NA NA NA NA NA NA NA NA NA NA NA NA NA NA NA NA NA NA NA NA NA NA NA NA NA NA NA NA NA NA NA NA NA NA NA NA NA NA NA NA NA NA NA NA NA NA NA NA NA NA NA NA NA NA NA NA NA NA NA NA NA NA NA NA NA NA NA NA NA NA
NA NA NA NA NA NA NA NA NA NA NA NA NA NA NA NA NA NA NA NA NA NA NA NA NA NA NA NA NA NA NA NA NA NA NA NA NA NA NA NA NA NA NA NA NA NA NA NA NA NA NA NA NA NA NA NA NA NA NA 226 225 225 225 225 225 225 225 225 224 224 224 225 225 226 226 225 225 226 225 225 225 225 225 224 224 224 224 225 225 224 224 224 226 225 225 225 225 226 226 226 226 226 226 226 225 225 225 225 225 225 224 224 224 224 224 224 224 224 224 224 224 224 224 224 224 224 224 224 224 224 224 223 223 223 223 223 223 223 223 223 223 223 224 224 224 224 224 224 224 224 224 224 223 223 223 222 222 222 222 222 222 222 222 222 221 222 223 224 223 222 222 222 222 222 222 222 222 222 222 222 222 222 222 222 222 222 222 222 222 222 222 222 222 222 222 222 222 222 222 222 222 222 222 222 222 222 222 222 222 221 222 221 221 221 221 221 221 221 221 221 221 221 221 221 221 220 220 220 220 221 220 220 220 220 220 220 220 220 220 220 220 220 222 222 222 222 222 222 222 222 221 221 221 221 222 222 222 221 221 221 221 221 220 221 221 221 221 221 221 220 221 221 220 220 220 220 220 220 220 220 220 220 220 220 220 220 220 220 220 219 219 219 219 219 219 219 219 219 219 218 218 219 219 219 219 219 219 219 219 219 219 219 219 219 219 219 219 219 219 219 219 219 219 219 219 219 219 219 219 219 219 219 218 219 219 219 219 219 218 218 218 219 219 220 220 220 220 220 220 221 220 221 220 220 220 219 218 219 219 219 218 218 219 219 218 219 219 219 219 219 218 218 218 218 218 218 218 218 218 218 218 218 218 218 218 218 218 218 218 218 218 218 218 218 218 218 218 218 218 218 218 218 218 218 217 218 218 217 217 217 217 218 218 218 218 218 218 218 218 218 218 218 218 218 218 218 218 218 218 NA NA NA NA NA NA NA NA NA NA NA NA NA NA NA NA NA NA NA NA NA NA NA NA NA NA NA NA NA NA NA NA NA NA NA NA NA NA NA NA NA NA NA NA NA NA NA NA NA NA NA NA NA NA NA NA NA NA NA NA NA NA NA NA NA NA NA NA NA NA NA NA NA NA
NA NA NA NA NA NA NA NA NA NA NA NA NA NA NA NA NA NA NA NA NA NA NA NA NA NA NA NA NA NA NA NA NA NA NA NA NA NA NA NA NA NA NA NA NA NA NA NA NA NA NA NA NA NA NA NA NA NA NA NA 225 225 225 225 225 225 225 225 225 224 225 224 225 225 225 225 226 226 226 225 225 225 225 225 225 225 225 225 225 225 225 224 226 226 226 226 226 226 226 226 226 226 226 225 225 225 226 225 225 225 225 225 225 224 224 224 224 224 224 224 224 224 224 224 224 224 224 224 224 224 223 223 223 223 223 223 223 223 223 223 223 223 224 224 224 224 224 224 224 224 224 224 224 224 223 222 222 223 223 222 222 223 223 223 222 222 222 223 223 223 222 222 222 222 222 222 222 222 222 222 222 222 222 222 222 222 222 222 222 222 222 222 222 222 222 222 222 222 222 222 222 222 222 222 222 222 222 222 222 222 222 221 221 221 221 221 221 221 221 221 221 221 221 221 221 220 220 220 220 220 220 220 220 220 220 220 220 220 220 220 220 220 222 222 222 221 222 222 222 222 222 222 222 222 221 222 221 221 221 221 221 221 221 221 221 221 220 220 220 221 220 220 220 220 220 220 220 220 220 220 220 220 220 220 220 220 220 220 219 219 219 219 219 219 219 219 219 219 219 219 218 219 219 219 219 219 219 219 219 219 219 219 219 219 219 219 219 219 219 219 219 219 219 219 219 219 219 219 219 218 218 219 219 218 219 219 219 219 218 219 219 219 219 220 220 220 220 220 220 220 220 220 220 220 220 220 219 218 219 219 219 218 218 218 219 219 219 218 218 219 219 218 218 218 218 218 218 219 218 218 218 218 218 218 218 218 218 218 219 219 218 218 218 218 218 218 219 219 218 218 218 218 218 218 218 218 218 218 218 218 218 218 218 218 218 218 218 218 218 218 218 218 218 218 218 218 218 218 219 NA NA NA NA NA NA NA NA NA NA NA NA NA NA NA NA NA NA NA NA NA NA NA NA NA NA NA NA NA NA NA NA NA NA NA NA NA NA NA NA NA NA NA NA NA NA NA NA NA NA NA NA NA NA NA NA NA NA NA NA NA NA NA NA NA NA NA NA NA NA NA NA NA NA
NA NA NA NA NA NA NA NA NA NA NA NA NA NA NA NA NA NA NA NA NA NA NA NA NA NA NA NA NA NA NA NA NA NA NA NA NA NA NA NA NA NA NA NA NA NA NA NA NA NA NA NA NA NA NA NA NA NA NA NA NA 225 225 225 225 225 224 224 224 225 225 224 224 225 225 225 225 226 226 225 225 225 225 225 225 225 225 225 225 225 224 224 226 226 226 226 226 226 226 226 225 225 225 225 225 225 225 225 226 225 225 225 225 224 224 224 224 224 224 224 224 224 224 224 224 224 224 224 224 223 223 223 223 223 223 223 223 223 223 223 223 223 224 223 224 224 224 223 224 224 223 224 224 223 223 222 223 223 223 223 223 223 223 223 222 222 222 222 222 223 223 223 223 223 222 222 222 222 222 222 222 222 222 222 222 222 222 222 222 222 222 222 222 222 222 222 222 222 222 222 222 222 222 222 222 222 222 222 222 222 222 222 221 221 221 221 221 221 221 222 221 221 221 221 221 221 221 220 220 220 220 220 220 220 220 220 220 220 220 220 220 220 221 222 222 222 222 222 222 222 222 222 222 222 222 221 222 222 221 221 221 221 221 221 221 221 221 221 220 220 220 220 220 220 221 221 220 220 220 220 220 220 220 220 220 220 220 220 220 219 219 219 219 219 220 220 219 219 219 219 218 219 219 219 219 219 219 219 219 219 219 219 219 219 219 219 219 219 219 219 219 219 219 219 219 219 219 219 219 218 218 218 218 219 219 219 219 218 219 218 219 219 220 220 220 220 219 220 220 220 220 220 220 220 220 220 220 219 218 218 219 219 218 218 219 219 219 219 219 219 219 218 218 218 219 218 218 218 218 218 218 218 219 218 219 219 218 219 219 219 219 219 218 218 218 219 219 219 219 218 218 218 218 218 218 218 218 218 218 218 218 218 218 218 218 218 218 218 218 218 218 218 218 218 218 218 218 218 219 NA NA NA NA NA NA NA NA NA NA NA NA NA NA NA NA NA NA NA NA NA NA NA NA NA NA NA NA NA NA NA NA NA NA NA NA NA NA NA NA NA NA NA NA NA NA NA NA NA NA NA NA NA NA NA NA NA NA NA NA NA NA NA NA NA NA NA NA NA NA NA NA NA NA
NA NA NA NA NA NA NA NA NA NA NA NA NA NA NA NA NA NA NA NA NA NA NA NA NA NA NA NA NA NA NA NA NA NA NA NA NA NA NA NA NA NA NA NA NA NA NA NA NA NA NA NA NA NA NA NA NA NA NA NA NA NA 224 224 225 225 225 225 225 225 224 225 224 225 225 226 225 226 226 225 225 225 225 225 225 225 225 224 224 224 224 224 226 226 226 226 226 226 226 226 225 225 225 225 225 225 225 225 225 225 225 225 225 225 225 225 224 224 224 224 224 224 224 223 224 224 224 224 224 224 223 224 223 223 223 223 223 223 223 223 223 223 224 224 224 224 223 223 223 223 223 223 223 223 222 222 223 223 223 223 223 223 223 223 223 222 222 222 223 223 223 223 223 223 223 222 222 222 222 222 222 222 222 222 222 222 222 222 222 222 222 222 222 222 222 222 222 222 222 222 222 222 222 222 222 222 222 222 222 222 222 222 222 221 222 221 221 221 221 222 222 221 221 221 221 221 221 221 220 220 220 220 220 220 220 220 220 220 220 220 220 220 222 222 222 222 222 222 222 222 222 222 222 222 222 221 222 222 222 221 221 221 221 221 221 221 221 221 221 221 220 220 220 220 220 221 221 221 220 220 220 220 220 220 220 220 220 220 219 219 219 219 220 220 220 219 219 219 219 219 219 219 219 219 219 219 219 219 219 219 219 219 219 219 219 219 219 219 219 219 219 219 219 219 219 219 219 219 219 219 219 219 219 219 219 219 219 219 219 219 219 219 220 220 220 220 219 220 220 220 220 220 220 220 220 220 220 220 219 219 219 218 218 218 218 218 219 219 219 218 219 219 218 218 218 219 219 219 219 218 219 219 219 219 219 219 219 219 219 219 219 218 218 218 219 219 219 219 219 218 218 218 218 218 218 218 218 218 218 218 218 218 218 218 218 218 218 218 218 218 218 218 218 218 218 218 218 219 NA NA NA NA NA NA NA NA NA NA NA NA NA NA NA NA NA NA NA NA NA NA NA NA NA NA NA NA NA NA NA NA NA NA NA NA NA NA NA NA NA NA NA NA NA NA NA NA NA NA NA NA NA NA NA NA NA NA NA NA NA NA NA NA NA NA NA NA NA NA NA NA NA NA NA
NA NA NA NA NA NA NA NA NA NA NA NA NA NA NA NA NA NA NA NA NA NA NA NA NA NA NA NA NA NA NA NA NA NA NA NA NA NA NA NA NA NA NA NA NA NA NA NA NA NA NA NA NA NA NA NA NA NA NA NA NA NA NA 225 226 226 226 226 225 225 225 224 224 224 225 226 226 226 226 225 225 225 225 225 224 224 224 224 224 224 224 224 226 226 226 226 226 226 225 225 225 225 225 225 225 225 225 225 225 225 225 225 225 225 225 225 225 224 224 223 223 223 223 223 223 223 224 224 224 224 224 224 224 223 223 223 223 223 223 223 223 223 224 224 224 224 223 224 223 223 223 223 223 222 223 223 223 222 222 222 222 222 222 223 223 223 223 223 223 223 223 223 223 223 223 223 222 222 222 222 222 222 222 222 222 222 222 222 222 222 222 222 222 222 222 222 222 222 222 222 222 222 222 222 222 222 222 222 222 222 222 222 222 222 221 221 221 221 221 222 222 222 222 222 222 222 221 221 220 220 220 220 220 220 220 220 220 220 220 220 220 220 222 222 222 222 222 222 222 222 223 223 222 222 222 222 221 222 222 222 222 222 221 221 221 221 221 221 221 220 220 220 220 220 221 221 220 221 221 220 220 220 220 220 220 220 220 220 219 220 219 219 220 220 220 219 219 219 219 219 219 219 219 219 219 219 219 219 219 219 219 219 219 219 219 219 219 219 219 219 219 219 219 219 219 219 219 219 219 219 219 218 218 218 219 219 219 219 219 219 219 219 219 220 220 220 219 220 220 220 220 220 220 220 220 220 220 220 220 219 219 219 218 218 218 218 219 219 219 218 218 219 218 219 219 219 219 219 219 219 218 219 219 219 219 219 219 219 219 219 219 218 219 219 219 219 219 219 218 218 218 218 218 218 218 218 218 218 218 218 218 218 218 218 218 218 218 218 218 218 218 218 218 218 218 219 219 219 NA NA NA NA NA NA NA NA NA NA NA NA NA NA NA NA NA NA NA NA NA NA NA NA NA NA NA NA NA NA NA NA NA NA NA NA NA NA NA NA NA NA NA NA NA NA NA NA NA NA NA NA NA NA NA NA NA NA NA NA NA NA NA NA NA NA NA NA NA NA NA NA NA NA NA
NA NA NA NA NA NA NA NA NA NA NA NA NA NA NA NA NA NA NA NA NA NA NA NA NA NA NA NA NA NA NA NA NA NA NA NA NA NA NA NA NA NA NA NA NA NA NA NA NA NA NA NA NA NA NA NA NA NA NA NA NA NA NA NA 225 225 225 225 225 225 224 224 225 225 224 225 226 226 225 225 225 225 225 225 225 224 224 224 224 224 224 224 226 226 226 226 226 226 226 226 226 225 225 225 225 225 225 225 225 225 225 225 225 225 225 224 224 224 224 223 223 223 223 223 223 223 223 223 223 223 223 224 224 223 223 223 223 223 223 223 223 223 224 224 224 224 224 224 224 224 223 223 223 223 223 223 223 223 222 222 222 222 222 222 223 223 223 223 223 223 223 223 222 223 223 223 223 222 222 222 222 222 222 222 222 222 222 222 222 222 222 222 222 222 222 222 222 222 222 222 222 222 222 222 222 222 222 222 222 222 222 222 222 222 222 222 222 222 222 222 222 222 222 222 222 221 221 221 220 220 220 220 220 220 220 220 220 220 220 220 220 220 222 222 222 222 222 222 222 222 222 222 222 222 222 222 222 222 222 222 222 222 222 222 221 221 221 221 221 221 220 220 220 220 220 221 221 220 220 220 220 220 220 220 220 220 220 219 220 220 220 220 220 220 220 220 219 219 219 219 219 219 219 219 220 220 220 220 219 219 219 219 219 219 219 219 219 219 219 219 219 219 219 219 219 219 219 219 218 218 218 218 218 218 218 218 219 219 219 218 219 219 219 220 220 220 219 220 220 220 220 220 220 220 220 220 220 220 220 220 219 219 219 219 218 218 218 219 219 219 219 219 219 219 219 219 219 219 219 219 219 219 219 219 219 219 219 219 219 219 219 219 219 219 219 219 219 219 219 219 219 219 218 218 218 218 218 218 218 218 218 218 218 218 218 218 218 218 218 218 218 218 218 218 218 218 218 219 NA NA NA NA NA NA NA NA NA NA NA NA NA NA NA NA NA NA NA NA NA NA NA NA NA NA NA NA NA NA NA NA NA NA NA NA NA NA NA NA NA NA NA NA NA NA NA NA NA NA NA NA NA NA NA NA NA NA NA NA NA NA NA NA NA NA NA NA NA NA NA NA NA NA NA
NA NA NA NA NA NA NA NA NA NA NA NA NA NA NA NA NA NA NA NA NA NA NA NA NA NA NA NA NA NA NA NA NA NA NA NA NA NA NA NA NA NA NA NA NA NA NA NA NA NA NA NA NA NA NA NA NA NA NA NA NA NA NA NA NA 225 225 225 225 224 224 224 225 225 225 225 225 226 226 225 225 225 225 225 225 224 224 224 224 224 224 224 226 226 226 226 226 226 226 226 226 225 225 225 225 225 225 225 225 225 224 224 224 224 224 224 224 224 224 224 224 224 224 223 223 223 223 223 223 223 223 223 224 224 224 224 223 223 223 223 223 223 224 224 224 224 224 224 224 224 223 223 223 223 223 224 224 223 222 222 222 222 222 222 222 222 223 223 223 223 223 223 222 222 223 223 223 223 223 222 222 222 222 222 222 222 222 222 222 222 222 222 222 222 222 222 222 222 222 222 222 222 222 222 222 222 222 222 222 222 222 222 222 222 222 222 221 221 221 221 221 221 222 222 222 222 222 221 221 220 220 220 220 220 220 220 220 220 220 220 220 220 222 222 222 222 222 222 222 222 222 222 222 222 222 222 222 222 222 222 222 222 222 222 222 221 221 221 221 221 221 220 220 220 220 220 221 220 220 220 220 220 220 220 220 220 220 220 220 220 220 220 220 221 220 219 219 219 219 219 219 219 219 219 220 220 220 220 220 220 219 219 219 219 219 219 219 219 219 219 219 219 219 219 219 219 219 220 219 219 219 219 219 219 219 219 219 219 219 218 219 219 219 220 220 220 219 220 220 220 220 220 220 220 219 219 220 220 220 220 219 219 219 219 219 219 219 219 219 219 219 219 219 219 219 219 219 219 219 219 219 219 219 219 219 219 219 219 219 219 219 219 219 219 219 219 219 219 219 219 219 219 218 218 218 218 218 218 218 218 218 218 218 218 218 218 218 218 218 218 218 218 218 218 219 218 218 NA NA NA NA NA NA NA NA NA NA NA NA NA NA NA NA NA NA NA NA NA NA NA NA NA NA NA NA NA NA NA NA NA NA NA NA NA NA NA NA NA NA NA NA NA NA NA NA NA NA NA NA NA NA NA NA NA NA NA NA NA NA NA NA NA NA NA NA NA NA NA NA NA NA NA NA
NA NA NA NA NA NA NA NA NA NA NA NA NA NA NA NA NA NA NA NA NA NA NA NA NA NA NA NA NA NA NA NA NA NA NA NA NA NA NA NA NA NA NA NA NA NA NA NA NA NA NA NA NA NA NA NA NA NA NA NA NA NA NA NA NA NA 225 225 225 225 224 225 225 225 225 225 225 226 226 225 225 225 224 225 225 224 224 224 224 224 224 224 226 226 226 226 226 226 226 226 226 226 225 225 225 225 225 225 225 225 225 224 225 225 225 225 225 225 225 225 225 224 224 224 223 223 223 223 223 222 222 223 223 224 224 224 224 223 223 223 223 223 224 224 224 224 224 224 224 224 224 224 224 223 223 223 224 223 223 223 222 223 223 223 223 223 223 223 222 223 223 222 222 222 222 222 223 223 223 223 222 223 222 222 222 222 222 222 222 222 222 222 222 222 222 222 222 222 222 222 222 222 222 222 222 222 222 222 222 222 222 222 222 222 222 222 222 222 222 222 222 221 222 222 222 222 222 221 221 220 220 220 220 220 220 220 220 220 220 220 220 220 222 222 223 222 222 222 222 222 222 222 222 222 222 222 222 222 222 222 222 222 222 221 222 221 221 221 221 221 221 221 221 220 220 220 220 220 220 220 220 220 220 220 220 220 220 220 220 220 220 220 221 221 220 219 219 219 219 219 219 219 219 220 220 220 220 220 220 220 219 219 219 219 219 219 219 219 220 219 219 220 219 219 219 219 219 219 220 219 219 219 219 219 219 220 220 219 219 219 219 219 220 220 220 220 220 220 219 219 219 219 220 220 219 219 220 220 220 219 219 219 219 219 219 219 219 219 219 219 219 219 219 219 219 219 219 219 219 219 219 219 219 219 219 219 219 219 220 219 219 219 219 219 219 219 219 219 219 219 219 219 219 219 219 219 219 218 218 218 218 218 219 219 218 218 218 218 218 218 218 218 219 218 219 219 219 NA NA NA NA NA NA NA NA NA NA NA NA NA NA NA NA NA NA NA NA NA NA NA NA NA NA NA NA NA NA NA NA NA NA NA NA NA NA NA NA NA NA NA NA NA NA NA NA NA NA NA NA NA NA NA NA NA NA NA NA NA NA NA NA NA NA NA NA NA NA NA NA NA NA NA NA
NA NA NA NA NA NA NA NA NA NA NA NA NA NA NA NA NA NA NA NA NA NA NA NA NA NA NA NA NA NA NA NA NA NA NA NA NA NA NA NA NA NA NA NA NA NA NA NA NA NA NA NA NA NA NA NA NA NA NA NA NA NA NA NA NA NA NA 225 225 225 224 225 225 225 225 225 225 225 225 225 224 225 224 224 224 224 224 224 224 224 224 224 226 226 226 226 226 226 226 226 226 226 226 225 225 226 225 225 225 225 225 225 225 225 225 225 225 225 225 225 225 225 224 224 223 224 224 223 224 223 223 222 223 223 224 224 224 224 224 224 224 223 224 224 224 224 224 224 224 224 224 224 224 223 223 223 224 224 223 223 222 222 223 223 223 223 223 222 222 222 222 222 222 222 222 222 222 223 223 223 223 223 223 222 222 222 222 222 222 222 222 222 222 222 222 222 222 222 222 222 222 222 222 222 222 222 222 222 222 222 222 222 222 222 222 222 222 222 222 222 221 222 222 222 222 222 221 221 221 220 220 220 220 220 220 220 220 220 220 220 220 220 222 222 223 222 222 222 222 223 222 222 222 223 223 223 223 223 223 223 222 222 222 222 221 221 221 221 221 221 221 221 221 221 221 221 221 220 220 220 220 220 221 220 220 220 220 220 220 220 220 220 221 221 220 220 219 219 219 219 219 219 219 220 220 220 220 220 220 220 220 219 219 219 219 219 219 220 220 220 220 220 220 220 219 219 219 219 220 219 219 219 219 219 219 219 220 220 220 219 219 219 220 220 220 220 220 220 220 219 219 219 219 219 220 219 220 219 219 219 219 219 219 219 219 219 219 219 219 219 219 219 219 219 219 219 219 219 219 219 219 219 219 219 219 219 219 219 219 219 219 219 219 219 219 219 219 219 219 219 219 219 219 219 219 219 219 218 218 219 219 218 219 219 219 218 218 218 218 218 218 218 219 219 219 219 NA NA NA NA NA NA NA NA NA NA NA NA NA NA NA NA NA NA NA NA NA NA NA NA NA NA NA NA NA NA NA NA NA NA NA NA NA NA NA NA NA NA NA NA NA NA NA NA NA NA NA NA NA NA NA NA NA NA NA NA NA NA NA NA NA NA NA NA NA NA NA NA NA NA NA NA NA
NA NA NA NA NA NA NA NA NA NA NA NA NA NA NA NA NA NA NA NA NA NA NA NA NA NA NA NA NA NA NA NA NA NA NA NA NA NA NA NA NA NA NA NA NA NA NA NA NA NA NA NA NA NA NA NA NA NA NA NA NA NA NA NA NA NA NA 225 225 224 224 224 224 224 224 224 224 224 224 224 224 224 224 223 224 224 224 224 225 225 224 224 226 226 226 226 226 226 226 226 226 226 226 226 226 226 225 225 225 225 225 225 225 225 225 225 225 225 225 225 225 225 225 225 224 224 224 224 224 223 223 222 222 223 223 223 223 224 224 224 224 224 224 224 224 224 224 224 224 224 224 224 224 223 223 223 223 223 224 223 223 223 222 222 223 223 223 223 222 222 222 222 222 222 222 222 222 222 223 223 223 223 223 223 223 222 222 222 222 222 222 222 222 222 222 222 222 222 222 222 222 222 222 222 222 222 222 222 222 222 222 222 222 222 222 222 222 222 222 222 222 221 221 222 222 222 222 222 221 221 220 220 220 220 220 220 220 220 220 220 220 220 222 222 222 222 222 222 222 222 222 222 223 223 222 222 222 223 222 222 222 222 222 222 222 221 221 221 222 221 221 221 221 221 221 221 221 221 221 221 221 221 221 220 220 220 220 220 221 221 221 221 220 220 220 219 219 219 219 219 219 219 220 220 220 220 220 220 220 220 220 220 219 219 219 219 219 220 220 220 220 220 219 219 220 219 219 219 219 220 220 220 219 219 219 219 219 220 220 220 220 219 220 220 220 220 220 220 220 220 219 219 219 219 219 219 219 219 219 219 219 219 219 219 219 219 219 219 219 219 219 220 219 219 219 219 219 219 219 219 219 219 219 220 220 219 219 219 219 219 219 219 219 219 219 219 219 219 219 219 219 219 219 219 218 218 218 218 218 218 218 218 218 218 219 219 218 218 218 218 219 219 219 219 219 NA NA NA NA NA NA NA NA NA NA NA NA NA NA NA NA NA NA NA NA NA NA NA NA NA NA NA NA NA NA NA NA NA NA NA NA NA NA NA NA NA NA NA NA NA NA NA NA NA NA NA NA NA NA NA NA NA NA NA NA NA NA NA NA NA NA NA NA NA NA NA NA NA NA NA NA NA NA
NA NA NA NA NA NA NA NA NA NA NA NA NA NA NA NA NA NA NA NA NA NA NA NA NA NA NA NA NA NA NA NA NA NA NA NA NA NA NA NA NA NA NA NA NA NA NA NA NA NA NA NA NA NA NA NA NA NA NA NA NA NA NA NA NA NA NA NA 224 224 224 223 223 223 223 224 224 224 224 224 223 224 223 223 223 224 225 225 225 225 225 225 226 226 226 226 226 226 226 226 226 226 226 226 226 226 226 226 225 225 225 225 225 225 225 225 225 225 225 225 225 225 225 225 225 225 224 224 224 224 224 223 223 222 223 223 223 223 223 223 223 223 224 224 224 224 224 224 224 224 224 224 224 223 224 224 223 223 223 223 224 223 223 222 223 223 223 222 222 222 223 223 223 222 222 222 222 222 222 222 223 223 223 223 223 222 222 222 222 222 222 222 222 222 222 222 222 222 222 222 222 222 222 222 222 222 222 222 222 222 222 222 222 222 222 222 222 222 222 222 222 221 222 222 222 222 222 222 222 221 221 220 220 220 220 220 220 220 220 220 220 220 222 222 222 222 222 222 222 222 222 222 223 223 222 222 222 222 222 222 222 222 221 221 221 221 221 221 221 222 221 221 221 221 221 221 221 221 221 221 221 221 220 220 221 220 221 220 220 221 221 221 221 221 220 220 219 219 219 219 219 219 220 220 220 220 220 220 220 220 220 220 219 219 219 219 219 220 220 220 220 219 219 219 219 219 219 219 219 219 220 219 219 219 219 219 219 220 220 220 220 220 220 220 220 220 220 220 219 220 219 219 219 219 219 219 219 219 219 219 219 219 219 219 219 219 219 219 219 219 219 219 219 219 219 219 219 219 219 219 219 219 219 220 220 220 220 219 219 219 219 219 219 219 219 219 219 219 219 219 219 219 219 219 218 218 218 219 218 218 218 218 218 218 218 218 218 218 218 218 219 219 219 219 219 NA NA NA NA NA NA NA NA NA NA NA NA NA NA NA NA NA NA NA NA NA NA NA NA NA NA NA NA NA NA NA NA NA NA NA NA NA NA NA NA NA NA NA NA NA NA NA NA NA NA NA NA NA NA NA NA NA NA NA NA NA NA NA NA NA NA NA NA NA NA NA NA NA NA NA NA NA NA
NA NA NA NA NA NA NA NA NA NA NA NA NA NA NA NA NA NA NA NA NA NA NA NA NA NA NA NA NA NA NA NA NA NA NA NA NA NA NA NA NA NA NA NA NA NA NA NA NA NA NA NA NA NA NA NA NA NA NA NA NA NA NA NA NA NA NA NA NA 225 224 224 224 224 223 223 223 224 224 224 224 223 223 223 223 224 224 224 224 224 225 225 227 227 226 226 226 226 226 226 226 226 226 226 226 226 226 226 225 225 225 225 225 225 225 225 225 225 226 225 225 225 225 225 225 225 225 225 225 225 224 224 224 223 223 223 223 223 223 223 223 224 224 224 224 224 224 224 224 224 224 224 224 223 223 223 224 223 223 223 223 223 223 223 223 222 222 222 223 223 223 223 223 222 222 222 222 222 222 222 222 223 223 223 223 223 223 222 222 222 222 222 222 222 222 222 222 222 222 222 222 222 222 222 222 222 222 222 222 222 222 222 222 222 222 222 222 222 222 222 222 221 222 222 222 222 222 222 222 221 221 221 221 221 220 220 220 220 220 221 221 220 222 222 222 222 222 222 222 222 222 222 223 223 222 222 222 222 222 222 222 222 222 222 221 221 221 221 221 221 221 222 221 221 221 221 221 221 221 221 221 221 221 221 221 221 221 221 221 221 221 221 221 220 220 219 219 219 219 219 219 220 220 220 220 220 220 220 220 220 220 220 220 219 219 220 220 220 220 219 219 219 219 219 220 219 219 219 220 219 219 219 219 219 219 219 219 219 219 220 220 220 220 220 220 220 220 220 220 219 219 219 219 219 219 219 219 219 219 219 220 219 219 219 219 219 219 219 219 219 219 219 219 219 219 219 219 219 219 219 219 219 219 219 219 220 220 219 219 219 219 219 219 219 219 219 219 219 219 219 219 219 219 219 219 219 218 219 219 218 219 218 218 218 218 219 219 218 218 218 218 219 219 219 219 NA NA NA NA NA NA NA NA NA NA NA NA NA NA NA NA NA NA NA NA NA NA NA NA NA NA NA NA NA NA NA NA NA NA NA NA NA NA NA NA NA NA NA NA NA NA NA NA NA NA NA NA NA NA NA NA NA NA NA NA NA NA NA NA NA NA NA NA NA NA NA NA NA NA NA NA NA NA
NA NA NA NA NA NA NA NA NA NA NA NA NA NA NA NA NA NA NA NA NA NA NA NA NA NA NA NA NA NA NA NA NA NA NA NA NA NA NA NA NA NA NA NA NA NA NA NA NA NA NA NA NA NA NA NA NA NA NA NA NA NA NA NA NA NA NA NA NA NA NA 224 NA 224 223 222 223 224 224 223 224 223 223 223 223 223 223 223 224 224 224 224 227 227 226 226 226 226 226 226 225 226 226 225 225 225 226 226 226 226 226 225 225 225 225 225 225 225 225 225 225 225 225 225 225 225 225 225 225 225 225 224 224 223 223 223 223 223 223 224 224 224 224 224 224 224 224 224 224 224 224 224 224 223 223 223 223 224 223 223 223 224 223 223 224 224 223 222 222 222 222 223 223 223 223 223 223 223 222 222 222 222 223 223 223 223 223 223 223 222 222 222 222 222 222 222 222 222 222 222 222 222 222 222 222 222 222 222 222 222 222 222 222 222 222 222 222 222 222 222 222 221 222 222 222 222 222 222 222 222 221 221 221 221 220 220 220 220 220 221 221 221 222 222 222 222 223 222 222 222 222 222 222 223 223 222 222 222 222 222 223 223 222 222 222 222 221 221 221 221 221 221 221 221 221 221 221 221 221 221 221 221 221 221 221 221 221 221 221 221 221 221 221 220 220 220 219 219 219 220 220 220 220 220 220 220 220 220 220 220 220 220 220 219 219 219 219 219 219 219 219 219 220 220 220 220 220 220 220 220 220 219 219 219 220 219 219 219 219 219 219 219 220 221 220 220 220 220 220 220 220 219 219 219 219 219 219 219 219 219 219 219 219 219 219 219 219 219 219 219 219 219 219 219 219 219 219 219 219 219 219 219 219 219 219 219 220 220 219 219 219 219 219 219 219 219 219 219 219 219 219 219 219 219 219 219 218 219 219 219 219 219 218 219 219 219 219 218 218 218 219 219 219 219 219 219 NA NA NA NA NA NA NA NA NA NA NA NA NA NA NA NA NA NA NA NA NA NA NA NA NA NA NA NA NA NA NA NA NA NA NA NA NA NA NA NA NA NA NA NA NA NA NA NA NA NA NA NA NA NA NA NA NA NA NA NA NA NA NA NA NA NA NA NA NA NA NA NA NA NA NA NA NA
NA NA NA NA NA NA NA NA NA NA NA NA NA NA NA NA NA NA NA NA NA NA NA NA NA NA NA NA NA NA NA NA NA NA NA NA NA NA NA NA NA NA NA NA NA NA NA NA NA NA NA NA NA NA NA NA NA NA NA NA NA NA NA NA NA NA NA NA NA NA NA NA NA NA 224 223 223 224 224 223 223 223 223 223 224 224 223 224 223 223 224 224 227 227 227 227 226 226 226 226 225 225 225 225 225 225 225 225 225 225 225 226 225 225 225 225 225 225 226 226 225 225 225 225 225 225 225 225 225 225 225 224 224 224 224 224 224 224 224 224 224 224 224 224 224 224 224 224 224 224 224 224 224 224 223 223 224 224 223 223 223 223 223 224 224 223 223 223 222 222 222 223 223 223 223 223 223 223 223 223 223 223 223 223 223 223 223 223 223 223 222 222 222 222 222 222 223 222 222 222 222 222 222 222 222 222 222 222 222 222 222 222 222 222 222 222 222 222 222 222 222 221 222 222 222 222 222 222 222 222 221 221 221 221 221 220 220 220 220 220 221 221 222 222 222 222 223 223 222 222 222 222 223 223 223 223 222 222 222 223 222 222 222 222 222 221 221 221 221 221 221 221 221 221 221 221 221 221 221 221 221 221 221 221 221 221 221 221 221 221 221 221 221 220 220 220 220 220 220 220 220 220 220 220 220 220 220 220 220 220 220 220 220 220 220 220 220 220 220 220 220 220 220 220 220 220 220 220 220 220 219 219 219 220 220 220 220 219 219 219 219 219 220 220 220 221 220 220 221 220 220 220 220 220 219 219 219 219 219 219 219 219 219 219 219 219 219 219 219 220 219 219 219 219 220 220 219 219 219 219 219 219 219 219 219 220 220 220 219 219 219 219 219 219 219 219 220 220 219 219 219 219 219 219 219 219 219 219 219 219 219 219 219 219 219 219 219 219 219 218 219 219 219 219 219 219 NA NA NA NA NA NA NA NA NA NA NA NA NA NA NA NA NA NA NA NA NA NA NA NA NA NA NA NA NA NA NA NA NA NA NA NA NA NA NA NA NA NA NA NA NA NA NA NA NA NA NA NA NA NA NA NA NA NA NA NA NA NA NA NA NA NA NA NA NA NA NA NA NA NA NA NA NA
NA NA NA NA NA NA NA NA NA NA NA NA NA NA NA NA NA NA NA NA NA NA NA NA NA NA NA NA NA NA NA NA NA NA NA NA NA NA NA NA NA NA NA NA NA NA NA NA NA NA NA NA NA NA NA NA NA NA NA NA NA NA NA NA NA NA NA NA NA NA NA NA NA NA 224 224 223 224 224 223 223 223 223 223 224 224 224 224 224 224 225 224 227 227 227 227 227 227 227 226 226 226 225 225 225 225 225 225 225 225 225 225 225 226 226 226 225 225 225 226 225 225 225 225 225 225 225 225 224 224 224 224 224 224 224 224 224 224 224 224 224 224 225 225 224 224 223 224 224 224 224 224 224 224 223 223 224 224 224 224 223 223 223 223 224 224 223 223 222 222 223 223 223 223 223 223 223 223 223 223 223 223 223 223 223 223 223 223 223 223 223 223 223 222 223 223 222 222 222 222 222 222 222 222 222 222 222 222 222 222 222 222 222 222 222 222 222 222 222 222 222 222 222 222 222 222 222 221 222 222 222 222 221 221 221 221 220 220 220 221 221 221 223 222 222 222 222 222 223 223 223 223 222 223 223 223 223 222 222 222 222 222 222 222 222 222 222 222 222 222 222 222 222 221 221 221 221 221 221 221 221 221 221 221 221 221 221 221 221 221 221 221 220 220 220 220 220 220 220 220 220 220 220 220 220 220 220 220 220 220 220 220 220 220 220 220 220 220 220 220 220 220 220 220 220 220 220 220 220 220 219 219 220 219 219 219 220 220 220 220 220 219 219 220 220 220 220 220 220 221 221 221 221 220 220 219 219 220 219 219 220 219 220 220 220 221 221 221 221 222 221 220 219 219 220 220 220 219 220 219 219 219 219 220 219 219 220 220 219 219 219 219 219 219 220 220 220 220 219 219 219 219 219 219 219 219 219 219 219 219 219 219 219 219 219 219 219 219 219 219 219 219 219 219 219 219 219 NA NA NA NA NA NA NA NA NA NA NA NA NA NA NA NA NA NA NA NA NA NA NA NA NA NA NA NA NA NA NA NA NA NA NA NA NA NA NA NA NA NA NA NA NA NA NA NA NA NA NA NA NA NA NA NA NA NA NA NA NA NA NA NA NA NA NA NA NA NA NA NA NA NA NA NA
NA NA NA NA NA NA NA NA NA NA NA NA NA NA NA NA NA NA NA NA NA NA NA NA NA NA NA NA NA NA NA NA NA NA NA NA NA NA NA NA NA NA NA NA NA NA NA NA NA NA NA NA NA NA NA NA NA NA NA NA NA NA NA NA NA NA NA NA NA NA NA NA NA NA NA NA NA 223 223 223 223 223 224 224 224 224 224 225 225 225 225 225 227 227 227 227 227 227 227 227 226 226 226 226 226 225 225 225 225 225 225 225 225 225 225 225 226 225 225 225 225 225 225 225 225 225 225 225 225 224 224 224 224 223 223 223 223 223 223 224 223 224 225 225 225 224 224 224 224 224 224 224 223 224 223 224 224 224 224 224 223 223 223 223 223 223 223 223 223 223 222 222 223 223 223 223 223 223 223 223 223 223 223 223 223 223 223 223 224 223 223 223 223 223 222 223 223 223 223 222 222 222 222 222 222 222 222 222 222 222 222 222 222 222 222 222 222 222 222 222 222 222 222 222 222 222 222 221 222 221 222 222 222 222 221 221 221 221 221 221 221 221 223 223 222 222 222 222 222 223 223 223 222 222 223 222 222 222 222 222 222 222 222 222 222 222 222 222 222 222 222 222 222 222 222 222 222 221 222 222 222 222 221 221 221 221 221 220 221 221 221 220 220 220 220 220 220 220 220 220 220 220 220 220 220 220 220 220 220 220 220 220 220 220 220 220 220 220 220 220 220 220 220 220 220 220 220 220 220 220 220 220 220 220 219 219 220 220 220 220 220 220 220 220 220 220 220 220 220 220 221 221 221 221 221 220 220 220 220 219 220 220 220 220 221 222 221 221 222 222 221 221 220 219 220 220 220 220 220 220 220 219 220 219 219 219 219 220 220 220 219 219 220 220 220 220 219 219 219 219 219 219 219 219 219 219 219 219 219 219 219 219 219 219 219 219 219 219 219 219 219 219 219 219 220 219 219 219 NA NA NA NA NA NA NA NA NA NA NA NA NA NA NA NA NA NA NA NA NA NA NA NA NA NA NA NA NA NA NA NA NA NA NA NA NA NA NA NA NA NA NA NA NA NA NA NA NA NA NA NA NA NA NA NA NA NA NA NA NA NA NA NA NA NA NA NA NA NA NA NA NA NA NA
NA NA NA NA NA NA NA NA NA NA NA NA NA NA NA NA NA NA NA NA NA NA NA NA NA NA NA NA NA NA NA NA NA NA NA NA NA NA NA NA NA NA NA NA NA NA NA NA NA NA NA NA NA NA NA NA NA NA NA NA NA NA NA NA NA NA NA NA NA NA NA NA NA NA NA NA NA NA 223 223 224 223 223 224 224 224 224 225 225 225 225 225 227 227 227 227 227 227 227 227 227 227 227 226 226 226 226 226 226 225 225 225 225 225 225 225 225 225 225 225 225 225 225 225 225 225 225 224 225 225 225 225 224 223 224 224 224 223 223 223 223 223 224 224 224 224 224 224 224 224 224 223 223 223 223 223 224 224 224 224 224 224 223 223 223 223 223 224 223 223 223 222 222 223 223 223 223 223 223 223 223 223 223 223 223 223 223 223 223 223 223 223 222 223 223 222 222 223 223 223 223 223 223 222 222 222 222 222 222 222 222 222 222 222 222 222 222 222 222 222 222 222 222 222 222 222 221 221 221 221 222 222 222 222 221 221 221 221 221 221 221 221 223 223 222 222 222 222 222 222 223 222 222 222 222 222 223 223 223 222 222 222 222 222 222 222 222 222 222 222 222 222 222 222 222 222 222 221 221 221 221 222 222 221 221 221 221 220 220 221 221 221 220 220 220 220 220 220 220 220 220 220 220 220 220 220 220 220 220 220 220 220 220 220 220 220 220 220 220 220 220 220 220 220 220 220 220 220 220 220 220 220 220 220 219 219 219 220 220 219 220 220 221 221 220 221 220 220 220 220 221 221 221 221 221 221 221 221 220 220 220 220 220 220 221 221 221 220 221 221 221 221 221 220 220 220 220 221 221 220 220 220 220 220 219 219 219 220 220 220 220 220 220 220 220 220 219 219 220 220 219 219 219 219 219 219 219 219 219 219 220 219 219 219 219 219 219 219 219 219 219 219 219 219 220 220 219 219 219 NA NA NA NA NA NA NA NA NA NA NA NA NA NA NA NA NA NA NA NA NA NA NA NA NA NA NA NA NA NA NA NA NA NA NA NA NA NA NA NA NA NA NA NA NA NA NA NA NA NA NA NA NA NA NA NA NA NA NA NA NA NA NA NA NA NA NA NA NA NA NA NA NA NA
NA NA NA NA NA NA NA NA NA NA NA NA NA NA NA NA NA NA NA NA NA NA NA NA NA NA NA NA NA NA NA NA NA NA NA NA NA NA NA NA NA NA NA NA NA NA NA NA NA NA NA NA NA NA NA NA NA NA NA NA NA NA NA NA NA NA NA NA NA NA NA NA NA NA NA NA NA NA 224 224 224 224 224 224 224 225 225 225 225 225 225 225 227 227 227 227 227 227 227 227 227 227 227 227 227 226 226 226 226 226 225 225 225 225 225 225 226 226 225 225 225 225 225 225 225 225 225 224 224 225 225 225 224 223 224 224 224 224 223 223 223 222 223 223 223 223 224 224 224 224 223 223 223 223 223 223 223 224 224 224 224 224 224 224 223 223 223 223 224 223 223 222 222 222 223 223 223 223 223 223 223 223 223 223 223 223 223 223 223 223 223 223 223 223 223 223 223 223 222 223 223 222 222 222 222 222 222 222 222 222 222 222 222 222 222 222 222 222 222 222 222 222 222 222 222 222 222 221 221 222 222 222 222 221 221 221 221 221 221 221 221 221 223 223 222 223 222 222 222 222 222 222 222 222 222 223 223 223 223 222 222 222 222 222 222 222 221 222 222 222 222 222 222 222 221 221 221 221 221 221 221 221 222 221 221 221 221 221 220 220 221 220 220 220 220 220 220 220 220 220 220 220 220 220 220 220 220 220 220 220 220 220 220 220 220 220 220 220 220 220 220 220 220 220 220 220 220 220 220 220 220 220 220 220 220 220 219 219 220 220 220 220 220 220 220 220 220 220 220 220 220 221 221 220 220 220 220 221 221 221 220 221 221 220 220 221 220 221 221 221 221 221 221 221 220 220 220 221 221 220 220 220 220 220 220 220 220 220 220 221 220 220 220 220 220 219 219 219 219 220 219 219 219 219 219 219 219 219 219 220 220 220 219 219 219 219 219 219 219 219 219 219 219 219 219 220 219 219 220 220 NA NA NA NA NA NA NA NA NA NA NA NA NA NA NA NA NA NA NA NA NA NA NA NA NA NA NA NA NA NA NA NA NA NA NA NA NA NA NA NA NA NA NA NA NA NA NA NA NA NA NA NA NA NA NA NA NA NA NA NA NA NA NA NA NA NA NA NA NA NA NA NA NA
NA NA NA NA NA NA NA NA NA NA NA NA NA NA NA NA NA NA NA NA NA NA NA NA NA NA NA NA NA NA NA NA NA NA NA NA NA NA NA NA NA NA NA NA NA NA NA NA NA NA NA NA NA NA NA NA NA NA NA NA NA NA NA NA NA NA NA NA NA NA NA NA NA NA NA NA NA NA NA 223 223 223 223 223 223 223 224 224 224 224 224 225 224 224 224 224 224 225 225 225 225 225 225 225 225 224 224 224 223 224 224 223 223 223 223 223 223 223 223 223 223 223 223 223 223 222 222 222 222 222 222 222 222 221 222 222 222 222 222 222 222 222 222 221 221 221 221 221 221 221 222 221 221 221 221 221 221 222 222 222 222 222 222 222 222 222 222 222 222 222 222 221 221 221 221 221 221 222 222 222 222 222 222 222 222 221 221 222 222 222 222 222 222 222 222 221 221 221 221 221 221 221 221 221 221 221 221 221 221 221 221 221 221 221 221 221 221 221 221 221 221 221 221 221 221 221 221 221 221 221 221 221 221 221 221 221 220 220 220 220 221 221 223 223 223 223 222 222 222 223 223 223 223 223 223 223 223 223 223 223 223 223 222 222 222 222 222 222 222 222 222 222 222 221 221 221 221 221 221 221 221 221 221 221 221 221 221 221 221 221 220 220 221 220 220 221 221 221 221 221 221 221 221 221 221 221 221 221 221 221 221 221 221 221 220 220 220 220 220 220 220 220 220 220 220 220 220 220 220 220 220 220 220 220 221 221 220 221 221 221 220 220 220 220 220 220 220 220 221 221 221 221 220 220 220 220 220 221 221 221 221 221 221 221 221 221 221 221 221 221 221 221 221 221 221 220 220 220 220 221 221 220 221 221 220 220 220 220 220 220 220 220 219 220 220 220 219 219 219 221 220 220 219 219 219 219 219 220 220 220 220 220 220 219 220 219 219 219 219 219 219 219 219 220 220 220 219 220 220 220 NA NA NA NA NA NA NA NA NA NA NA NA NA NA NA NA NA NA NA NA NA NA NA NA NA NA NA NA NA NA NA NA NA NA NA NA NA NA NA NA NA NA NA NA NA NA NA NA NA NA NA NA NA NA NA NA NA NA NA NA NA NA NA NA NA NA NA NA NA NA NA NA NA
NA NA NA NA NA NA NA NA NA NA NA NA NA NA NA NA NA NA NA NA NA NA NA NA NA NA NA NA NA NA NA NA NA NA NA NA NA NA NA NA NA NA NA NA NA NA NA NA NA NA NA NA NA NA NA NA NA NA NA NA NA NA NA NA NA NA NA NA NA NA NA NA NA NA NA NA NA NA NA NA 222 222 222 223 223 223 223 224 224 224 225 225 224 224 224 224 224 224 225 224 225 225 225 225 225 225 225 224 224 224 224 224 224 223 223 223 223 223 223 224 223 223 223 223 223 222 222 222 222 222 223 222 222 221 222 222 222 222 223 223 223 222 222 222 221 222 222 222 222 222 223 222 222 222 221 221 222 222 222 222 222 222 222 222 222 222 222 222 222 222 222 221 221 221 221 221 221 221 222 222 222 222 222 222 222 222 222 222 222 222 222 222 222 222 222 221 221 221 222 222 221 222 222 222 222 221 221 221 222 222 222 222 221 221 221 221 221 221 221 221 221 221 221 221 221 221 221 221 221 221 221 221 221 221 221 221 221 220 220 221 221 221 223 223 223 223 223 223 223 223 222 222 223 223 223 223 223 222 223 223 223 222 222 222 222 222 221 222 222 222 222 222 222 222 222 222 222 222 222 222 221 221 221 221 221 221 221 221 221 221 221 221 221 221 220 221 221 221 221 221 221 221 221 221 221 221 221 221 221 221 221 221 221 221 220 220 220 220 220 220 220 220 220 220 220 220 220 220 220 220 220 220 220 220 220 221 220 221 220 220 220 220 220 220 220 220 220 220 221 221 221 221 220 220 220 220 221 221 221 221 221 221 221 221 221 221 221 221 221 221 221 221 221 221 221 221 220 220 220 220 221 221 221 221 221 220 220 220 220 220 220 220 220 220 220 220 219 219 219 220 221 220 220 219 219 219 219 219 219 220 220 220 220 220 220 220 219 219 219 219 219 219 219 220 220 220 220 220 220 220 NA NA NA NA NA NA NA NA NA NA NA NA NA NA NA NA NA NA NA NA NA NA NA NA NA NA NA NA NA NA NA NA NA NA NA NA NA NA NA NA NA NA NA NA NA NA NA NA NA NA NA NA NA NA NA NA NA NA NA NA NA NA NA NA NA NA NA NA NA NA NA NA NA
NA NA NA NA NA NA NA NA NA NA NA NA NA NA NA NA NA NA NA NA NA NA NA NA NA NA NA NA NA NA NA NA NA NA NA NA NA NA NA NA NA NA NA NA NA NA NA NA NA NA NA NA NA NA NA NA NA NA NA NA NA NA NA NA NA NA NA NA NA NA NA NA NA NA NA NA NA NA NA NA NA 223 222 222 223 223 223 223 223 224 224 224 224 224 224 224 225 224 224 225 225 225 225 225 225 225 225 224 224 224 225 224 224 224 223 223 223 223 223 224 223 223 223 223 223 223 222 222 222 222 222 223 223 222 221 221 222 222 222 222 223 223 223 223 222 222 222 222 222 222 222 222 222 222 222 221 221 222 222 222 222 222 222 222 222 222 222 222 222 222 222 221 222 222 221 222 221 221 221 222 222 222 222 222 222 222 222 222 222 222 222 222 222 222 222 222 221 222 222 222 222 222 222 222 222 222 222 222 222 222 222 221 221 221 221 222 221 221 221 221 221 221 221 221 221 221 221 221 221 221 221 221 221 221 221 221 221 221 221 221 221 221 223 223 223 223 223 223 223 223 223 223 223 223 223 223 223 222 222 222 223 223 222 222 222 222 222 222 222 222 222 222 222 222 222 222 222 222 222 222 221 221 221 221 221 221 221 221 221 221 221 221 221 221 221 221 221 221 221 221 221 221 221 221 221 221 221 221 221 221 221 221 221 221 221 220 221 220 220 221 221 221 221 220 220 220 221 221 221 221 220 220 220 220 220 220 220 220 220 220 220 220 220 220 220 220 220 221 221 221 221 221 220 220 220 220 221 221 220 221 221 221 221 221 221 221 221 221 221 221 221 221 221 221 221 221 220 220 220 220 220 220 220 220 220 220 220 220 220 220 220 220 220 220 220 220 219 219 219 220 221 221 221 220 220 220 219 220 220 220 219 219 220 220 220 220 220 219 219 219 219 219 220 220 220 220 220 220 220 NA NA NA NA NA NA NA NA NA NA NA NA NA NA NA NA NA NA NA NA NA NA NA NA NA NA NA NA NA NA NA NA NA NA NA NA NA NA NA NA NA NA NA NA NA NA NA NA NA NA NA NA NA NA NA NA NA NA NA NA NA NA NA NA NA NA NA NA NA NA NA NA NA NA
NA NA NA NA NA NA NA NA NA NA NA NA NA NA NA NA NA NA NA NA NA NA NA NA NA NA NA NA NA NA NA NA NA NA NA NA NA NA NA NA NA NA NA NA NA NA NA NA NA NA NA NA NA NA NA NA NA NA NA NA NA NA NA NA NA NA NA NA NA NA NA NA NA NA NA NA NA NA NA NA NA NA NA 223 223 223 223 223 223 224 224 224 224 224 224 224 224 224 224 224 224 224 225 225 225 225 225 225 225 225 224 224 224 224 224 224 223 223 223 223 223 223 223 223 223 223 222 222 222 222 222 223 223 223 222 221 221 222 223 222 222 223 223 223 223 222 222 222 222 222 222 222 222 222 221 221 221 221 222 222 222 222 222 222 222 222 222 222 222 222 222 222 222 222 221 222 221 221 221 222 222 222 222 222 222 222 222 222 222 222 222 222 223 223 223 222 222 222 222 222 222 222 222 222 222 222 222 222 222 222 222 221 221 221 222 221 221 221 221 221 221 221 221 221 221 221 221 221 221 221 221 221 221 221 221 221 221 221 221 221 221 221 223 223 223 223 223 223 223 223 223 223 223 223 222 222 222 222 222 223 223 222 222 222 222 222 222 222 222 222 222 222 222 222 222 222 222 222 222 221 221 222 221 221 221 221 221 221 222 221 221 221 221 221 221 221 221 221 221 221 221 221 221 221 221 221 221 221 221 221 221 221 221 221 220 220 220 220 221 221 221 221 221 221 221 221 221 221 221 221 221 220 220 220 220 220 220 220 220 220 220 220 220 221 221 221 221 221 221 221 221 221 220 220 220 220 220 220 220 221 221 221 221 221 221 221 220 221 221 220 220 220 220 221 221 221 221 220 220 220 220 220 221 221 221 220 220 220 220 220 220 220 220 220 220 220 219 219 219 220 221 221 221 221 221 220 220 220 220 220 219 219 219 220 220 220 219 219 219 219 219 219 219 220 220 220 220 220 220 221 NA NA NA NA NA NA NA NA NA NA NA NA NA NA NA NA NA NA NA NA NA NA NA NA NA NA NA NA NA NA NA NA NA NA NA NA NA NA NA NA NA NA NA NA NA NA NA NA NA NA NA NA NA NA NA NA NA NA NA NA NA NA NA NA NA NA NA NA NA NA NA NA NA
NA NA NA NA NA NA NA NA NA NA NA NA NA NA NA NA NA NA NA NA NA NA NA NA NA NA NA NA NA NA NA NA NA NA NA NA NA NA NA NA NA NA NA NA NA NA NA NA NA NA NA NA NA NA NA NA NA NA NA NA NA NA NA NA NA NA NA NA NA NA NA NA NA NA NA NA NA NA NA NA NA NA NA NA 224 224 223 223 223 223 223 223 223 223 224 224 224 224 224 224 225 224 225 225 225 225 225 225 224 224 224 224 224 224 224 224 224 224 224 223 223 223 223 223 223 223 223 222 222 222 222 222 222 222 222 222 222 222 223 222 222 222 223 223 223 223 222 222 222 222 222 222 222 222 221 221 221 221 221 222 222 222 222 222 222 222 222 222 221 221 221 222 222 222 222 222 222 222 222 221 221 222 222 222 222 222 222 222 222 222 222 222 222 222 222 222 222 222 222 222 222 222 222 222 222 222 221 221 221 221 221 222 222 221 221 221 221 221 221 221 221 221 221 221 221 221 221 221 221 221 221 221 221 221 221 221 221 221 221 221 221 221 223 223 223 223 223 223 223 223 223 223 223 223 222 222 222 222 223 223 223 223 222 222 222 223 222 222 222 222 222 222 222 222 222 222 222 222 222 222 222 222 222 222 222 222 222 222 222 221 221 221 221 221 221 221 221 221 221 221 221 221 221 221 221 221 221 221 221 221 221 221 221 221 220 220 221 221 221 221 221 221 221 221 221 221 221 221 221 221 221 221 221 221 221 221 220 220 221 221 221 221 220 221 221 222 221 221 221 220 221 221 221 220 220 220 220 220 220 220 220 221 220 220 220 220 220 221 220 221 221 221 221 221 221 221 221 221 221 221 221 221 221 221 221 221 220 220 221 221 221 220 220 220 220 220 220 219 219 220 221 221 221 221 221 220 220 220 219 219 219 219 220 220 220 220 219 220 220 220 220 220 220 220 221 220 220 220 220 220 NA NA NA NA NA NA NA NA NA NA NA NA NA NA NA NA NA NA NA NA NA NA NA NA NA NA NA NA NA NA NA NA NA NA NA NA NA NA NA NA NA NA NA NA NA NA NA NA NA NA NA NA NA NA NA NA NA NA NA NA NA NA NA NA NA NA NA NA NA NA NA NA NA
NA NA NA NA NA NA NA NA NA NA NA NA NA NA NA NA NA NA NA NA NA NA NA NA NA NA NA NA NA NA NA NA NA NA NA NA NA NA NA NA NA NA NA NA NA NA NA NA NA NA NA NA NA NA NA NA NA NA NA NA NA NA NA NA NA NA NA NA NA NA NA NA NA NA NA NA NA NA NA NA NA NA NA NA 223 223 223 223 223 223 223 223 223 223 224 225 225 225 225 225 225 224 225 225 225 225 225 225 224 224 224 224 224 224 224 224 224 224 224 224 223 223 223 223 223 223 223 223 223 222 223 222 222 221 222 222 223 223 222 222 222 222 223 223 223 222 222 222 222 222 223 222 222 222 221 221 221 222 222 222 222 222 222 222 222 222 222 222 222 221 221 222 222 222 222 222 222 222 222 222 222 221 221 222 222 222 222 222 222 222 222 222 222 222 222 222 222 222 222 222 222 222 222 222 222 222 221 221 221 221 221 221 221 221 221 221 221 221 221 221 221 221 221 221 221 221 221 221 221 221 221 221 221 221 221 221 221 221 221 221 221 221 223 223 223 223 223 223 223 223 223 223 223 223 223 222 222 222 223 223 222 223 222 222 223 223 222 222 222 222 222 222 222 222 222 222 222 222 221 222 222 222 222 222 222 222 222 222 221 221 221 221 222 221 221 221 221 221 221 221 221 221 221 221 221 221 221 221 221 221 221 221 221 221 220 221 221 221 221 221 221 221 221 221 221 221 221 221 221 221 221 221 221 221 221 221 221 221 221 222 221 221 221 220 221 221 221 221 221 221 220 221 221 220 220 220 220 220 220 220 220 220 220 220 220 220 220 220 220 221 221 221 221 221 221 221 221 221 220 220 221 221 221 221 221 221 221 221 220 221 221 220 220 220 220 220 220 220 220 220 221 221 221 221 221 220 220 220 219 219 220 220 220 220 220 220 220 220 220 220 220 220 220 220 220 220 220 220 220 220 221 NA NA NA NA NA NA NA NA NA NA NA NA NA NA NA NA NA NA NA NA NA NA NA NA NA NA NA NA NA NA NA NA NA NA NA NA NA NA NA NA NA NA NA NA NA NA NA NA NA NA NA NA NA NA NA NA NA NA NA NA NA NA NA NA NA NA NA NA NA NA NA NA
NA NA NA NA NA NA NA NA NA NA NA NA NA NA NA NA NA NA NA NA NA NA NA NA NA NA NA NA NA NA NA NA NA NA NA NA NA NA NA NA NA NA NA NA NA NA NA NA NA NA NA NA NA NA NA NA NA NA NA NA NA NA NA NA NA NA NA NA NA NA NA NA NA NA NA NA NA NA NA NA NA NA NA NA 223 223 223 223 223 223 223 224 224 223 223 224 224 225 225 225 225 225 225 225 225 225 225 225 224 224 224 224 223 224 224 224 224 224 224 224 224 223 223 223 223 223 223 223 223 223 223 222 222 222 221 222 223 223 223 222 222 222 223 223 223 223 222 222 222 222 223 222 221 222 221 221 221 221 222 222 222 222 222 222 222 222 222 222 222 221 222 222 222 222 222 222 222 222 222 222 222 222 221 221 222 222 222 222 222 222 222 222 222 222 222 222 222 222 222 222 222 222 222 222 222 222 222 222 221 221 221 221 221 221 221 221 221 221 221 221 221 221 221 221 221 221 221 221 221 221 221 221 221 221 221 221 221 221 221 221 221 221 223 223 223 223 223 223 222 222 223 222 223 223 223 223 222 222 222 222 223 222 222 222 223 223 222 222 222 222 222 222 222 222 222 222 222 222 222 222 222 222 222 222 222 222 222 221 221 221 221 221 221 222 221 221 221 221 221 221 221 221 221 221 221 221 221 221 221 221 221 221 221 221 221 221 221 221 221 221 221 221 221 221 221 221 221 221 221 221 221 221 221 221 221 221 221 222 222 222 221 221 221 220 221 222 221 221 221 221 220 221 220 220 220 221 221 221 220 220 220 220 220 220 220 220 220 220 221 221 221 221 221 221 221 221 221 221 220 220 221 221 221 221 221 221 222 221 221 221 221 221 221 220 220 220 220 220 220 221 222 221 220 220 220 220 220 219 220 220 220 220 220 220 220 220 220 220 220 220 220 220 220 220 220 220 221 221 221 221 221 NA NA NA NA NA NA NA NA NA NA NA NA NA NA NA NA NA NA NA NA NA NA NA NA NA NA NA NA NA NA NA NA NA NA NA NA NA NA NA NA NA NA NA NA NA NA NA NA NA NA NA NA NA NA NA NA NA NA NA NA NA NA NA NA NA NA NA NA NA NA NA NA
NA NA NA NA NA NA NA NA NA NA NA NA NA NA NA NA NA NA NA NA NA NA NA NA NA NA NA NA NA NA NA NA NA NA NA NA NA NA NA NA NA NA NA NA NA NA NA NA NA NA NA NA NA NA NA NA NA NA NA NA NA NA NA NA NA NA NA NA NA NA NA NA NA NA NA NA NA NA NA NA NA NA NA NA 224 224 224 224 223 223 223 223 224 224 224 224 224 224 225 225 225 224 225 225 225 225 225 225 225 224 224 224 223 223 223 224 224 224 224 224 224 224 224 223 223 223 223 223 223 223 223 222 222 222 222 222 222 222 222 222 222 222 223 223 223 222 223 222 222 222 223 222 222 222 222 222 221 221 221 222 222 222 222 222 222 222 222 222 222 221 221 222 222 222 222 222 222 222 222 222 222 222 222 221 222 222 222 221 222 222 222 222 222 222 222 222 222 222 221 222 222 222 222 222 222 222 222 222 221 221 221 221 221 221 221 221 221 221 221 221 221 221 221 221 221 221 221 221 221 221 221 221 221 221 221 221 221 221 221 221 221 221 223 223 223 223 223 223 223 223 223 223 223 223 223 222 222 222 223 222 223 222 222 222 223 223 222 222 222 222 222 222 222 222 222 222 222 222 222 222 222 222 222 222 222 222 222 222 222 221 221 221 221 221 221 221 221 221 221 221 221 221 221 221 221 221 221 221 221 221 221 221 221 221 221 221 221 221 221 221 221 221 221 221 221 221 221 221 221 221 221 221 221 221 221 221 222 222 222 222 221 221 221 220 221 222 222 221 221 221 221 221 220 220 221 221 221 220 221 221 221 220 220 220 220 220 220 220 220 221 221 220 221 221 221 221 221 221 220 220 221 221 221 221 221 221 221 222 222 222 221 221 221 221 220 220 220 220 220 221 221 221 221 220 220 219 220 220 220 220 220 220 220 220 220 220 220 220 220 220 220 220 220 220 220 220 220 221 221 220 221 221 NA NA NA NA NA NA NA NA NA NA NA NA NA NA NA NA NA NA NA NA NA NA NA NA NA NA NA NA NA NA NA NA NA NA NA NA NA NA NA NA NA NA NA NA NA NA NA NA NA NA NA NA NA NA NA NA NA NA NA NA NA NA NA NA NA NA NA NA NA NA NA
NA NA NA NA NA NA NA NA NA NA NA NA NA NA NA NA NA NA NA NA NA NA NA NA NA NA NA NA NA NA NA NA NA NA NA NA NA NA NA NA NA NA NA NA NA NA NA NA NA NA NA NA NA NA NA NA NA NA NA NA NA NA NA NA NA NA NA NA NA NA NA NA NA NA NA NA NA NA NA NA NA NA NA NA NA 224 224 224 224 223 223 223 224 224 225 224 224 224 224 224 224 224 224 224 225 225 224 225 225 225 225 225 224 223 223 223 223 223 223 223 223 223 223 223 224 224 223 223 223 223 223 222 222 222 222 223 223 222 222 223 222 222 223 223 222 223 223 223 223 223 223 222 222 222 222 222 221 221 221 222 222 222 222 222 222 222 222 222 221 222 222 221 222 222 222 222 222 222 223 223 222 223 222 222 222 222 222 222 222 222 222 222 223 223 222 221 221 221 221 221 221 221 221 221 222 222 222 222 222 221 221 221 221 221 221 221 221 221 221 221 221 221 221 221 221 221 221 221 221 221 221 221 221 221 221 221 221 221 221 221 221 221 223 223 223 223 223 223 223 222 222 222 222 222 223 223 223 222 222 222 223 222 222 222 223 223 222 222 222 222 222 222 222 222 222 222 222 222 222 222 222 222 222 222 222 222 222 222 222 222 222 222 222 222 222 222 221 221 221 221 221 221 221 221 221 221 221 221 221 221 221 221 221 221 221 221 221 221 220 220 221 221 221 221 221 221 221 221 221 222 221 221 221 221 221 221 222 222 221 221 221 221 221 221 221 221 221 221 221 221 221 221 220 220 220 221 221 221 221 221 221 220 221 221 221 221 221 221 221 221 221 220 220 221 221 221 221 221 221 220 221 221 220 221 221 221 221 221 221 221 221 220 220 220 220 220 220 220 220 220 221 221 221 221 220 220 220 220 220 220 220 220 220 220 220 220 220 220 220 220 220 220 220 220 220 220 220 220 220 220 220 221 221 NA NA NA NA NA NA NA NA NA NA NA NA NA NA NA NA NA NA NA NA NA NA NA NA NA NA NA NA NA NA NA NA NA NA NA NA NA NA NA NA NA NA NA NA NA NA NA NA NA NA NA NA NA NA NA NA NA NA NA NA NA NA NA NA NA NA NA NA NA NA
NA NA NA NA NA NA NA NA NA NA NA NA NA NA NA NA NA NA NA NA NA NA NA NA NA NA NA NA NA NA NA NA NA NA NA NA NA NA NA NA NA NA NA NA NA NA NA NA NA NA NA NA NA NA NA NA NA NA NA NA NA NA NA NA NA NA NA NA NA NA NA NA NA NA NA NA NA NA NA NA NA NA NA NA NA 224 224 224 224 224 223 223 223 224 224 225 225 225 225 224 224 224 224 224 224 224 224 224 224 224 225 225 224 224 223 224 224 223 223 223 223 223 223 223 224 224 224 223 223 223 223 223 222 222 222 222 222 223 223 223 223 223 223 223 223 223 223 222 223 223 223 223 222 222 221 221 221 221 221 222 222 222 222 222 223 222 222 222 222 222 222 222 222 222 222 222 223 223 223 222 222 223 223 222 222 223 222 222 222 222 222 223 223 223 221 221 222 222 222 221 222 221 221 221 221 221 221 222 222 222 221 221 221 221 221 221 221 221 221 221 221 221 221 221 221 221 222 221 221 221 221 221 221 221 221 221 221 221 221 221 221 221 223 223 223 223 223 223 223 223 222 222 223 222 223 223 223 223 223 222 222 222 222 223 223 223 222 222 222 222 222 222 222 222 222 222 222 222 222 222 222 222 222 222 222 222 222 222 222 222 222 222 222 222 222 222 221 221 221 221 221 221 221 221 221 221 221 221 221 221 221 221 221 221 221 221 221 221 220 220 221 221 221 221 222 221 221 221 221 222 221 222 221 221 221 221 221 221 221 221 221 221 221 221 221 221 222 221 221 221 221 221 221 220 220 220 221 221 221 221 221 221 221 221 221 220 221 221 221 221 221 220 221 221 221 221 221 221 221 220 221 221 221 220 220 221 221 221 221 221 221 220 220 220 220 220 220 221 220 220 220 220 221 220 220 220 220 220 220 220 220 220 220 220 220 220 220 220 220 220 220 220 220 220 221 220 220 220 220 220 221 221 220 220 221 NA NA NA NA NA NA NA NA NA NA NA NA NA NA NA NA NA NA NA NA NA NA NA NA NA NA NA NA NA NA NA NA NA NA NA NA NA NA NA NA NA NA NA NA NA NA NA NA NA NA NA NA NA NA NA NA NA NA NA NA NA NA NA NA NA NA NA NA
NA NA NA NA NA NA NA NA NA NA NA NA NA NA NA NA NA NA NA NA NA NA NA NA NA NA NA NA NA NA NA NA NA NA NA NA NA NA NA NA NA NA NA NA NA NA NA NA NA NA NA NA NA NA NA NA NA NA NA NA NA NA NA NA NA NA NA NA NA NA NA NA NA NA NA NA NA NA NA NA NA NA NA NA NA NA 224 224 224 224 223 223 223 224 224 224 224 225 225 225 225 225 224 224 224 225 224 225 225 225 225 225 225 224 224 224 224 223 224 224 223 223 223 223 223 223 223 223 223 223 222 222 222 222 223 223 222 223 223 223 223 222 223 223 223 223 223 222 222 222 222 222 221 221 221 221 221 222 222 222 222 222 222 222 223 223 223 222 222 222 222 222 222 222 222 222 222 222 223 222 222 223 222 223 223 223 222 222 222 222 222 222 222 222 221 222 223 223 223 222 221 221 221 221 221 221 221 221 221 221 221 221 221 221 221 222 222 221 221 221 221 222 222 221 221 221 221 222 221 221 221 221 221 221 221 221 221 221 221 221 221 221 223 223 223 223 223 223 223 223 223 223 222 222 222 222 223 223 223 223 222 222 223 222 222 222 222 222 222 222 222 222 222 222 222 222 222 222 222 222 222 222 222 222 222 222 222 222 222 222 222 222 222 222 222 222 222 222 221 221 222 221 221 221 221 221 221 221 221 221 221 220 221 221 221 221 221 221 220 220 220 221 221 221 222 221 221 221 221 221 221 222 221 221 221 221 221 221 221 221 221 221 221 221 221 221 221 221 221 221 222 221 221 220 220 220 220 221 221 221 221 221 221 220 220 220 220 221 221 221 221 221 221 221 221 221 221 221 221 221 221 221 221 221 221 221 221 222 222 222 221 221 220 220 220 220 220 220 220 220 220 220 220 220 220 220 220 220 220 220 220 220 220 220 220 220 220 220 220 220 220 220 220 220 220 220 220 220 220 220 220 220 220 220 221 221 NA NA NA NA NA NA NA NA NA NA NA NA NA NA NA NA NA NA NA NA NA NA NA NA NA NA NA NA NA NA NA NA NA NA NA NA NA NA NA NA NA NA NA NA NA NA NA NA NA NA NA NA NA NA NA NA NA NA NA NA NA NA NA NA NA NA NA
NA NA NA NA NA NA NA NA NA NA NA NA NA NA NA NA NA NA NA NA NA NA NA NA NA NA NA NA NA NA NA NA NA NA NA NA NA NA NA NA NA NA NA NA NA NA NA NA NA NA NA NA NA NA NA NA NA NA NA NA NA NA NA NA NA NA NA NA NA NA NA NA NA NA NA NA NA NA NA NA NA NA NA NA NA 224 223 223 224 224 224 223 223 223 223 223 224 224 225 225 225 225 225 225 224 224 224 225 225 225 225 225 225 225 224 224 224 223 224 224 223 223 223 223 223 223 223 223 223 223 222 222 222 223 223 223 223 223 223 223 223 222 223 223 223 223 222 222 222 222 222 222 222 222 222 221 221 221 222 222 222 222 222 222 223 222 222 222 223 223 223 223 222 222 222 222 222 222 222 222 222 222 222 223 223 223 222 223 222 222 222 222 222 222 221 222 222 222 223 222 222 221 221 221 221 221 221 221 221 221 221 221 221 221 221 221 222 222 221 221 221 222 222 222 221 221 221 221 222 221 221 221 221 221 221 221 221 221 221 221 221 221 223 223 223 223 223 223 223 223 223 223 223 222 222 223 223 223 222 222 223 222 222 222 222 222 222 222 222 222 222 222 222 222 222 222 222 222 222 222 222 222 222 222 222 222 222 222 222 222 222 222 222 222 222 222 222 222 222 222 222 222 222 222 221 221 221 221 221 221 221 221 220 221 221 221 221 220 221 220 220 221 221 222 222 221 221 221 221 222 221 222 221 221 221 221 221 222 221 221 221 221 221 221 221 221 221 221 221 221 221 221 220 220 220 220 220 221 221 221 221 221 220 220 220 220 220 220 220 221 220 221 221 221 221 221 221 221 221 221 221 221 221 221 221 221 221 221 222 221 221 220 220 221 220 220 221 221 220 220 221 221 220 220 221 221 221 221 220 220 220 220 220 220 220 220 220 220 220 220 220 220 220 221 220 220 220 220 220 220 220 220 220 220 221 221 221 221 221 221 NA NA NA NA NA NA NA NA NA NA NA NA NA NA NA NA NA NA NA NA NA NA NA NA NA NA NA NA NA NA NA NA NA NA NA NA NA NA NA NA NA NA NA NA NA NA NA NA NA NA NA NA NA NA NA NA NA NA NA NA NA NA NA
NA NA NA NA NA NA NA NA NA NA NA NA NA NA NA NA NA NA NA NA NA NA NA NA NA NA NA NA NA NA NA NA NA NA NA NA NA NA NA NA NA NA NA NA NA NA NA NA NA NA NA NA NA NA NA NA NA NA NA NA NA NA NA NA NA NA NA NA NA NA NA NA NA NA NA NA NA NA NA NA NA NA NA NA 223 223 223 223 224 224 224 224 223 223 223 223 224 224 225 224 224 224 225 225 225 225 224 225 225 225 225 224 225 225 225 225 224 224 224 224 224 223 223 223 223 223 223 223 223 222 222 222 222 223 223 223 223 223 223 223 223 222 223 223 223 223 223 223 223 222 222 222 223 223 223 222 221 221 221 222 222 222 222 222 222 222 222 223 223 222 223 223 223 223 222 222 223 223 223 223 223 222 222 223 223 223 223 223 223 223 222 223 223 223 222 223 223 222 223 223 223 222 222 221 221 221 221 221 220 221 221 221 221 221 221 221 222 222 222 221 221 221 222 222 222 221 221 222 222 222 222 222 221 221 221 221 221 221 221 221 221 221 223 223 223 223 223 223 223 223 223 223 223 223 222 222 222 223 222 222 223 222 222 223 222 222 222 222 222 222 222 222 222 222 222 222 222 222 222 222 222 222 222 222 222 222 222 222 222 222 222 221 222 222 222 222 222 222 222 222 222 222 222 222 222 221 221 221 221 221 221 221 221 221 221 221 221 221 221 221 220 221 221 222 222 221 221 221 221 221 222 222 222 222 222 222 222 222 222 221 221 221 221 221 221 221 221 221 221 221 221 221 221 221 221 220 220 220 221 220 220 220 220 220 220 220 220 220 220 220 220 220 220 220 220 220 221 221 221 221 221 221 221 221 221 221 221 221 221 221 221 221 221 221 221 221 221 221 221 220 220 221 221 220 220 220 220 221 221 220 220 220 220 220 220 220 220 220 220 220 220 220 220 221 221 221 221 220 220 220 220 220 220 220 220 220 220 221 221 221 NA NA NA NA NA NA NA NA NA NA NA NA NA NA NA NA NA NA NA NA NA NA NA NA NA NA NA NA NA NA NA NA NA NA NA NA NA NA NA NA NA NA NA NA NA NA NA NA NA NA NA NA NA NA NA NA NA NA NA NA NA NA NA
NA NA NA NA NA NA NA NA NA NA NA NA NA NA NA NA NA NA NA NA NA NA NA NA NA NA NA NA NA NA NA NA NA NA NA NA NA NA NA NA NA NA NA NA NA NA NA NA NA NA NA NA NA NA NA NA NA NA NA NA NA NA NA NA NA NA NA NA NA NA NA NA NA NA NA NA NA NA NA NA NA 222 NA NA 222 222 223 223 223 224 224 224 224 223 224 224 224 224 224 224 224 224 223 224 224 224 224 225 225 225 225 225 225 225 225 225 225 224 224 224 224 224 224 224 223 223 223 223 223 223 223 223 222 223 223 223 223 223 223 223 224 223 224 223 223 223 222 223 223 222 222 222 222 223 222 222 222 221 221 221 221 222 222 222 222 222 222 222 222 223 222 223 223 223 223 222 223 223 223 223 223 223 222 222 223 223 223 223 223 223 223 223 223 223 222 223 223 223 223 223 224 223 222 221 221 221 221 221 220 221 222 221 221 221 221 222 222 222 222 222 222 222 222 222 222 222 221 222 222 222 222 222 222 221 221 221 221 221 221 221 221 221 223 223 223 223 223 223 223 223 223 223 223 223 223 222 222 222 222 222 223 222 223 222 222 222 222 222 222 222 222 222 222 222 222 222 222 222 222 222 222 222 222 222 222 222 222 222 222 222 222 222 222 222 222 222 222 222 222 222 222 222 222 222 222 221 221 221 221 222 222 222 221 221 221 221 221 221 221 221 221 221 221 222 222 222 221 221 221 222 221 222 222 222 222 222 222 222 222 221 222 221 221 221 221 221 221 221 221 221 221 221 221 222 221 221 221 220 221 220 220 220 220 220 220 220 220 220 220 220 220 220 220 220 220 220 220 220 220 220 220 220 220 220 221 221 221 221 221 221 221 221 221 221 221 221 221 221 221 221 220 220 221 221 221 221 220 220 221 221 220 220 220 220 220 220 220 220 220 220 221 221 221 220 220 220 221 221 221 221 220 220 220 220 220 220 220 220 221 221 222 NA NA NA NA NA NA NA NA NA NA NA NA NA NA NA NA NA NA NA NA NA NA NA NA NA NA NA NA NA NA NA NA NA NA NA NA NA NA NA NA NA NA NA NA NA NA NA NA NA NA NA NA NA NA NA NA NA NA NA NA NA NA
NA NA NA NA NA NA NA NA NA NA NA NA NA NA NA NA NA NA NA NA NA NA NA NA NA NA NA NA NA NA NA NA NA NA NA NA NA NA NA NA NA NA NA NA NA NA NA NA NA NA NA NA NA NA NA NA NA NA NA NA NA NA NA NA NA NA NA NA NA NA NA NA NA NA NA NA NA NA NA NA NA 222 222 222 222 222 222 223 222 223 223 223 224 223 224 223 224 224 224 224 225 224 224 223 223 224 224 225 225 225 225 225 225 224 225 224 224 223 223 224 224 224 224 224 224 224 224 224 224 224 224 223 222 223 223 223 223 222 223 223 223 223 224 224 224 224 222 222 223 223 222 222 222 222 222 221 221 222 222 221 221 221 221 222 222 222 222 222 223 223 222 222 223 223 223 223 223 222 222 223 223 223 223 223 223 223 223 223 223 224 223 223 222 222 222 223 224 224 224 224 223 223 222 222 221 221 221 220 221 222 222 222 222 222 222 222 222 222 222 222 223 222 222 221 221 221 221 222 222 222 222 222 222 222 221 221 221 221 221 221 221 221 223 223 223 223 223 223 223 223 223 223 223 223 223 223 223 222 222 222 222 222 222 222 222 222 222 222 222 222 222 222 222 222 222 222 222 222 222 222 222 222 222 222 222 222 222 222 222 222 222 222 222 222 222 222 222 222 222 222 222 222 222 222 222 222 221 221 222 222 222 222 222 222 222 222 222 222 221 221 221 221 221 221 222 221 221 221 221 222 222 222 222 222 222 222 222 222 222 222 222 222 221 221 221 221 221 221 221 221 221 221 221 221 221 221 221 220 221 221 221 221 221 221 220 221 221 221 221 220 220 220 220 220 220 220 220 220 220 220 220 220 221 220 220 221 221 221 221 221 221 221 221 221 221 221 221 221 221 221 221 221 221 220 220 220 220 220 221 221 221 220 220 220 220 220 220 220 220 220 220 220 220 220 220 220 221 221 221 222 222 221 221 221 220 220 220 220 221 221 NA NA NA NA NA NA NA NA NA NA NA NA NA NA NA NA NA NA NA NA NA NA NA NA NA NA NA NA NA NA NA NA NA NA NA NA NA NA NA NA NA NA NA NA NA NA NA NA NA NA NA NA NA NA NA NA NA NA NA NA NA NA NA
NA NA NA NA NA NA NA NA NA NA NA NA NA NA NA NA NA NA NA NA NA NA NA NA NA NA NA NA NA NA NA NA NA NA NA NA NA NA NA NA NA NA NA NA NA NA NA NA NA NA NA NA NA NA NA NA NA NA NA NA NA NA NA NA NA NA NA NA NA NA NA NA NA NA NA NA NA NA NA NA NA 222 222 223 223 222 222 222 222 221 222 222 223 223 223 223 223 224 224 224 224 224 224 224 223 224 224 224 224 224 224 225 225 225 225 225 224 224 223 223 224 223 223 223 223 223 224 224 223 223 223 223 222 223 223 224 223 223 222 222 222 223 223 224 224 223 222 223 223 224 223 222 222 221 221 222 222 222 222 222 222 222 221 222 222 222 223 223 223 222 222 222 222 222 223 223 222 222 223 223 223 223 223 224 224 223 224 223 223 224 224 223 222 222 222 222 223 224 224 223 223 222 222 222 222 222 221 220 220 221 221 221 222 222 223 223 223 222 222 221 221 222 222 222 222 222 221 222 222 222 222 222 222 222 221 221 221 221 221 221 221 221 223 223 223 223 223 223 223 223 223 223 223 223 223 223 223 223 223 222 222 222 222 222 222 222 222 222 222 222 222 222 222 222 222 222 222 222 222 222 222 222 222 222 222 222 222 222 222 222 222 222 222 222 222 222 222 222 222 222 222 222 222 222 222 221 221 221 222 222 222 222 222 222 222 222 222 222 221 221 221 221 221 221 221 221 221 221 222 222 222 222 222 222 222 222 222 222 222 222 222 222 221 221 221 221 221 221 221 221 221 221 221 222 221 221 221 220 220 221 222 221 221 221 220 220 221 221 221 221 221 220 220 220 220 220 220 220 221 221 221 221 221 221 220 220 221 221 221 221 221 221 221 221 220 220 221 221 221 221 221 221 221 221 221 221 220 220 221 221 221 220 220 220 220 220 220 220 220 220 220 220 221 221 221 221 220 221 221 221 222 222 222 222 221 220 220 220 220 220 NA NA NA NA NA NA NA NA NA NA NA NA NA NA NA NA NA NA NA NA NA NA NA NA NA NA NA NA NA NA NA NA NA NA NA NA NA NA NA NA NA NA NA NA NA NA NA NA NA NA NA NA NA NA NA NA NA NA NA NA NA NA NA
NA NA NA NA NA NA NA NA NA NA NA NA NA NA NA NA NA NA NA NA NA NA NA NA NA NA NA NA NA NA NA NA NA NA NA NA NA NA NA NA NA NA NA NA NA NA NA NA NA NA NA NA NA NA NA NA NA NA NA NA NA NA NA NA NA NA NA NA NA NA NA NA NA NA NA NA NA NA NA NA NA NA 222 222 222 223 223 223 223 222 222 221 221 222 222 223 223 223 224 224 224 224 224 223 223 223 223 224 224 224 225 225 225 225 225 225 225 224 224 224 224 224 224 224 223 223 223 223 223 223 223 223 222 222 223 223 223 223 223 223 223 223 223 223 224 223 223 222 223 223 223 222 222 222 222 222 222 222 222 222 222 222 222 222 222 222 222 222 222 222 222 222 222 223 223 223 223 223 223 223 223 222 223 223 223 223 223 224 224 223 223 223 222 222 222 222 222 223 224 224 223 222 222 221 222 221 221 220 220 221 222 221 221 222 223 223 223 222 221 221 221 221 221 221 221 221 221 222 222 222 222 222 222 222 222 222 221 221 221 221 221 221 223 223 223 223 223 223 223 223 223 223 223 223 223 223 223 223 223 223 222 222 222 222 222 222 222 222 222 223 223 223 223 223 222 223 222 222 222 222 222 222 222 222 222 222 222 222 222 222 222 222 222 222 222 222 222 222 222 222 222 222 222 222 222 222 222 222 222 222 222 222 222 222 222 222 222 221 221 221 221 221 221 221 221 221 221 221 222 222 222 222 222 222 222 222 222 222 222 222 222 222 222 221 221 221 221 221 222 222 221 221 221 222 222 221 221 221 221 221 222 222 221 221 221 221 221 221 222 222 221 222 222 222 221 222 221 222 222 222 222 222 222 221 221 221 220 221 221 221 221 222 222 221 221 220 220 220 221 221 221 221 221 221 221 221 221 220 221 221 221 221 220 220 220 220 220 220 220 221 221 221 221 221 222 222 221 221 221 221 221 221 222 222 222 221 221 221 221 221 221 NA NA NA NA NA NA NA NA NA NA NA NA NA NA NA NA NA NA NA NA NA NA NA NA NA NA NA NA NA NA NA NA NA NA NA NA NA NA NA NA NA NA NA NA NA NA NA NA NA NA NA NA NA NA NA NA NA NA NA NA NA NA
NA NA NA NA NA NA NA NA NA NA NA NA NA NA NA NA NA NA NA NA NA NA NA NA NA NA NA NA NA NA NA NA NA NA NA NA NA NA NA NA NA NA NA NA NA NA NA NA NA NA NA NA NA 224 NA NA NA NA NA NA NA NA NA NA NA 222 221 NA NA NA NA NA NA NA NA NA NA NA NA NA NA 222 222 222 223 223 222 223 223 223 223 222 222 222 222 221 222 223 224 224 224 224 223 223 223 223 224 224 224 224 224 225 225 225 225 225 225 224 224 224 225 225 224 224 224 224 224 223 223 223 224 224 223 223 223 223 224 224 224 224 224 224 223 224 225 225 224 223 223 223 223 222 222 222 223 223 223 223 223 222 222 222 222 222 222 222 221 221 222 222 222 222 222 223 223 222 223 223 223 223 222 223 223 223 223 223 223 224 224 223 223 223 223 223 223 223 222 222 223 223 223 222 222 222 221 221 221 221 221 221 222 221 222 222 223 223 223 223 222 222 221 221 222 222 222 221 221 222 222 222 222 222 222 222 222 221 221 221 221 221 221 221 223 223 223 223 223 223 223 223 223 223 223 223 223 223 223 223 223 223 223 223 222 222 222 222 222 222 222 223 223 223 223 223 223 223 223 223 223 222 222 222 222 222 222 222 222 222 222 222 221 221 222 222 222 222 222 222 222 222 222 222 222 222 222 222 222 222 222 222 222 222 222 222 222 222 222 222 221 221 221 221 221 221 222 222 222 221 221 222 222 222 222 222 222 222 222 222 222 222 222 222 222 221 221 221 221 221 221 222 222 222 221 222 222 222 222 221 221 221 222 222 221 221 222 221 222 221 222 222 222 222 223 223 222 222 222 223 222 222 222 222 222 222 221 221 221 221 221 221 221 222 222 222 221 221 221 221 221 221 221 221 221 221 221 221 221 221 221 221 221 221 220 220 220 220 220 220 220 221 221 221 221 221 222 222 221 221 221 221 221 222 222 222 222 222 222 221 222 222 221 NA NA NA NA NA NA NA NA NA NA NA NA NA NA NA NA NA NA NA NA NA NA NA NA NA NA NA NA NA NA NA NA NA NA NA NA NA NA NA NA NA NA NA NA NA NA NA NA NA NA NA NA NA NA NA NA NA NA NA NA NA NA
NA NA NA NA NA NA NA NA NA NA NA NA NA NA NA NA NA NA NA NA NA NA NA NA NA NA NA NA NA NA NA NA NA NA NA NA NA NA NA NA NA NA NA NA NA NA NA NA NA NA NA NA NA NA NA 224 NA 224 NA NA NA NA NA 223 222 222 221 221 NA NA NA NA NA NA NA NA NA NA NA NA NA NA 221 222 222 222 222 223 223 223 224 223 223 223 223 222 222 222 223 223 224 224 223 223 223 224 224 224 224 224 224 224 224 224 224 224 225 225 224 224 224 224 224 224 224 224 225 224 224 224 224 224 224 224 224 223 223 224 224 224 224 224 223 223 224 224 224 224 224 224 223 223 223 223 223 222 222 222 222 222 222 222 222 222 222 222 222 222 222 222 222 222 222 223 223 222 223 223 223 222 222 223 223 223 223 223 224 224 224 224 224 224 224 224 224 224 223 223 223 224 223 222 223 222 222 221 221 221 221 221 221 221 222 223 223 223 222 222 223 223 223 223 222 222 222 221 221 221 222 222 222 222 222 222 222 222 221 221 221 221 221 221 223 223 223 223 223 223 223 223 223 223 223 223 223 223 223 223 223 223 223 223 223 223 222 222 222 222 222 222 223 223 223 223 223 223 223 223 222 222 222 222 222 222 222 222 222 222 222 222 222 222 222 222 222 222 222 222 222 222 222 222 222 222 222 222 222 222 222 222 222 222 222 222 222 222 222 222 222 222 221 222 221 221 222 222 222 221 221 222 222 222 222 222 222 222 222 222 222 222 222 222 222 221 221 221 221 221 222 222 222 222 222 222 222 222 222 222 222 221 221 222 222 222 222 222 222 222 222 222 222 222 223 223 223 223 223 223 223 223 222 222 222 222 221 221 221 221 221 222 221 221 221 221 221 220 220 221 221 221 221 221 221 221 221 221 221 221 221 221 221 221 221 220 220 221 220 221 221 221 221 221 221 221 222 222 222 221 221 222 221 221 222 221 222 222 222 222 222 222 222 NA NA NA NA NA NA NA NA NA NA NA NA NA NA NA NA NA NA NA NA NA NA NA NA NA NA NA NA NA NA NA NA NA NA NA NA NA NA NA NA NA NA NA NA NA NA NA NA NA NA NA NA NA NA NA NA NA NA NA NA NA NA
NA NA NA NA NA NA NA NA NA NA NA NA NA NA NA NA NA NA NA NA NA NA NA NA NA NA NA NA NA NA NA NA NA NA NA NA NA NA NA NA NA NA NA NA NA NA NA NA NA NA NA NA 223 223 223 224 224 224 224 224 224 224 224 223 222 222 222 222 221 221 NA NA NA NA NA NA NA NA NA NA NA NA NA 221 221 222 222 222 222 223 223 223 223 224 224 223 223 222 222 222 223 224 223 223 223 223 224 224 224 224 224 224 224 224 224 224 225 225 225 224 224 224 224 224 224 224 224 224 224 224 224 224 224 224 224 223 223 223 224 224 224 224 224 224 223 223 224 224 224 224 224 223 223 222 222 222 222 222 222 222 223 222 222 222 222 223 223 222 222 222 222 222 223 223 223 222 223 223 223 223 223 223 222 222 223 223 224 224 224 225 225 225 225 225 225 224 224 224 224 224 223 223 224 223 222 221 221 221 221 222 221 221 221 222 223 222 222 222 222 222 222 222 222 222 221 221 222 222 221 222 222 222 222 222 222 223 222 222 222 221 221 221 223 223 223 223 223 223 223 223 223 223 224 223 223 223 223 223 223 223 223 223 223 223 223 223 223 222 222 222 222 222 223 222 222 222 222 222 223 222 222 222 222 222 222 222 222 222 222 222 222 222 222 222 222 222 222 222 222 222 222 222 222 222 222 222 222 222 222 222 222 222 222 222 222 222 222 222 222 222 222 222 221 221 222 222 222 222 221 221 222 222 222 222 222 222 222 222 222 222 222 222 222 222 221 221 221 221 222 222 222 222 222 222 222 222 222 222 222 222 221 222 223 223 223 223 223 223 222 222 222 222 222 222 223 223 223 223 223 223 223 222 222 222 222 222 222 221 221 222 221 221 221 222 221 221 221 221 221 221 221 221 221 221 221 221 221 221 221 221 221 221 221 221 221 221 221 221 221 221 221 221 221 221 222 222 222 222 222 222 222 221 221 222 222 222 222 222 222 222 223 NA NA NA NA NA NA NA NA NA NA NA NA NA NA NA NA NA NA NA NA NA NA NA NA NA NA NA NA NA NA NA NA NA NA NA NA NA NA NA NA NA NA NA NA NA NA NA NA NA NA NA NA NA NA NA NA NA NA NA NA NA NA
NA NA NA NA NA NA NA NA NA NA NA NA NA NA NA NA NA NA NA NA NA NA NA NA NA NA NA NA NA NA NA NA NA NA NA NA NA NA NA NA NA NA NA NA NA NA NA NA NA NA NA NA 223 223 223 224 224 224 224 223 223 223 222 222 222 221 222 222 222 NA NA NA NA 222 223 223 NA NA NA NA NA NA 222 222 221 221 222 222 222 222 222 223 223 224 224 223 223 223 223 223 222 223 223 224 224 223 224 224 224 223 224 224 224 224 224 224 225 225 225 225 225 224 224 224 225 225 224 224 223 223 223 223 223 223 223 223 223 223 223 224 224 224 225 225 224 224 223 224 224 224 224 224 223 223 223 222 222 222 223 223 223 223 223 223 222 222 222 222 222 221 222 222 223 223 223 222 222 223 223 224 224 223 223 223 223 223 224 224 224 224 224 225 225 225 225 225 225 225 225 224 223 224 224 223 222 222 222 222 221 221 221 221 220 221 221 222 221 221 221 221 222 223 223 223 222 221 222 222 222 221 222 222 223 223 223 223 223 223 222 222 222 221 223 223 223 224 223 223 223 223 223 223 223 223 223 222 223 223 223 223 223 223 223 223 223 222 222 222 223 222 222 222 222 222 222 222 222 222 222 222 222 222 222 222 222 222 222 222 222 222 222 222 222 222 222 222 222 222 222 222 222 222 222 222 222 222 222 222 222 222 222 222 222 222 222 222 222 222 222 222 222 222 221 222 222 222 222 222 222 222 222 222 222 222 222 222 222 222 222 222 222 222 222 222 222 221 221 221 222 221 222 222 222 222 221 222 222 222 221 221 222 222 222 222 222 222 222 222 222 222 222 222 222 222 222 223 223 222 222 222 222 223 223 223 223 222 222 222 221 222 222 222 222 221 221 221 221 220 220 221 221 221 221 221 221 221 221 221 221 221 221 221 221 221 221 221 221 221 221 221 221 221 221 221 221 222 222 222 223 222 222 222 221 221 221 221 222 222 222 222 222 NA NA NA NA NA NA NA NA NA NA NA NA NA NA NA NA NA NA NA NA NA NA NA NA NA NA NA NA NA NA NA NA NA NA NA NA NA NA NA NA NA NA NA NA NA NA NA NA NA NA NA NA NA NA NA NA NA NA NA NA NA NA
NA NA NA NA NA NA NA NA NA NA NA NA NA NA NA NA NA NA NA NA NA NA NA NA NA NA NA NA NA NA NA NA NA NA NA NA NA NA NA NA NA NA NA NA NA NA NA NA NA NA NA NA 224 223 223 223 224 224 224 223 222 222 222 223 222 222 223 223 222 222 NA 222 221 222 222 223 223 223 224 224 224 223 222 222 221 221 222 222 222 222 222 222 222 224 224 224 224 224 223 223 223 223 224 224 224 223 223 223 224 224 224 224 224 224 224 224 225 225 225 225 225 224 224 224 224 225 225 224 224 224 223 224 223 224 224 224 224 224 223 224 224 224 225 225 225 225 224 224 224 224 224 223 223 223 222 222 223 223 223 223 222 223 223 223 223 223 223 223 223 222 222 222 222 222 222 222 222 222 222 223 223 223 223 223 224 224 224 224 224 224 224 224 225 225 225 224 224 224 225 225 224 224 224 223 222 221 221 221 221 221 221 221 221 220 220 221 221 222 221 221 222 223 223 222 222 222 222 222 222 222 222 222 222 222 222 222 223 223 223 223 223 222 224 224 224 224 224 224 223 223 223 223 223 223 223 223 223 223 223 223 223 223 223 222 222 223 223 223 223 223 223 222 223 222 223 222 222 222 222 222 222 222 222 222 222 222 222 222 222 222 222 222 222 222 222 222 222 222 222 222 222 222 222 222 222 222 222 222 222 222 222 222 222 222 222 222 222 222 222 222 221 221 222 222 222 222 222 222 222 222 222 222 222 222 222 222 222 222 222 222 222 222 221 222 222 221 221 221 221 221 222 222 222 222 222 221 222 221 222 222 222 221 222 222 222 222 222 222 222 222 222 222 222 222 222 223 223 223 222 222 222 222 223 223 223 222 222 222 221 222 222 222 222 222 222 221 221 221 220 221 221 221 221 221 221 221 221 221 221 221 221 221 221 221 221 221 221 221 221 221 221 221 221 221 221 221 222 222 222 222 222 222 222 221 222 222 222 222 223 223 223 NA NA NA NA NA NA NA NA NA NA NA NA NA NA NA NA NA NA NA NA NA NA NA NA NA NA NA NA NA NA NA NA NA NA NA NA NA NA NA NA NA NA NA NA NA NA NA NA NA NA NA NA NA NA NA NA NA NA NA NA NA NA
NA NA NA NA NA NA NA NA NA NA NA NA NA NA NA NA NA NA NA NA NA NA NA NA NA NA NA NA NA NA NA NA NA NA NA NA NA NA NA NA NA NA NA NA NA NA NA NA NA NA NA NA 224 223 224 224 224 224 223 223 223 223 223 223 223 223 223 223 223 222 222 NA NA 222 222 222 222 222 222 223 223 223 222 222 222 222 221 222 222 222 222 222 222 223 223 223 223 223 223 223 223 224 224 224 224 223 223 224 224 224 224 224 225 224 224 224 224 224 224 224 225 225 225 225 225 225 225 225 224 224 224 224 225 225 225 224 224 224 223 223 224 224 224 225 225 224 224 223 223 223 223 223 223 222 222 223 223 224 223 223 222 223 223 224 223 223 223 223 223 223 222 222 222 222 222 222 223 223 223 223 222 223 223 223 224 224 224 224 224 224 224 224 224 224 224 224 224 223 224 225 225 225 224 223 222 222 222 222 222 222 221 222 222 221 220 220 221 221 221 222 222 222 222 222 222 222 222 223 223 222 223 223 223 223 223 223 222 223 223 223 223 223 226 225 225 225 225 225 224 224 224 224 223 223 223 223 223 223 223 223 223 223 222 223 223 223 223 223 222 223 223 223 223 223 223 223 222 222 223 223 222 222 222 222 222 222 222 222 222 222 222 222 222 222 222 222 222 222 222 222 222 222 222 222 222 222 222 222 222 222 222 223 222 222 222 222 222 222 222 222 221 222 222 222 222 222 222 222 222 222 222 222 222 222 222 222 222 222 222 222 222 222 222 222 222 222 221 221 221 221 222 221 222 222 222 222 221 222 222 222 221 221 221 222 222 222 222 222 222 222 223 222 222 222 223 223 223 222 223 223 223 222 222 222 222 223 222 222 222 222 222 222 222 222 222 222 221 221 221 221 221 221 221 221 221 221 221 221 221 221 221 221 221 221 221 220 221 221 221 221 221 221 221 221 221 221 222 222 221 222 222 222 222 222 222 222 222 222 222 222 223 NA NA NA NA NA NA NA NA NA NA NA NA NA NA NA NA NA NA NA NA NA NA NA NA NA NA NA NA NA NA NA NA NA NA NA NA NA NA NA NA NA NA NA NA NA NA NA NA NA NA NA NA NA NA NA NA NA NA NA NA NA NA
NA NA NA NA NA NA NA NA NA NA NA NA NA NA NA NA NA NA NA NA NA NA NA NA NA NA NA NA NA NA NA NA NA NA NA NA NA NA NA NA NA NA NA NA NA NA NA NA NA NA NA NA 224 223 224 224 224 225 224 224 223 223 223 223 224 224 224 223 222 222 NA NA NA 222 222 222 222 222 222 222 223 223 222 222 222 222 222 221 222 222 222 222 222 223 223 223 223 223 223 224 224 224 224 224 224 223 223 223 223 224 224 224 225 225 224 224 224 224 224 224 224 224 225 225 225 225 225 225 225 225 225 225 225 224 225 224 225 223 224 224 224 224 224 225 225 225 224 223 223 223 223 223 223 223 223 223 224 224 223 223 222 223 223 223 223 223 223 223 222 223 223 223 222 222 223 223 223 223 224 223 223 224 224 224 224 224 224 224 223 224 224 224 225 224 224 224 224 223 223 224 224 225 225 224 223 223 223 223 222 222 222 222 222 222 221 220 221 221 221 222 223 222 222 222 222 222 222 222 222 223 223 223 223 223 223 223 223 223 223 223 223 223 226 226 226 226 226 225 225 225 224 224 224 224 224 223 223 223 223 223 223 223 223 223 223 223 223 223 223 223 223 223 223 223 223 222 222 222 223 223 222 222 222 222 222 222 222 222 222 222 222 222 222 222 223 222 223 223 222 222 222 222 222 222 222 222 222 222 222 222 222 222 222 222 222 222 222 222 222 222 222 222 222 222 222 222 222 222 222 222 222 222 222 222 222 222 222 222 222 222 222 222 222 222 222 222 222 221 221 221 221 221 222 222 222 222 221 222 222 221 221 221 222 222 222 222 222 222 222 222 222 222 222 222 222 222 223 222 222 223 223 222 222 222 222 222 223 223 222 222 222 222 222 222 222 222 222 221 221 221 221 221 221 221 221 221 221 221 221 221 221 221 221 221 221 221 221 221 221 221 221 221 221 221 221 221 221 221 221 221 222 222 222 222 222 223 223 222 222 222 223 NA NA NA NA NA NA NA NA NA NA NA NA NA NA NA NA NA NA NA NA NA NA NA NA NA NA NA NA NA NA NA NA NA NA NA NA NA NA NA NA NA NA NA NA NA NA NA NA NA NA NA NA NA NA NA NA NA NA NA NA NA NA
NA NA NA NA NA NA NA NA NA NA NA NA NA NA NA NA NA NA NA NA NA NA NA NA NA NA NA NA NA NA NA NA NA NA NA NA NA NA NA NA NA NA NA NA NA NA NA NA NA NA NA NA 224 224 224 224 225 225 225 225 224 224 224 224 224 224 224 223 222 222 221 NA NA 222 222 223 222 222 223 222 223 223 222 222 222 222 222 221 221 222 222 222 223 223 223 222 222 223 223 223 224 224 224 224 224 224 223 223 223 224 224 224 224 224 225 224 224 224 224 224 224 224 224 224 224 224 224 224 224 225 224 225 225 224 224 224 224 224 224 225 225 225 226 226 225 226 225 224 223 222 223 223 223 223 223 223 224 224 223 223 223 223 223 223 223 223 223 223 222 223 223 222 222 222 222 223 223 224 224 224 224 224 224 224 224 224 224 223 223 223 223 224 225 225 224 224 224 223 223 223 223 223 224 224 224 224 224 223 223 223 223 223 222 222 221 221 221 221 222 222 223 223 222 223 223 223 223 223 223 223 223 223 223 223 223 223 224 223 223 224 224 223 226 226 225 225 225 225 225 225 225 225 225 224 224 223 223 223 223 223 223 223 223 223 223 223 223 222 222 223 223 223 223 223 223 223 223 223 223 223 223 223 222 222 222 222 223 222 222 222 222 222 222 222 222 223 223 223 223 223 222 222 222 222 222 222 222 222 222 222 222 222 222 222 223 222 222 222 222 222 222 222 222 222 222 222 222 222 222 222 222 222 222 222 222 222 222 222 222 222 222 222 222 222 222 222 222 221 222 222 222 222 222 222 222 222 222 222 222 222 222 222 222 222 222 222 222 222 222 222 222 222 222 222 222 222 222 223 222 222 222 222 222 223 223 223 223 223 222 222 222 222 222 222 222 222 222 222 221 221 221 221 220 220 220 220 220 220 221 221 221 221 221 221 221 221 221 221 221 221 221 221 222 222 221 221 221 221 222 222 222 222 222 222 222 222 222 222 222 222 223 223 NA NA NA NA NA NA NA NA NA NA NA NA NA NA NA NA NA NA NA NA NA NA NA NA NA NA NA NA NA NA NA NA NA NA NA NA NA NA NA NA NA NA NA NA NA NA NA NA NA NA NA NA NA NA NA NA NA NA NA NA NA
NA NA NA NA NA NA NA NA NA NA NA NA NA NA NA NA NA NA NA NA NA NA NA NA NA NA NA NA NA NA NA NA NA NA NA NA NA NA NA NA NA NA NA NA NA NA NA NA NA NA NA NA 224 224 224 225 225 225 224 224 223 223 223 224 224 224 224 223 222 222 222 223 223 222 223 223 223 223 223 223 223 223 222 222 222 222 222 221 221 221 221 222 222 224 223 223 222 222 223 223 224 223 224 224 224 224 223 223 223 224 224 224 224 224 224 224 224 224 224 224 224 224 224 224 225 225 224 225 224 224 224 225 225 225 225 224 224 224 224 224 224 224 225 225 225 225 224 224 223 223 223 223 223 223 224 224 224 224 224 224 224 224 224 223 222 223 223 223 222 222 222 222 222 222 222 222 223 223 223 224 224 224 225 224 224 224 225 224 224 223 223 224 224 224 224 224 224 224 223 223 222 223 223 223 223 224 224 224 224 224 223 222 221 221 220 220 221 221 221 221 222 223 223 223 223 223 223 223 224 224 223 224 224 223 223 224 224 224 224 223 223 224 226 226 226 225 225 225 226 225 225 225 225 224 224 224 224 224 223 223 223 223 223 224 223 223 223 223 223 223 223 223 223 223 223 223 223 223 223 223 223 223 223 223 223 222 222 222 222 222 222 222 222 222 222 223 223 223 223 223 222 222 222 222 222 222 222 222 222 222 222 222 222 222 223 222 222 222 222 222 222 222 222 222 222 222 222 222 222 222 222 223 222 222 222 222 222 222 222 222 222 222 222 222 222 222 222 222 222 222 222 221 222 222 222 222 222 222 222 222 222 221 222 222 222 222 222 222 222 222 222 222 222 222 222 223 222 222 222 222 222 222 222 223 222 222 222 222 222 222 222 221 222 222 222 222 222 222 221 221 221 221 220 221 220 220 221 221 221 221 221 221 221 221 221 221 221 221 221 221 221 221 221 221 221 221 222 222 222 221 222 222 222 222 222 222 222 222 222 222 222 222 NA NA NA NA NA NA NA NA NA NA NA NA NA NA NA NA NA NA NA NA NA NA NA NA NA NA NA NA NA NA NA NA NA NA NA NA NA NA NA NA NA NA NA NA NA NA NA NA NA NA NA NA NA NA NA NA NA NA NA NA NA
NA NA NA NA NA NA NA NA NA NA NA NA NA NA NA NA NA NA NA NA NA NA NA NA NA NA NA NA NA NA NA NA NA NA NA NA NA NA NA NA NA NA NA NA NA NA NA NA NA NA NA 224 224 224 224 224 224 225 224 223 223 223 223 223 224 224 223 223 222 222 223 223 223 222 222 223 223 223 223 223 223 223 223 222 223 222 222 221 221 221 221 221 222 222 222 222 222 223 222 222 223 223 223 223 223 224 224 224 224 223 224 224 224 224 224 224 224 224 224 225 225 225 225 225 225 225 225 225 225 224 224 225 225 225 225 225 224 224 224 224 224 225 225 224 224 224 224 223 224 224 224 224 223 224 224 224 224 223 224 224 223 223 223 222 222 222 222 222 222 222 222 223 223 223 222 222 222 222 223 223 224 224 224 224 224 224 224 224 223 223 222 223 223 224 224 224 223 223 224 223 222 223 223 222 222 223 224 224 224 224 223 222 222 221 220 220 221 222 222 222 222 222 223 224 224 223 223 223 224 224 223 224 224 224 224 225 224 224 223 223 223 223 226 226 226 225 225 225 225 225 225 225 225 225 225 225 225 224 224 223 223 223 224 224 224 223 223 223 223 223 223 223 223 222 223 223 223 223 223 223 223 223 223 222 222 222 222 222 222 222 222 222 222 222 223 223 223 223 223 222 222 222 222 222 222 223 223 223 223 222 222 222 222 222 222 222 222 223 222 222 222 222 222 222 222 222 222 222 223 223 222 222 222 222 222 222 222 222 222 222 222 222 222 222 222 222 222 222 222 222 222 222 222 222 222 222 222 222 221 222 222 222 222 221 221 222 222 222 222 222 222 222 223 222 222 222 222 222 222 222 222 222 222 222 222 222 222 222 222 222 221 221 221 222 222 222 222 222 222 221 221 221 221 221 221 220 221 221 221 221 221 221 221 221 221 221 220 221 221 221 221 221 221 222 222 221 221 221 221 221 221 221 221 221 222 221 222 222 222 222 222 223 NA NA NA NA NA NA NA NA NA NA NA NA NA NA NA NA NA NA NA NA NA NA NA NA NA NA NA NA NA NA NA NA NA NA NA NA NA NA NA NA NA NA NA NA NA NA NA NA NA NA NA NA NA NA NA NA NA NA NA NA NA
NA NA NA NA NA NA NA NA NA NA NA NA NA NA NA NA NA NA NA NA NA NA NA NA NA NA NA NA NA NA NA NA NA NA NA NA NA NA NA NA NA NA NA NA NA NA NA NA NA NA 225 225 225 225 224 223 223 224 224 224 224 223 222 222 223 223 222 222 221 222 223 224 223 222 223 224 224 224 224 223 224 224 224 223 223 223 222 222 222 221 221 221 222 222 222 223 223 224 223 224 223 223 223 223 223 223 223 223 223 223 223 223 224 224 224 224 224 224 224 224 224 224 225 225 225 224 224 224 224 224 225 224 224 225 225 225 225 225 225 225 225 225 225 225 225 224 224 224 223 224 224 224 223 224 225 224 224 223 223 223 223 223 222 223 223 223 223 223 222 222 222 223 223 224 223 222 223 222 223 224 224 224 223 223 224 224 224 224 224 224 223 223 223 223 224 223 223 222 222 222 222 222 223 222 222 223 223 223 223 223 224 223 222 221 221 220 221 222 222 223 223 223 224 224 223 223 222 223 224 223 223 223 223 224 224 225 224 223 223 223 223 223 225 226 225 226 225 225 225 225 225 225 226 225 225 225 224 225 224 224 224 224 224 224 224 224 224 223 223 223 223 223 223 223 223 223 223 223 223 223 223 223 222 222 222 222 222 222 222 222 222 222 222 222 222 223 223 223 222 222 222 222 222 222 222 222 222 223 223 223 223 222 222 222 223 223 223 222 222 222 222 222 222 222 222 222 222 222 223 223 223 222 222 222 222 222 222 222 222 222 222 222 222 222 222 222 222 222 222 222 222 222 222 222 222 222 222 222 222 222 222 222 222 222 221 222 222 222 222 222 222 222 222 222 222 222 222 222 223 223 223 223 222 222 222 222 222 222 222 221 222 222 222 222 222 222 222 222 221 221 221 221 221 221 221 221 221 221 221 221 221 221 221 221 221 221 221 220 221 221 221 221 221 221 221 221 221 221 222 221 222 222 222 222 222 222 222 222 222 222 222 223 224 NA NA NA NA NA NA NA NA NA NA NA NA NA NA NA NA NA NA NA NA NA NA NA NA NA NA NA NA NA NA NA NA NA NA NA NA NA NA NA NA NA NA NA NA NA NA NA NA NA NA NA NA NA NA NA NA NA NA NA NA
NA NA NA NA NA NA NA NA NA NA NA NA NA NA NA NA NA NA NA NA NA NA NA NA NA NA NA NA NA NA NA NA NA NA NA NA NA NA NA NA NA NA NA NA NA NA NA NA NA 225 224 224 225 225 224 223 223 224 224 223 223 224 223 222 222 222 221 222 222 223 223 223 223 222 222 223 223 224 224 224 225 224 224 224 224 224 224 223 222 222 222 222 221 222 222 223 223 223 223 224 224 223 223 223 223 223 223 223 223 223 223 223 223 224 224 224 224 224 224 224 224 224 224 224 224 223 223 224 223 224 224 224 224 225 225 225 225 225 225 225 225 225 226 226 225 224 224 223 224 224 224 224 223 224 224 224 223 223 223 223 223 223 222 223 223 223 223 223 222 222 223 223 223 224 224 223 224 224 224 224 224 224 224 223 224 224 224 225 224 224 224 223 223 223 223 222 222 223 223 223 222 222 222 222 222 223 223 223 223 223 223 223 223 222 221 221 221 222 222 223 223 223 223 223 223 222 222 223 223 222 222 223 223 223 223 224 224 223 223 223 223 223 225 225 225 225 225 225 226 226 226 226 226 225 225 225 224 225 225 225 224 224 224 224 224 224 224 224 223 223 223 223 223 223 223 223 223 223 223 223 223 222 223 223 223 223 223 223 222 222 222 222 222 222 223 223 223 223 222 222 222 222 223 222 223 223 223 222 223 223 223 223 223 223 223 223 222 222 222 222 222 222 223 222 222 222 222 222 222 223 223 222 222 222 222 222 222 223 222 222 222 222 222 222 222 222 222 222 222 222 222 222 222 222 222 222 222 222 222 222 222 222 222 222 222 222 222 222 222 222 222 222 222 222 222 222 222 222 222 222 222 222 222 222 222 222 222 222 222 222 222 222 222 222 222 222 222 222 221 221 221 221 221 222 222 221 221 222 221 221 221 221 221 221 221 221 221 221 220 220 221 221 222 221 222 221 221 222 222 222 222 222 222 223 222 223 222 222 222 222 222 222 223 NA NA NA NA NA NA NA NA NA NA NA NA NA NA NA NA NA NA NA NA NA NA NA NA NA NA NA NA NA NA NA NA NA NA NA NA NA NA NA NA NA NA NA NA NA NA NA NA NA NA NA NA NA NA NA NA NA NA NA NA
NA NA NA NA NA NA NA NA NA NA NA NA NA NA NA NA NA NA NA NA NA NA NA NA NA NA NA NA NA NA NA NA NA NA NA NA NA NA NA NA NA NA NA NA NA NA NA NA NA 224 223 224 224 225 224 224 223 223 224 223 223 223 222 222 222 222 222 223 223 224 223 223 222 222 222 222 223 223 224 224 224 223 223 224 224 225 225 224 223 223 222 222 222 221 221 222 222 222 223 223 224 224 224 224 223 223 223 223 223 224 224 224 224 224 224 224 224 224 224 224 224 224 224 224 224 223 224 224 224 224 224 224 224 224 224 225 225 225 225 225 225 225 226 226 226 225 224 224 224 223 223 223 224 224 224 224 224 224 223 223 222 223 223 223 223 224 223 223 223 222 222 223 223 223 223 224 224 225 224 224 223 223 224 223 223 224 224 224 224 223 223 223 223 223 223 223 223 223 224 223 223 223 222 222 222 223 223 223 223 223 222 222 222 222 221 221 221 222 222 222 222 222 223 223 223 222 222 223 222 222 222 222 222 223 223 223 224 224 224 223 223 223 225 225 225 225 225 225 225 225 225 226 225 225 225 225 224 225 224 225 224 224 224 224 224 224 224 224 223 223 223 223 223 223 223 223 223 223 223 223 223 223 223 223 223 223 223 222 222 222 222 222 223 223 223 223 223 222 222 222 222 222 222 223 223 223 223 223 223 223 223 223 223 223 223 223 223 222 222 222 222 222 222 222 222 222 222 223 223 223 222 222 222 222 222 222 223 223 222 222 223 222 222 222 222 222 222 222 222 222 222 222 222 222 222 222 222 222 222 222 222 222 222 222 222 222 222 222 222 222 222 222 222 222 222 221 222 222 222 222 222 222 222 222 222 222 222 221 222 222 222 222 221 222 222 222 221 221 221 221 221 221 221 222 222 222 221 222 222 222 221 221 221 221 221 221 221 221 221 220 220 221 221 222 222 222 221 221 221 222 222 222 222 222 223 223 223 222 222 222 222 222 223 224 NA NA NA NA NA NA NA NA NA NA NA NA NA NA NA NA NA NA NA NA NA NA NA NA NA NA NA NA NA NA NA NA NA NA NA NA NA NA NA NA NA NA NA NA NA NA NA NA NA NA NA NA NA NA NA NA NA NA NA
NA NA NA NA NA NA NA NA NA NA NA NA NA NA NA NA NA NA NA NA NA NA NA NA NA NA NA NA NA NA NA NA NA NA NA NA NA NA NA NA NA NA NA NA NA NA NA NA NA 223 223 223 224 224 224 224 223 223 224 224 223 222 222 222 222 223 224 224 224 225 224 223 222 223 223 223 222 223 224 223 223 223 224 224 224 224 225 224 224 223 222 222 222 222 221 221 221 221 221 222 222 223 224 224 224 224 225 224 224 224 224 224 224 225 224 224 224 224 224 224 224 224 225 225 224 224 224 224 224 224 224 224 224 225 225 225 225 225 224 224 225 225 225 225 225 225 225 225 224 224 224 224 224 224 224 224 224 224 223 223 223 224 224 224 224 223 223 223 223 223 222 223 223 223 223 224 225 225 224 224 224 224 224 223 223 223 223 224 223 223 223 223 223 223 224 223 223 224 224 224 223 222 222 222 222 222 222 222 223 223 223 223 222 221 221 221 221 222 222 221 222 222 222 223 222 222 222 222 222 223 223 223 223 223 223 224 224 224 224 223 223 224 226 225 225 225 225 225 225 225 225 225 225 225 225 225 225 224 225 225 224 224 224 224 224 224 224 224 224 223 223 223 223 223 223 223 223 223 223 223 223 223 222 223 223 223 223 223 222 222 223 222 223 223 223 223 222 222 222 222 222 223 223 222 223 223 223 223 223 223 223 222 222 222 222 223 222 222 222 222 222 222 222 222 222 223 222 223 223 223 222 222 222 222 222 222 223 223 222 223 223 222 222 222 222 222 222 222 222 222 222 222 222 222 222 222 222 222 222 222 222 222 222 222 222 222 222 222 222 222 222 222 222 222 222 221 221 222 222 222 222 222 222 222 222 222 222 222 222 222 222 222 221 221 221 221 221 221 221 221 221 221 221 221 221 222 222 222 222 222 222 222 222 221 221 222 222 222 221 221 220 221 221 221 222 221 222 221 221 222 222 222 222 222 223 222 222 222 222 222 222 222 224 224 224 NA NA NA NA NA NA NA NA NA NA NA NA NA NA NA NA NA NA NA NA NA NA NA NA NA NA NA NA NA NA NA NA NA NA NA NA NA NA NA NA NA NA NA NA NA NA NA NA NA NA NA NA NA NA NA NA NA NA
NA NA NA NA NA NA NA NA NA NA NA NA NA NA NA NA NA NA NA NA NA NA NA NA NA NA NA NA NA NA NA NA NA NA NA NA NA NA NA NA NA NA NA NA NA NA NA NA NA 224 224 223 223 223 223 224 224 223 223 223 223 223 223 223 223 224 225 225 224 224 225 223 224 224 224 224 223 222 222 223 223 224 224 224 224 224 225 225 224 223 223 223 223 222 222 222 222 221 221 221 222 223 223 223 224 224 224 225 224 224 225 225 225 224 224 225 225 225 225 225 224 224 225 225 225 225 224 224 223 224 224 224 224 224 224 225 225 225 225 225 225 225 226 225 225 225 225 225 225 225 224 224 224 224 224 224 224 224 224 223 223 223 224 224 224 224 223 223 223 223 223 223 223 223 223 224 224 225 225 225 225 225 225 224 224 224 223 223 223 223 223 223 223 223 224 224 224 224 225 224 223 223 223 222 222 222 222 222 223 223 224 223 222 222 221 221 222 222 222 222 222 223 223 223 223 222 222 222 222 222 222 223 223 224 224 224 224 225 224 224 224 224 226 225 226 226 226 226 225 225 224 224 225 225 225 225 225 225 224 225 225 224 224 224 224 224 223 224 224 223 223 223 223 223 223 223 223 223 223 223 223 223 223 223 223 223 223 223 223 223 223 222 223 223 223 222 222 223 222 223 223 223 223 223 223 223 223 223 222 222 222 222 222 222 223 222 222 222 222 222 222 222 222 222 223 223 222 223 223 223 222 222 222 222 222 222 223 223 223 223 223 222 222 222 222 222 222 222 222 222 222 222 222 222 222 222 222 222 222 222 222 222 222 222 222 222 222 222 222 222 222 222 222 222 222 222 221 221 221 222 222 222 222 222 222 222 222 222 222 222 222 222 221 221 221 221 221 221 221 221 221 221 221 222 222 222 222 222 222 222 222 222 222 221 222 222 222 222 221 221 221 221 221 221 221 221 221 221 221 221 222 222 222 222 222 222 222 222 222 223 222 222 223 223 224 NA NA NA NA NA NA NA NA NA NA NA NA NA NA NA NA NA NA NA NA NA NA NA NA NA NA NA NA NA NA NA NA NA NA NA NA NA NA NA NA NA NA NA NA NA NA NA NA NA NA NA NA NA NA NA NA NA NA
NA NA NA NA NA NA NA NA NA NA NA NA NA NA NA NA NA NA NA NA NA NA NA NA NA NA NA NA NA NA NA NA NA NA NA NA NA NA NA NA NA NA NA NA NA NA NA NA NA 225 225 224 224 223 223 223 223 223 223 223 223 223 223 223 223 224 224 224 224 224 223 223 223 224 225 225 224 224 222 223 224 224 224 224 224 225 225 225 225 224 224 224 223 223 222 223 223 222 222 221 222 222 223 223 223 223 223 224 224 224 224 224 225 224 224 224 225 225 225 225 224 224 225 225 225 225 224 224 224 223 224 224 225 225 225 225 225 225 225 225 224 225 225 225 225 225 226 226 226 225 224 223 223 223 223 223 223 223 223 223 223 223 223 224 224 224 223 224 224 223 223 223 223 224 224 224 224 225 225 225 225 224 225 224 224 224 224 223 223 223 223 223 223 224 224 225 225 225 226 225 224 224 223 223 222 222 222 223 223 223 223 223 222 221 221 221 221 222 222 223 223 223 223 223 222 222 222 222 223 223 223 223 223 224 225 225 225 225 226 225 225 224 226 226 226 226 226 225 225 225 224 224 224 224 225 225 225 225 224 224 225 224 224 224 224 224 224 223 223 223 223 223 223 223 223 223 223 223 223 223 223 223 223 223 223 223 223 223 223 223 223 223 223 223 223 223 222 223 223 223 223 223 223 223 222 223 222 222 223 222 222 222 222 222 223 223 223 223 222 222 222 222 222 222 223 223 222 223 223 223 223 222 222 222 222 223 223 223 223 223 222 223 222 222 222 222 222 222 222 222 222 222 222 222 222 222 222 222 222 222 222 222 222 222 222 222 222 222 222 222 222 222 222 221 221 222 221 221 221 222 222 222 222 222 222 222 222 222 222 222 221 221 221 221 221 222 222 222 222 222 222 222 222 222 222 222 223 223 223 223 223 222 222 222 222 222 222 222 221 221 221 221 221 221 221 221 221 222 221 222 222 222 222 222 222 222 222 222 222 222 222 222 223 224 224 225 NA NA NA NA NA NA NA NA NA NA NA NA NA NA NA NA NA NA NA NA NA NA NA NA NA NA NA NA NA NA NA NA NA NA NA NA NA NA NA NA NA NA NA NA NA NA NA NA NA NA NA NA NA NA NA NA NA
NA NA NA NA NA NA NA NA NA NA NA NA NA NA NA NA NA NA NA NA NA NA NA NA NA NA NA NA NA NA NA NA NA NA NA NA NA NA NA NA NA NA NA NA NA NA NA NA NA NA NA 225 224 224 223 223 223 223 223 223 223 223 223 223 223 224 224 225 225 224 223 224 224 223 224 225 225 225 223 223 224 224 224 224 224 224 224 225 224 224 224 224 224 223 223 222 223 223 222 221 221 221 222 222 222 222 222 222 223 223 223 223 223 224 224 225 225 225 225 225 225 225 224 225 225 225 225 225 225 224 223 224 224 225 225 225 225 225 225 225 225 225 225 225 225 226 225 225 225 225 224 224 224 223 224 223 223 224 224 223 223 223 223 223 224 224 224 224 224 223 223 223 223 224 224 224 225 225 224 224 225 224 224 224 224 224 224 223 224 224 224 224 224 224 224 225 225 226 226 225 225 224 224 223 223 222 222 222 222 222 222 222 222 221 221 221 221 222 222 222 222 222 222 222 221 222 222 222 223 223 223 223 223 224 224 225 225 226 226 225 225 224 226 226 227 226 226 226 225 225 225 225 225 224 224 225 225 225 225 225 224 225 224 224 224 224 224 224 223 223 223 223 223 223 223 223 223 223 223 223 223 223 223 223 223 223 223 223 223 223 223 222 223 223 223 223 223 223 223 223 223 223 223 223 222 222 222 223 223 223 223 222 222 222 222 223 223 223 223 223 222 222 222 223 223 223 223 223 223 222 222 222 223 223 223 223 223 223 223 223 223 223 222 222 222 222 222 222 222 222 222 222 222 222 222 222 222 222 222 222 222 222 222 222 222 222 222 222 222 222 222 222 221 221 221 221 221 221 221 222 222 222 222 222 222 222 222 222 222 222 222 221 221 221 222 222 222 222 222 222 222 222 222 222 222 222 222 222 223 223 223 223 222 222 222 223 223 222 222 221 221 221 221 221 221 221 221 221 221 221 221 222 221 222 222 222 222 222 222 222 222 222 223 223 224 225 NA NA NA NA NA NA NA NA NA NA NA NA NA NA NA NA NA NA NA NA NA NA NA NA NA NA NA NA NA NA NA NA NA NA NA NA NA NA NA NA NA NA NA NA NA NA NA NA NA NA NA NA NA NA NA NA NA
NA NA NA NA NA NA NA NA NA NA NA NA NA NA NA NA NA NA NA NA NA NA NA NA NA NA NA NA NA NA NA NA NA NA NA NA NA NA NA NA NA NA NA NA NA NA NA NA NA NA NA NA NA 225 224 223 224 223 223 223 223 223 223 223 224 224 224 225 224 224 224 224 223 224 224 224 225 225 224 224 224 224 224 224 224 224 225 225 224 223 224 224 224 224 223 222 222 222 222 221 222 222 222 222 222 222 223 223 223 223 223 223 223 223 223 223 224 224 224 224 225 225 224 225 225 225 225 225 224 224 224 224 224 224 225 225 225 225 225 225 225 225 226 225 226 226 225 225 225 225 224 224 223 223 224 224 224 224 224 223 223 223 223 224 224 224 223 223 223 223 223 223 223 223 224 225 225 225 225 224 224 224 224 225 225 224 223 224 224 225 225 225 225 224 224 225 225 225 225 225 224 224 223 223 222 222 222 223 222 222 222 222 222 221 221 221 221 221 221 221 221 221 221 221 222 222 223 223 223 224 224 224 224 224 224 224 225 225 225 225 225 224 226 226 227 227 227 227 226 225 225 225 225 224 224 224 224 225 225 224 225 224 225 224 224 224 223 223 224 223 224 224 224 224 224 224 223 223 223 223 223 223 223 223 223 223 223 223 223 223 222 222 222 223 223 223 223 223 223 223 223 223 223 223 223 222 223 223 223 223 222 222 222 223 222 222 223 223 223 223 223 222 223 223 223 223 223 223 223 223 222 223 223 223 223 223 223 223 223 223 223 223 222 222 222 222 222 222 222 222 222 222 222 222 222 222 222 222 222 222 222 222 222 222 222 222 222 222 222 222 221 221 221 221 221 221 221 221 221 222 222 222 222 222 222 222 222 222 222 222 222 222 222 221 221 221 221 221 221 222 222 222 222 222 222 222 222 222 223 223 223 223 223 222 223 223 222 223 222 222 221 221 221 221 221 221 221 220 221 221 221 221 222 222 222 222 221 222 222 222 222 222 223 223 224 224 225 225 NA 226 226 NA NA NA NA NA NA NA NA NA NA NA NA NA NA NA NA NA NA NA NA NA NA NA NA NA NA NA NA NA NA NA NA NA NA NA NA NA NA NA NA NA NA NA NA NA NA NA NA NA NA NA NA
NA NA NA NA NA NA NA NA NA NA NA NA NA NA NA NA NA NA NA NA NA NA NA NA NA NA NA NA NA NA NA NA NA NA NA NA NA NA NA NA NA NA NA NA NA NA NA NA NA NA NA NA NA NA NA 224 224 223 223 223 223 223 223 224 224 224 224 224 225 224 224 224 224 224 225 225 225 225 225 225 224 224 224 225 225 225 225 224 223 223 223 223 223 224 224 223 222 222 221 222 222 223 223 223 223 223 223 223 224 223 223 223 223 223 223 223 224 224 225 225 225 225 224 224 225 225 225 225 224 224 224 224 224 224 225 225 225 225 225 225 225 225 226 226 226 226 225 225 226 225 225 224 223 224 224 224 224 224 224 223 223 223 223 224 224 224 224 223 223 223 224 224 224 223 224 226 225 225 224 224 224 224 224 225 224 223 223 224 224 225 225 225 225 225 225 225 225 225 225 225 225 224 223 222 222 223 223 223 223 222 221 221 221 221 222 221 222 222 222 222 222 221 221 221 222 222 223 223 223 223 223 224 224 224 224 225 225 226 225 225 225 225 227 227 226 227 227 227 226 226 225 225 225 224 225 225 224 224 224 224 225 224 224 224 224 224 224 224 223 224 223 223 223 223 223 223 223 223 223 223 223 223 223 223 223 223 223 223 223 222 222 222 223 223 223 223 223 223 223 223 223 223 223 223 223 222 223 223 224 224 223 223 223 223 223 223 223 223 223 223 223 223 223 223 223 223 223 223 223 223 222 223 223 223 223 223 223 223 223 223 223 223 222 222 222 222 222 222 222 222 222 222 222 222 222 222 222 222 222 222 222 222 222 222 222 222 222 222 222 221 221 221 221 221 222 222 222 222 222 222 222 222 222 222 222 222 222 222 222 222 221 221 221 221 221 221 221 221 221 222 222 222 222 222 222 222 222 222 223 223 223 223 223 223 222 223 223 223 223 222 222 222 221 222 222 222 222 221 221 221 221 221 222 222 221 222 222 222 222 223 223 223 223 223 223 224 225 225 225 224 224 224 NA NA NA NA NA NA NA NA NA NA NA NA NA NA NA NA NA NA NA NA NA NA NA NA NA NA NA NA NA NA NA NA NA NA NA NA NA NA NA NA NA NA NA NA NA NA NA NA NA NA NA
NA NA NA NA NA NA NA NA NA NA NA NA NA NA NA NA NA NA NA NA NA NA NA NA NA NA NA NA NA NA NA NA NA NA NA NA NA NA NA NA NA NA NA NA NA NA NA NA NA NA NA NA NA NA NA NA NA 225 224 224 224 224 224 224 224 224 224 224 224 224 224 223 224 225 225 225 226 226 225 225 224 224 224 224 225 225 225 224 223 223 223 223 223 224 224 223 222 222 221 222 222 223 223 223 224 224 224 224 224 225 224 224 225 224 224 223 223 224 224 225 225 225 225 224 225 225 225 225 225 225 225 225 224 224 225 225 225 225 225 225 225 225 226 226 226 226 226 226 226 226 226 225 224 225 224 225 225 224 224 224 224 223 223 224 224 223 223 223 223 223 223 224 225 224 225 226 226 225 225 225 225 224 224 225 224 224 223 224 224 224 224 225 225 226 226 225 225 225 225 225 225 224 223 223 224 224 223 223 222 222 222 222 222 222 222 222 222 223 223 223 222 222 221 222 222 222 222 223 223 224 223 223 224 224 224 224 225 225 224 224 225 225 227 227 227 226 227 227 227 226 225 225 225 225 225 225 225 224 224 224 224 225 224 224 224 224 224 224 223 223 224 224 224 223 224 224 223 223 223 223 223 223 223 223 223 223 223 223 222 222 222 222 223 223 223 223 223 223 223 223 223 223 223 223 223 222 223 223 224 224 224 224 224 223 223 223 223 223 223 223 223 223 223 223 223 223 223 223 223 223 223 223 223 223 223 223 223 223 223 223 223 223 222 222 222 222 222 222 222 222 222 222 222 222 222 222 222 222 222 222 222 222 222 222 222 222 222 222 222 223 222 222 222 222 223 223 222 222 222 222 222 222 221 221 221 222 222 221 221 221 221 221 221 221 221 221 221 222 222 222 222 222 222 222 222 222 222 222 223 223 223 223 222 223 222 223 223 223 223 223 223 223 222 222 222 222 222 222 221 221 221 221 221 221 221 222 222 222 222 222 222 222 223 223 223 223 224 224 223 223 223 224 225 NA NA NA NA NA NA NA NA NA NA NA NA NA NA NA NA NA NA NA NA NA NA NA NA NA NA NA NA NA NA NA NA NA NA NA NA NA NA NA NA NA NA NA NA NA NA NA NA NA NA
NA NA NA NA NA NA NA NA NA NA NA NA NA NA NA NA NA NA NA NA NA NA NA NA NA NA NA NA NA NA NA NA NA NA NA NA NA NA NA NA NA NA NA NA NA NA NA NA NA NA NA NA NA NA NA NA NA NA NA NA NA NA 225 224 224 224 224 224 224 224 224 224 224 225 225 225 226 226 226 226 225 225 225 225 225 225 225 224 224 224 223 223 223 223 223 223 223 222 222 222 222 222 223 223 223 224 224 224 224 225 224 224 225 224 224 224 224 224 225 225 225 225 225 224 225 225 225 225 225 225 225 225 225 224 224 225 225 225 225 225 225 225 226 226 226 226 227 226 226 226 226 226 226 226 225 225 225 225 224 224 223 223 223 224 224 224 223 223 224 223 224 224 225 224 225 226 225 225 226 225 225 225 225 225 224 224 223 223 224 224 224 224 225 226 225 225 225 225 226 226 226 224 223 224 224 223 223 222 223 223 223 223 222 223 222 222 222 222 222 222 222 221 221 222 222 223 223 224 223 224 223 223 223 223 223 223 224 224 224 224 224 224 227 227 227 227 227 227 227 227 227 226 225 225 224 225 224 224 224 224 224 224 225 224 224 224 224 224 224 223 223 223 223 223 223 223 223 223 223 223 223 223 223 223 223 223 223 222 222 222 222 222 223 223 223 223 223 223 223 223 223 224 223 224 223 223 223 223 223 223 224 225 224 224 223 223 223 223 223 223 223 223 223 223 223 223 223 223 222 222 223 223 223 223 223 223 223 223 223 223 222 222 222 222 222 222 222 222 222 222 222 222 222 222 222 222 222 222 222 222 222 222 222 222 222 222 222 222 223 223 223 223 223 223 223 223 223 222 222 222 222 222 221 221 221 221 221 221 221 221 221 222 222 222 221 221 222 222 222 222 222 222 222 222 222 222 222 222 223 223 223 223 223 222 222 223 223 223 223 223 223 223 223 223 223 223 222 222 222 222 221 221 221 221 222 222 222 222 222 222 222 222 223 223 223 223 224 223 223 223 223 224 225 NA NA NA NA NA NA NA NA NA NA NA NA NA NA NA NA NA NA NA NA NA NA NA NA NA NA NA NA NA NA NA NA NA NA NA NA NA NA NA NA NA NA NA NA NA NA NA NA NA NA
NA NA NA NA NA NA NA NA NA NA NA NA NA NA NA NA NA NA NA NA NA NA NA NA NA NA NA NA NA NA NA NA NA NA NA NA NA NA NA NA NA NA NA NA NA NA NA NA NA NA NA NA NA NA NA NA NA NA NA NA NA NA NA 225 225 225 224 224 224 225 225 225 225 225 225 226 226 226 226 226 226 226 225 226 225 225 225 225 225 224 224 223 222 222 222 222 222 222 222 222 223 223 223 223 223 223 224 224 225 224 224 224 225 225 225 224 224 225 225 225 225 225 225 224 225 225 225 225 225 225 225 225 224 224 225 225 225 225 225 225 225 225 226 226 226 226 226 226 226 226 226 226 226 226 225 224 225 225 224 224 223 224 224 224 224 223 224 224 224 223 224 224 225 225 226 226 226 225 226 226 226 226 225 225 224 224 223 223 224 224 224 224 225 225 225 225 225 225 225 225 225 224 224 224 224 224 223 223 223 224 223 223 223 222 222 222 222 222 222 221 221 222 222 222 222 223 223 223 223 224 223 223 223 223 223 224 224 224 224 224 224 224 227 227 227 226 227 227 227 227 227 226 225 225 225 225 225 225 224 224 224 224 225 224 224 224 224 224 224 224 223 224 223 223 223 223 223 223 223 223 223 223 223 223 223 223 222 222 222 222 222 222 223 223 223 223 223 223 223 223 223 223 224 224 223 223 223 223 223 223 224 224 224 223 224 224 224 223 223 223 223 223 223 223 223 223 223 222 223 222 223 223 223 223 223 223 223 223 222 222 222 222 222 222 222 222 222 222 222 222 222 222 222 222 222 222 222 222 222 222 222 222 222 222 222 222 222 222 222 222 222 222 222 222 222 222 223 223 223 222 222 222 222 222 221 222 222 222 222 222 222 222 222 222 222 222 222 222 222 222 222 222 222 222 222 222 222 222 222 222 222 222 223 223 222 223 223 223 223 223 223 223 223 223 223 223 223 222 222 222 221 221 221 222 222 222 221 222 222 222 222 223 224 223 223 223 223 223 223 223 224 224 224 225 225 226 NA NA 227 227 NA NA NA NA NA NA NA NA NA NA NA NA NA NA NA NA NA NA NA NA NA NA NA NA NA NA NA NA NA NA NA NA NA NA NA NA NA NA NA NA NA NA NA
NA NA NA NA NA NA NA NA NA NA NA NA NA NA NA NA NA NA NA NA NA NA NA NA NA NA NA NA NA NA NA NA NA NA NA NA NA NA NA NA NA NA NA NA NA NA NA NA NA NA NA NA NA NA NA NA NA NA NA NA NA NA NA NA 225 225 225 225 225 225 225 225 225 226 226 226 226 226 226 226 226 226 226 226 226 226 226 225 225 225 224 223 223 223 222 222 222 222 223 223 222 223 223 223 223 224 224 224 224 224 223 224 224 225 225 225 225 225 225 225 225 225 224 225 224 224 225 225 225 225 225 225 225 224 225 225 225 226 225 225 226 225 226 226 226 226 226 226 226 226 226 226 226 226 225 225 224 224 225 224 224 224 225 225 224 223 223 224 225 224 224 224 225 225 226 226 226 226 226 226 225 225 225 225 225 225 224 223 224 224 224 224 225 225 225 226 225 225 225 225 225 225 225 224 224 224 224 224 224 223 223 223 223 223 222 222 223 223 222 222 222 222 222 223 223 223 223 223 223 224 223 222 222 223 223 224 224 223 223 223 224 224 227 227 226 227 227 227 227 227 227 226 225 225 225 225 225 225 225 224 224 224 225 225 225 224 224 224 224 224 224 224 224 224 223 223 224 223 223 223 223 223 223 223 223 223 222 222 222 222 222 222 223 223 223 223 223 223 223 224 223 223 223 224 223 223 223 223 223 223 223 224 225 225 225 225 224 224 223 223 223 223 223 223 223 223 223 222 223 223 223 223 223 223 223 222 222 222 222 222 222 222 222 222 222 222 222 222 222 222 222 222 222 222 222 222 222 222 222 222 222 222 222 222 222 222 222 222 222 223 223 223 223 223 223 223 223 223 223 222 223 222 222 222 222 222 222 222 222 222 222 222 222 222 222 222 222 222 222 222 222 222 222 222 222 222 222 222 222 222 222 223 223 223 222 223 223 223 223 223 223 223 223 223 223 223 223 223 222 222 221 221 221 221 222 221 222 222 222 222 223 223 223 223 223 223 223 223 224 224 224 224 224 224 224 225 225 225 225 226 226 NA NA NA NA NA NA NA NA NA NA NA NA NA NA NA NA NA NA NA NA NA NA NA NA NA NA NA NA NA NA NA NA NA NA NA NA NA NA NA NA NA NA
NA NA NA NA NA NA NA NA NA NA NA NA NA NA NA NA NA NA NA NA NA NA NA NA NA NA NA NA NA NA NA NA NA NA NA NA NA NA NA NA NA NA NA NA NA NA NA NA NA NA NA NA NA NA NA NA NA NA NA NA NA NA NA NA NA 226 NA NA 225 225 225 225 225 226 226 226 226 226 226 226 226 226 226 226 226 226 226 226 226 225 225 224 224 223 223 222 222 222 222 223 223 223 223 223 223 223 224 224 224 223 223 223 224 225 225 226 226 226 226 225 225 225 225 225 225 225 224 224 224 225 225 225 225 225 225 225 225 225 225 225 226 226 226 226 226 226 226 226 226 226 226 226 226 226 226 225 224 224 224 224 224 225 225 225 225 224 223 224 225 224 224 224 224 225 225 226 226 226 226 226 226 225 224 224 224 224 224 224 223 224 225 225 225 225 225 226 226 225 225 225 225 225 225 224 224 224 224 224 223 223 223 223 223 222 223 223 223 223 223 222 222 222 222 222 222 222 222 222 223 223 223 223 223 224 224 225 224 224 224 224 224 224 226 226 227 227 227 227 227 227 227 226 226 225 225 225 225 225 224 224 224 224 225 225 225 224 224 224 224 224 224 224 224 224 224 223 224 224 224 223 223 223 223 223 223 223 223 223 223 223 223 222 223 223 223 223 223 223 223 223 224 223 223 224 224 224 223 223 223 223 223 224 225 225 224 224 223 223 223 223 223 223 223 223 223 223 223 223 223 223 223 223 223 223 222 223 223 222 223 222 223 223 222 222 222 222 222 222 222 222 222 222 222 222 222 222 222 222 222 222 222 222 222 222 222 222 223 223 223 223 223 223 223 223 223 223 223 223 223 223 223 223 222 222 222 222 222 222 222 222 222 222 222 222 222 222 222 222 222 222 222 222 222 222 222 222 222 222 222 222 222 223 223 223 223 223 223 223 223 223 223 223 223 223 223 223 223 223 222 222 222 221 221 221 221 221 221 222 222 222 223 222 224 223 223 223 223 224 223 223 224 224 224 224 224 224 224 224 225 225 226 226 NA NA NA NA NA NA NA NA NA NA NA NA NA NA NA NA NA NA NA NA NA NA NA NA NA NA NA NA NA NA NA NA NA NA NA NA NA NA NA NA NA
NA NA NA NA NA NA NA NA NA NA NA NA NA NA NA NA NA NA NA NA NA NA NA NA NA NA NA NA NA NA NA NA NA NA NA NA NA NA NA NA NA NA NA NA NA NA NA NA NA NA NA NA NA NA NA NA NA NA NA NA NA NA NA NA NA NA NA NA NA 226 226 226 226 226 226 226 226 226 226 226 226 226 226 226 226 226 226 226 225 225 224 224 224 224 223 222 222 221 221 222 223 223 223 222 222 223 223 224 224 223 223 223 224 225 225 226 226 226 226 226 226 226 226 225 225 225 225 224 224 224 224 224 224 225 225 225 225 225 225 225 225 225 226 226 226 226 226 226 226 226 226 226 226 226 225 225 224 225 224 224 224 224 224 225 225 224 224 224 225 225 224 224 225 225 225 225 225 226 225 225 225 225 224 226 225 224 225 225 224 224 224 226 226 225 225 225 225 225 225 225 225 225 224 224 223 223 224 224 224 223 223 223 223 223 222 222 222 222 222 222 222 222 222 222 222 222 222 222 222 222 222 223 223 224 224 224 224 224 224 225 224 224 226 226 226 227 227 227 227 227 227 226 225 225 225 225 225 225 225 225 225 224 224 225 225 225 225 225 224 224 224 224 223 223 223 223 224 224 223 223 223 223 223 223 223 223 223 223 223 223 223 223 223 223 223 223 223 223 224 223 224 224 224 225 225 225 224 224 224 224 224 225 225 225 224 224 224 223 224 224 224 223 223 223 223 223 223 223 223 223 223 223 223 223 223 223 223 223 223 223 223 223 222 222 222 222 222 222 222 222 222 222 222 222 222 222 222 222 222 222 222 222 222 222 222 222 223 223 223 223 223 223 223 223 223 223 223 223 223 223 223 223 223 223 222 222 222 222 222 222 222 222 222 222 222 222 222 222 221 221 221 222 222 222 222 222 222 223 223 223 223 223 223 223 223 223 223 223 223 223 223 223 223 223 223 223 223 222 222 222 222 222 222 222 222 221 221 221 221 222 222 222 223 223 223 223 224 224 224 224 224 224 224 224 224 224 225 225 226 226 227 227 NA NA NA NA NA NA NA NA NA NA NA NA NA NA NA NA NA NA NA NA NA NA NA NA NA NA NA NA NA NA NA NA NA NA NA NA NA NA NA NA NA
NA NA NA NA NA NA NA NA NA NA NA NA NA NA NA NA NA NA NA NA NA NA NA NA NA NA NA NA NA NA NA NA NA NA NA NA NA NA NA NA NA NA NA NA NA NA NA NA NA NA NA NA NA NA NA NA NA NA NA NA NA NA NA NA NA NA NA NA NA NA NA 226 226 226 226 226 226 226 226 226 226 226 226 226 226 226 226 225 225 224 224 224 223 224 223 223 223 222 221 222 222 222 222 222 222 223 223 224 223 223 223 223 224 224 225 226 226 225 226 226 226 226 226 225 225 225 225 225 225 224 224 224 225 225 225 225 225 225 226 226 225 225 226 226 226 226 226 226 226 226 226 226 226 226 226 225 225 225 224 224 224 225 225 225 225 224 224 225 225 225 224 224 224 225 225 225 225 226 226 225 225 225 226 226 225 225 226 225 224 224 225 225 226 226 226 225 225 225 225 225 225 225 224 223 223 223 223 224 224 224 224 223 223 223 222 222 222 222 222 222 222 222 222 222 222 222 222 223 223 223 222 222 223 223 223 223 223 223 224 224 225 225 226 227 227 227 227 227 227 227 227 227 226 226 225 225 225 225 225 225 224 224 224 224 225 225 225 225 225 224 224 224 223 223 223 223 224 224 223 223 223 223 223 223 223 223 223 223 223 223 223 223 223 223 223 224 224 224 224 224 224 224 224 224 225 225 225 225 224 224 225 225 225 225 226 226 225 224 224 225 224 224 224 224 224 224 223 223 223 223 223 223 223 223 223 223 224 224 224 224 223 223 223 223 223 223 223 223 223 223 223 222 222 222 222 222 222 222 222 222 222 222 223 223 223 223 223 222 222 223 223 223 223 223 223 223 223 223 223 223 223 223 223 223 223 222 222 222 222 222 222 222 222 222 222 221 221 221 221 221 221 221 221 221 222 222 222 222 223 223 223 223 223 223 223 223 223 223 223 223 223 223 223 223 223 222 222 222 222 222 222 222 221 222 222 222 221 221 221 221 221 221 223 224 223 223 223 223 223 223 224 225 225 224 224 224 225 226 227 227 227 227 228 NA NA NA NA NA NA NA NA NA NA NA NA NA NA NA NA NA NA NA NA NA NA NA NA NA NA NA NA NA NA NA NA NA NA NA NA NA NA NA NA
NA NA NA NA NA NA NA NA NA NA NA NA NA NA NA NA NA NA NA NA NA NA NA NA NA NA NA NA NA NA NA NA NA NA NA NA NA NA NA NA NA NA NA NA NA NA NA NA NA NA NA NA NA NA NA NA NA NA NA NA NA NA NA NA NA NA NA NA NA NA NA NA NA NA NA NA 226 226 226 226 226 226 226 226 226 226 226 225 225 224 223 223 223 224 224 224 223 222 222 221 222 222 222 222 223 223 223 223 223 223 223 224 224 225 225 225 225 225 226 226 226 226 226 225 225 225 225 225 225 225 225 224 225 224 225 225 225 225 225 225 226 226 226 226 226 226 226 226 226 226 226 226 226 226 226 225 225 224 224 224 224 225 225 225 224 224 224 224 225 225 225 224 225 225 226 225 225 225 225 225 225 225 226 226 225 225 226 225 225 224 225 225 226 226 226 226 226 225 225 225 225 225 224 224 223 223 223 223 223 224 224 224 223 223 222 222 222 222 222 222 222 222 222 222 223 223 223 224 224 223 222 222 222 223 223 223 223 223 224 224 225 225 227 227 227 227 228 227 227 227 227 227 227 226 225 225 225 225 225 225 225 225 225 224 224 224 224 225 225 225 224 224 223 223 223 224 224 224 224 224 223 223 223 223 223 223 223 224 223 224 223 223 223 224 224 224 224 224 224 224 224 225 224 224 225 225 224 224 224 225 225 225 224 225 225 226 225 225 226 225 225 224 224 224 223 223 223 223 223 223 223 223 223 223 223 224 224 224 224 224 224 223 223 223 223 223 223 223 223 223 223 223 222 222 222 222 223 223 222 222 222 222 222 223 223 223 222 222 222 222 222 222 223 222 223 222 223 223 222 223 223 223 223 223 223 223 223 222 222 222 222 222 222 222 222 222 222 222 222 221 221 221 221 222 221 222 222 222 222 223 223 223 223 223 223 223 223 223 223 223 223 223 223 223 223 223 223 222 222 222 222 222 221 221 222 222 222 222 222 221 221 221 222 223 223 224 224 224 224 224 224 224 225 225 224 225 225 226 226 226 225 226 226 227 228 227 227 227 226 227 227 NA NA NA NA NA NA NA NA NA NA NA NA NA NA NA NA NA NA NA NA NA NA NA NA NA NA NA NA NA NA NA NA
NA NA NA NA NA NA NA NA NA NA NA NA NA NA NA NA NA NA NA NA NA NA NA NA NA NA NA NA NA NA NA NA NA NA NA NA NA NA NA NA NA NA NA NA NA NA NA NA NA NA NA NA NA NA NA NA NA NA NA NA NA NA NA NA NA NA NA NA NA NA NA NA NA NA NA NA 226 226 226 226 226 226 226 226 226 226 225 225 224 223 223 222 223 223 223 223 223 222 222 222 223 223 222 222 222 223 223 223 222 223 224 225 225 225 226 226 225 225 225 226 226 226 226 226 226 226 226 226 226 225 225 225 224 225 225 225 225 225 225 225 226 226 226 226 226 226 226 226 226 227 226 226 226 226 226 226 226 225 224 224 225 225 225 225 225 224 225 225 225 225 225 225 225 226 226 225 225 225 225 226 225 225 226 225 225 226 226 226 225 224 225 225 225 225 226 226 226 225 225 225 225 225 224 224 223 223 223 223 223 223 223 223 223 223 222 222 222 222 222 222 222 222 222 222 223 223 224 224 224 223 223 222 223 223 223 224 223 223 224 224 225 225 228 228 227 228 228 227 227 227 227 227 227 226 225 225 225 225 225 225 225 225 225 224 224 224 224 224 225 225 225 224 224 223 223 224 224 224 224 223 223 223 223 223 223 223 223 224 224 224 224 223 224 224 224 225 225 225 224 224 224 225 224 224 225 224 224 224 225 225 225 225 224 224 225 225 225 225 225 225 225 224 224 224 224 224 223 223 223 223 223 223 224 224 224 224 224 224 224 224 224 224 223 223 223 223 223 223 223 223 222 222 222 222 222 222 223 223 223 222 222 222 222 222 222 222 222 222 222 222 222 222 222 222 222 222 223 223 222 223 222 223 223 223 223 223 222 222 222 222 222 222 223 223 222 222 222 222 222 222 221 222 222 222 222 222 222 222 222 222 222 222 222 222 222 223 223 223 223 223 223 223 223 223 223 223 223 222 223 223 222 222 222 221 222 223 222 222 222 223 222 222 223 223 223 223 224 224 224 224 225 224 224 225 225 225 225 226 225 225 224 225 225 226 227 227 226 225 225 226 226 226 227 NA NA NA NA NA NA NA NA NA NA NA NA NA NA NA NA NA NA NA NA NA NA NA NA NA NA NA NA NA NA
NA NA NA NA NA NA NA NA NA NA NA NA NA NA NA NA NA NA NA NA NA NA NA NA NA NA NA NA NA NA NA NA NA NA NA NA NA NA NA NA NA NA NA NA NA NA NA NA NA NA NA NA NA NA NA NA NA NA NA NA NA NA NA NA NA NA NA NA NA NA NA NA NA NA NA NA 226 226 226 226 226 226 226 226 226 225 225 225 225 224 223 223 222 222 222 222 222 222 222 223 223 223 223 223 222 222 222 222 223 224 224 224 225 225 225 226 225 225 225 226 226 226 226 226 226 226 226 226 226 225 225 225 225 225 225 225 225 225 225 226 226 226 226 226 226 226 226 226 226 226 226 226 226 226 226 226 226 225 225 224 224 225 225 225 224 224 224 224 224 225 226 225 225 226 226 226 226 225 225 225 225 226 226 225 225 225 226 226 225 225 225 225 225 225 226 226 225 225 225 224 224 224 223 224 224 223 223 223 223 223 223 223 223 223 223 223 223 223 222 222 222 222 222 222 223 223 224 224 223 223 223 223 224 224 224 224 224 224 224 223 224 225 228 228 228 228 227 227 227 227 227 228 227 226 225 225 226 226 225 226 225 225 225 225 225 225 224 224 224 224 225 225 224 224 224 224 224 224 224 224 223 223 223 223 223 223 223 223 224 224 224 224 224 224 224 224 225 225 224 224 224 225 224 224 225 224 224 225 225 225 225 224 224 224 225 224 224 224 225 225 225 225 225 225 225 224 224 224 224 223 223 223 223 224 224 224 224 224 224 224 224 224 223 223 223 223 223 223 222 222 222 222 222 222 222 223 223 223 223 223 223 222 222 222 222 223 222 222 222 222 222 222 222 222 222 222 222 222 222 222 222 223 223 222 222 222 222 222 222 222 222 222 222 223 222 222 223 223 222 222 222 222 222 221 222 222 222 222 222 222 222 223 222 222 222 222 222 222 222 222 222 222 222 222 223 223 223 223 223 223 223 222 222 221 221 222 223 222 222 223 223 223 223 223 223 223 223 223 224 224 224 225 225 225 226 226 226 225 224 224 224 224 225 225 226 226 226 225 224 224 225 225 225 226 NA NA NA NA NA NA NA NA NA NA NA NA NA NA NA NA NA NA NA NA NA NA NA NA NA NA NA NA NA
NA NA NA NA NA NA NA NA NA NA NA NA NA NA NA NA NA NA NA NA NA NA NA NA NA NA NA NA NA NA NA NA NA NA NA NA NA NA NA NA NA NA NA NA NA NA NA NA NA NA NA NA NA NA NA NA NA NA NA NA NA NA NA NA NA NA NA NA NA NA NA NA NA NA NA NA NA 226 226 226 226 226 226 226 226 225 225 224 224 223 223 222 223 223 223 222 222 222 222 223 223 223 223 223 223 223 223 223 223 222 223 224 224 224 225 225 225 225 225 226 225 225 226 226 226 226 225 225 225 225 225 225 226 226 225 225 225 225 226 226 225 225 226 226 226 226 226 226 226 226 226 226 226 226 226 226 226 225 224 224 224 224 225 225 224 225 224 225 225 225 226 226 226 226 226 226 226 225 226 225 226 226 226 225 225 225 226 225 225 225 225 225 226 226 226 226 225 225 225 224 223 223 223 223 223 223 223 223 223 223 223 223 223 223 223 223 223 222 222 222 222 222 222 223 223 223 224 224 223 223 223 223 224 225 225 225 225 224 225 224 224 225 228 228 228 228 227 227 227 227 228 228 227 226 226 225 225 225 225 225 225 225 225 225 226 225 225 224 224 224 224 224 224 224 224 224 224 224 224 223 223 223 223 223 223 223 224 224 224 224 224 224 224 224 225 225 225 225 225 224 224 224 225 224 224 224 224 224 224 224 224 224 224 224 224 224 224 224 225 224 224 224 225 225 225 225 225 225 224 224 224 224 224 224 224 224 223 224 224 224 223 223 223 223 223 223 222 222 222 222 222 222 222 222 223 223 223 223 223 223 223 223 223 222 223 223 222 222 222 222 222 222 223 223 222 222 222 222 222 222 222 222 222 222 222 222 222 222 222 222 222 223 223 223 223 223 223 222 222 223 223 223 223 222 222 222 222 222 222 222 222 222 222 222 222 222 222 222 222 222 223 223 222 222 222 222 223 223 223 223 223 223 222 221 221 222 223 223 222 223 223 223 223 223 223 223 223 223 224 224 225 225 226 226 226 226 226 226 225 224 224 224 224 224 225 224 225 226 225 224 224 225 225 226 227 NA NA NA NA NA NA NA NA NA NA NA NA NA NA NA NA NA NA NA NA NA NA NA NA NA NA NA NA
NA NA NA NA NA NA NA NA NA NA NA NA NA NA NA NA NA NA NA NA NA NA NA NA NA NA NA NA NA NA NA NA NA NA NA NA NA NA NA NA NA NA NA NA NA NA NA NA NA NA NA NA NA NA NA NA NA NA NA NA NA NA NA NA NA NA NA NA NA NA NA NA NA NA NA NA NA 226 226 226 226 226 226 226 225 225 224 223 223 222 223 223 224 223 223 223 222 222 222 222 222 223 223 223 223 224 224 224 224 223 224 224 224 224 224 225 225 224 225 225 225 225 225 225 226 226 226 225 225 225 225 225 225 226 226 225 225 225 225 225 225 225 226 226 226 226 226 226 226 226 226 226 226 226 226 226 226 226 224 224 225 225 225 225 225 225 225 225 226 226 226 226 226 226 226 226 225 226 226 225 226 226 226 225 225 225 225 226 225 225 225 225 226 226 226 226 225 225 224 224 223 223 223 223 224 224 224 223 223 222 223 223 223 222 222 223 223 223 222 222 222 222 222 222 223 223 223 224 224 224 224 223 225 225 225 226 226 225 225 225 224 225 228 228 228 228 227 228 227 228 228 227 227 226 226 226 226 226 225 226 225 225 226 225 226 225 225 224 225 224 224 224 224 224 224 224 224 224 224 224 224 223 223 223 223 223 223 224 224 224 224 224 225 224 224 225 225 224 224 224 224 224 224 224 224 224 224 224 224 224 224 224 224 224 224 224 224 225 224 225 224 224 224 224 224 224 224 224 224 224 224 224 224 224 224 224 223 223 223 223 223 223 223 223 223 222 223 223 223 223 222 222 222 223 223 223 223 223 223 223 223 223 223 223 222 222 222 223 222 222 223 223 223 223 222 222 222 222 222 222 222 222 222 222 222 222 222 222 222 222 222 222 223 223 223 223 223 223 223 223 223 224 224 223 223 224 223 223 222 222 222 222 222 222 223 223 223 223 224 223 223 223 223 222 222 222 222 223 223 223 223 223 223 222 221 221 222 222 222 222 222 223 224 223 223 223 223 223 223 224 224 225 226 226 226 225 225 225 226 225 225 224 224 225 225 224 225 225 225 224 224 225 225 225 226 226 NA NA NA NA NA NA NA NA NA NA NA NA NA NA NA NA NA NA NA NA NA NA NA NA NA NA NA
NA NA NA NA NA NA NA NA NA NA NA NA NA NA NA NA NA NA NA NA NA NA NA NA NA NA NA NA NA NA NA NA NA NA NA NA NA NA NA NA NA NA NA NA NA NA NA NA NA NA NA NA NA NA NA NA NA NA NA NA NA NA NA NA NA NA NA NA NA NA NA NA NA NA NA NA NA NA 226 226 226 226 226 226 225 224 223 223 223 223 223 224 223 224 224 223 222 222 222 222 222 222 222 222 222 223 223 224 224 224 225 225 225 224 224 225 225 224 224 224 224 225 225 225 226 226 225 225 225 226 226 226 226 226 225 225 225 225 225 225 226 226 226 226 226 226 226 226 227 227 226 226 226 226 226 226 226 226 225 224 225 226 226 225 225 225 225 225 226 227 227 226 226 227 227 226 226 226 226 226 226 226 225 225 226 225 225 225 225 225 225 226 226 226 226 226 225 225 224 224 224 223 223 223 224 225 224 223 223 222 222 222 222 223 223 223 223 223 222 222 222 222 222 222 222 222 223 224 224 224 224 224 225 225 225 226 226 226 226 226 225 225 228 228 229 228 228 228 227 228 228 227 226 226 225 226 226 226 225 225 225 225 226 226 225 225 225 225 225 224 224 224 224 224 224 223 223 223 223 223 223 223 223 223 223 223 223 223 224 223 224 224 224 224 224 224 224 224 224 224 224 224 224 224 224 224 224 224 224 224 224 224 224 224 224 224 224 224 224 224 224 224 224 224 224 224 224 224 224 224 224 224 224 224 224 224 224 223 223 223 223 223 223 223 223 223 223 223 223 223 223 222 222 223 223 223 223 223 223 223 223 223 223 223 223 223 223 223 223 222 223 222 222 222 222 222 222 223 223 222 222 222 223 223 222 222 222 222 222 222 222 222 222 222 222 222 222 221 222 223 223 223 222 222 222 223 223 223 224 223 222 222 222 223 223 224 224 224 224 223 223 223 222 223 222 222 222 222 223 223 223 223 223 222 221 222 222 222 222 222 222 222 224 224 223 223 223 224 224 224 224 225 225 225 225 225 224 225 225 225 225 225 224 224 224 224 224 224 224 224 225 224 224 225 225 226 226 NA NA NA NA NA NA NA NA NA NA NA NA NA NA NA NA NA NA NA NA NA NA NA NA NA NA
NA NA NA NA NA NA NA NA NA NA NA NA NA NA NA NA NA NA NA NA NA NA NA NA NA NA NA NA NA NA NA NA NA NA NA NA NA NA NA NA NA NA NA NA NA NA NA NA NA NA NA NA NA NA NA NA NA NA NA NA NA NA NA NA NA NA NA NA NA NA NA NA NA NA NA NA NA NA NA 226 226 226 226 226 225 224 223 223 223 223 224 224 224 224 224 223 222 222 222 222 222 222 222 223 223 223 223 223 223 224 224 224 225 225 224 224 224 225 225 225 225 225 225 225 225 225 225 226 226 226 226 226 226 225 225 225 225 226 226 225 225 226 226 226 226 226 226 226 226 226 226 226 226 227 227 227 227 226 225 225 225 226 226 225 225 225 226 226 226 227 227 226 226 226 227 227 227 226 226 226 226 225 225 225 226 226 225 226 226 225 225 225 226 226 226 226 225 224 224 223 223 224 224 224 224 224 224 224 223 223 223 223 223 223 223 223 222 222 222 222 222 222 223 222 223 223 224 224 224 225 225 225 225 226 226 226 226 226 227 226 225 226 228 228 228 228 228 227 227 227 226 226 225 225 225 225 225 225 225 225 225 225 225 226 226 225 225 225 225 224 224 224 224 224 224 224 224 224 223 224 223 223 223 223 223 223 223 223 223 223 223 224 224 224 224 224 224 224 224 224 224 224 224 224 224 224 224 224 224 224 224 224 224 224 224 224 224 224 224 224 224 224 224 224 224 224 224 224 224 224 224 224 224 224 224 224 224 224 223 223 223 223 223 223 223 223 223 223 223 223 223 223 223 223 223 223 223 223 223 223 223 223 223 223 223 223 223 223 223 223 222 222 222 222 222 222 222 222 222 222 223 223 223 223 222 222 222 222 223 223 222 221 221 221 221 221 220 220 221 221 221 221 221 221 221 222 223 223 223 224 224 224 224 224 223 224 224 224 224 224 224 224 223 223 222 222 222 222 222 223 223 224 223 223 222 222 222 222 222 222 223 223 224 224 224 224 224 224 224 224 225 225 224 224 225 225 224 225 225 224 224 224 224 224 224 224 224 224 224 225 225 225 225 225 225 226 226 227 227 NA NA NA NA NA NA NA NA NA NA NA NA NA NA NA NA NA NA NA NA NA NA NA NA
NA NA NA NA NA NA NA NA NA NA NA NA NA NA NA NA NA NA NA NA NA NA NA NA NA NA NA NA NA NA NA NA NA NA NA NA NA NA NA NA NA NA NA NA NA NA NA NA NA NA NA NA NA NA NA NA NA NA NA NA NA NA NA NA NA NA NA NA NA NA NA NA NA NA NA NA NA NA NA NA 226 227 226 226 226 226 225 224 224 224 224 224 225 225 224 224 223 223 223 223 223 223 222 223 224 224 224 224 224 224 224 224 225 226 226 226 225 225 226 226 226 226 226 226 226 226 226 226 226 226 226 226 226 226 226 226 226 226 226 226 226 226 225 225 225 225 225 225 225 225 225 225 226 226 226 226 226 225 225 224 224 225 225 224 224 225 225 225 225 226 226 225 225 225 225 226 226 226 226 226 225 225 225 225 225 225 225 225 225 225 225 224 226 226 226 225 225 225 224 224 224 224 224 224 224 224 224 224 224 223 223 223 223 223 223 222 222 222 222 222 222 222 223 223 223 223 223 224 224 224 226 226 226 226 226 226 227 227 227 227 226 226 226 226 226 226 225 225 224 224 224 224 224 224 224 224 223 224 224 223 223 224 224 224 223 223 223 222 222 222 222 223 222 223 223 222 222 222 222 222 222 222 222 222 222 222 222 222 222 222 222 223 222 223 223 223 223 223 223 223 222 222 222 222 223 223 223 223 223 223 223 223 223 223 223 223 223 223 223 223 223 223 223 223 223 223 223 223 223 223 223 223 223 223 223 223 223 223 223 223 223 223 223 223 224 224 223 223 223 223 223 223 223 223 223 223 223 223 223 223 223 223 223 223 223 223 223 223 223 223 223 223 223 223 223 223 223 223 223 223 223 223 223 223 222 223 223 223 222 222 222 222 223 222 222 221 221 221 222 222 222 221 221 222 222 222 223 223 223 223 224 225 225 225 224 224 225 225 225 225 225 225 224 224 223 223 223 224 223 223 223 224 224 224 223 223 223 223 223 223 223 223 224 224 225 224 224 224 224 224 224 225 225 224 224 224 224 225 225 225 224 224 225 225 225 225 225 225 225 226 226 226 227 227 227 227 227 227 227 227 227 NA NA NA NA NA NA NA NA NA NA NA NA NA NA NA NA NA NA NA NA NA NA
NA NA NA NA NA NA NA NA NA NA NA NA NA NA NA NA NA NA NA NA NA NA NA NA NA NA NA NA NA NA NA NA NA NA NA NA NA NA NA NA NA NA NA NA NA NA NA NA NA NA NA NA NA NA NA NA NA NA NA NA NA NA NA NA NA NA NA NA NA NA NA NA NA NA NA NA NA NA NA NA NA NA NA 226 226 226 225 225 224 224 225 225 225 224 223 223 224 223 223 223 223 223 223 222 223 223 224 224 225 225 225 224 225 225 226 225 225 224 225 226 226 226 226 226 226 226 226 226 226 226 226 226 226 226 226 226 226 226 226 226 226 226 225 225 225 225 225 225 225 225 225 225 225 225 225 225 225 226 225 225 225 225 225 225 225 225 225 225 225 225 225 224 224 224 224 225 226 226 226 225 225 225 225 226 226 225 225 225 226 226 225 225 226 225 225 225 225 225 224 224 224 224 224 224 224 224 224 224 224 224 224 223 222 222 222 222 222 222 222 222 222 222 222 223 223 223 224 224 223 224 225 226 226 226 226 227 227 227 227 227 227 227 227 226 226 225 225 225 225 225 224 224 224 224 225 224 224 224 224 224 223 223 223 223 222 222 222 222 223 222 223 223 223 223 223 223 223 222 222 222 222 222 223 223 223 223 222 222 222 222 222 223 222 223 223 223 223 223 223 223 223 222 222 223 223 223 223 223 223 223 223 223 223 223 223 223 223 223 223 223 223 223 223 223 223 223 223 223 223 223 223 223 223 223 223 223 223 223 223 223 223 223 223 223 223 223 223 223 223 223 223 223 223 223 223 223 223 223 223 223 223 223 223 223 223 223 223 223 223 223 223 223 223 223 223 223 223 223 223 223 222 222 222 222 222 223 222 223 222 222 223 223 223 223 222 222 222 222 223 224 223 222 222 222 222 222 222 223 223 223 223 223 224 224 224 224 224 224 225 225 225 224 224 223 223 223 223 224 224 223 223 223 224 224 224 223 223 223 223 223 223 223 224 224 224 224 223 224 224 224 225 225 225 225 225 224 224 224 224 224 224 224 225 225 226 226 226 226 226 226 227 227 228 228 228 227 227 227 226 227 227 NA NA NA NA NA NA NA NA NA NA NA NA NA NA NA NA NA NA NA NA NA NA
NA NA NA NA NA NA NA NA NA NA NA NA NA NA NA NA NA NA NA NA NA NA NA NA NA NA NA NA NA NA NA NA NA NA NA NA NA NA NA NA NA NA NA NA NA NA NA NA NA NA NA NA NA NA NA NA NA NA NA NA NA NA NA NA NA NA NA NA NA NA NA NA NA NA NA NA NA NA NA NA NA NA NA NA NA NA 226 225 225 225 225 224 225 224 224 223 224 223 223 223 224 224 223 222 222 222 223 223 224 224 225 225 225 226 226 226 225 225 225 225 225 225 226 226 226 226 226 226 226 226 226 226 226 226 226 226 226 226 226 226 226 226 225 225 225 225 225 225 225 225 225 225 225 225 225 226 225 225 225 225 225 225 225 225 225 225 225 225 225 225 225 224 224 224 224 224 225 226 226 226 225 225 226 226 226 225 225 226 226 226 225 224 225 225 225 225 225 225 225 224 224 224 224 224 223 223 223 223 223 224 223 223 223 223 222 222 222 222 222 222 222 223 223 223 223 223 223 223 223 224 224 225 226 226 226 226 226 227 227 227 227 227 227 226 225 225 225 225 225 225 224 224 224 225 225 225 224 224 224 224 223 223 223 223 223 223 223 222 222 222 222 222 223 223 223 223 222 222 222 222 222 223 223 223 223 222 222 222 222 222 222 222 222 223 223 223 223 223 223 223 223 223 223 223 223 223 223 223 223 223 223 223 223 223 223 223 223 223 223 223 223 223 223 223 223 223 223 223 223 223 223 223 223 223 223 223 223 223 223 223 223 223 223 223 223 223 223 223 223 223 223 223 223 223 223 223 223 223 223 223 223 223 223 223 223 223 223 223 223 223 223 223 223 223 223 223 223 223 223 223 223 223 222 222 222 222 222 222 222 223 223 223 223 223 222 222 222 222 222 223 223 222 222 222 222 222 222 222 223 223 223 223 223 224 223 223 223 223 224 224 224 224 224 224 223 223 223 223 224 223 223 223 223 223 224 223 223 223 223 223 223 222 223 224 224 224 223 224 224 224 224 224 224 224 225 224 225 224 224 224 224 225 225 225 226 226 226 227 227 227 227 227 226 227 227 226 226 226 227 227 228 228 NA NA NA NA NA NA NA NA NA NA NA NA NA NA NA NA NA NA NA NA NA
NA NA NA NA NA NA NA NA NA NA NA NA NA NA NA NA NA NA NA NA NA NA NA NA NA NA NA NA NA NA NA NA NA NA NA NA NA NA NA NA NA NA NA NA NA NA NA NA NA NA NA NA NA NA NA NA NA NA NA NA NA NA NA NA NA NA NA NA NA NA NA NA NA NA NA NA NA NA NA NA NA NA NA NA NA NA NA 226 225 225 224 224 224 224 224 223 223 224 224 224 224 223 223 223 223 222 222 222 223 223 224 224 226 226 226 226 226 226 225 225 225 226 226 226 226 226 226 226 226 226 226 226 226 226 226 226 226 226 226 226 226 226 225 225 225 225 225 225 225 225 225 225 225 225 225 226 226 225 225 225 225 225 225 225 225 225 225 225 225 225 224 224 224 224 224 224 225 225 226 226 225 226 226 226 226 225 225 226 226 226 225 224 224 224 224 225 225 225 225 225 224 224 223 223 223 223 223 223 223 223 223 223 223 223 222 222 222 223 223 223 223 223 223 223 223 223 223 223 223 223 224 225 226 226 226 227 227 227 227 227 227 227 226 226 225 224 224 224 224 224 224 224 225 225 225 225 224 224 224 224 224 224 223 223 223 224 223 223 222 222 223 223 222 223 223 223 222 222 222 222 222 223 223 223 222 222 222 222 222 222 222 223 222 222 223 223 223 223 223 223 223 223 223 223 223 223 223 223 223 223 223 223 223 223 223 223 223 223 223 223 223 223 223 223 223 223 223 223 223 223 223 223 223 223 223 223 223 223 223 223 223 223 223 223 223 223 223 223 223 224 223 223 223 223 223 223 223 223 223 223 223 223 223 223 223 223 223 223 223 223 223 223 223 223 223 223 222 222 222 223 223 223 222 222 222 222 222 222 222 222 222 223 223 223 223 223 223 222 222 223 223 223 222 222 221 222 221 222 222 222 223 223 224 223 223 223 224 224 224 224 224 224 224 224 224 224 224 223 224 223 223 223 223 223 223 223 223 223 224 223 223 222 222 223 224 224 223 224 224 224 224 224 224 224 224 224 224 224 224 225 225 225 225 226 226 226 226 226 226 227 227 227 227 226 226 226 226 226 227 228 228 228 228 NA NA NA NA NA NA NA NA NA NA NA NA NA NA NA NA NA NA NA NA
NA NA NA NA NA NA NA NA NA NA NA NA NA NA NA NA NA NA NA NA NA NA NA NA NA NA NA NA NA NA NA NA NA NA NA NA NA NA NA NA NA NA NA NA NA NA NA NA NA NA NA NA NA NA NA NA NA NA NA NA NA NA NA NA NA NA NA NA NA NA NA NA NA NA NA NA NA NA NA NA NA NA NA NA NA NA 226 226 226 225 225 225 224 224 224 224 224 224 224 224 224 223 224 224 224 223 222 222 222 223 223 224 225 226 226 227 227 227 226 225 226 226 226 226 226 226 226 226 226 226 226 226 226 226 226 226 226 226 226 226 226 226 225 225 225 225 225 225 225 225 225 225 225 225 225 225 225 225 225 225 225 225 225 225 225 225 225 225 225 225 224 224 224 224 224 224 224 224 225 225 226 226 226 227 226 226 226 226 226 226 225 225 225 224 224 225 225 225 225 224 224 224 223 223 223 223 223 223 223 223 223 223 223 223 223 222 222 223 223 223 223 223 223 223 223 223 223 223 223 224 225 225 225 226 226 226 226 227 227 227 227 228 227 227 226 225 225 225 225 225 225 225 225 225 225 225 224 224 224 224 224 224 224 224 224 224 224 223 222 222 223 223 222 223 223 223 223 222 222 222 222 223 223 223 223 222 222 222 223 223 223 223 223 223 223 223 223 223 223 223 223 223 223 223 223 223 223 223 223 223 223 223 223 223 223 223 223 223 223 223 223 223 223 223 223 223 223 223 223 223 223 223 223 223 223 223 223 223 223 223 223 223 223 223 223 223 223 223 223 223 224 223 223 223 223 223 223 223 223 223 223 223 223 223 223 223 223 223 223 223 223 223 223 223 223 223 223 223 223 222 222 222 222 222 222 222 222 222 222 222 222 222 223 223 223 224 224 223 223 223 223 223 223 222 222 222 222 222 222 222 223 223 223 223 223 224 224 224 224 224 224 224 224 224 224 224 224 223 223 223 223 223 223 223 223 224 224 224 224 224 224 223 223 223 223 224 223 224 224 224 224 223 223 223 223 223 224 225 225 225 225 225 226 226 226 225 225 226 226 226 227 226 226 226 226 226 226 227 228 228 228 227 227 NA NA NA NA NA NA NA NA NA NA NA NA NA NA NA NA NA NA NA NA
NA NA NA NA NA NA NA NA NA NA NA NA NA NA NA NA NA NA NA NA NA NA NA NA NA NA NA NA NA NA NA NA NA NA NA NA NA NA NA NA NA NA NA NA NA NA NA NA NA NA NA NA NA NA NA NA NA NA NA NA NA NA NA NA NA NA NA NA NA NA NA NA NA NA NA NA NA NA NA NA NA NA NA NA NA 226 227 226 226 225 225 225 224 224 224 224 224 225 225 224 224 224 225 224 224 224 224 222 222 224 224 224 225 226 226 226 227 227 226 226 227 226 226 226 226 226 225 226 225 226 226 226 226 226 226 226 226 226 226 226 226 226 225 225 225 225 225 225 225 225 225 225 225 225 225 225 225 225 225 225 225 225 225 225 225 225 225 225 225 225 224 223 224 225 225 225 224 224 225 225 226 226 226 226 226 226 226 226 226 225 224 224 224 224 224 224 225 225 225 224 224 224 223 223 223 223 223 223 223 223 223 223 223 223 223 222 222 223 223 223 223 223 223 223 223 223 223 224 224 224 225 225 225 226 226 226 226 227 227 227 227 228 227 226 225 226 225 224 225 225 225 225 225 224 224 224 224 224 223 223 223 224 224 224 224 224 224 223 222 223 223 223 223 222 223 223 223 223 223 223 223 223 223 223 223 223 222 223 223 223 223 223 223 223 223 223 223 223 223 223 223 223 223 223 223 223 223 223 223 223 223 223 223 223 223 223 223 223 223 223 223 223 223 223 223 223 223 223 223 223 223 224 223 223 223 223 223 223 223 223 223 223 223 223 223 223 223 223 223 223 223 223 223 223 223 223 223 223 223 223 223 223 223 223 223 223 223 223 223 223 223 223 223 223 223 223 223 223 223 222 222 222 223 223 222 222 222 222 222 222 223 223 223 223 223 223 223 224 223 223 223 223 223 223 223 223 222 222 222 222 222 223 223 223 223 223 224 223 223 223 224 224 224 224 224 223 223 223 223 223 223 223 223 223 223 224 224 223 223 224 224 224 224 223 223 223 223 223 224 223 223 223 223 224 224 224 224 224 224 224 224 225 226 226 226 224 225 226 226 226 227 227 226 226 225 226 226 227 227 227 226 226 226 NA NA NA NA NA NA NA NA NA NA NA NA NA NA NA NA NA NA NA NA
NA NA NA NA NA NA NA NA NA NA NA NA NA NA NA NA NA NA NA NA NA NA NA NA NA NA NA NA NA NA NA NA NA NA NA NA NA NA NA NA NA NA NA NA NA NA NA NA NA NA NA NA NA NA NA NA NA NA NA NA NA NA NA NA NA NA NA NA NA NA NA NA NA NA NA NA NA NA NA NA NA NA NA NA NA 227 226 226 226 226 226 225 224 224 225 225 225 225 224 224 225 225 225 225 224 224 223 222 222 223 224 224 225 225 226 226 226 226 227 227 227 227 227 226 226 225 225 225 225 226 226 226 226 226 226 226 226 226 226 226 226 226 225 225 225 225 225 225 225 225 225 225 225 225 225 225 225 225 225 225 225 225 225 225 225 225 225 225 225 225 224 223 224 224 224 225 225 224 224 224 225 226 226 226 226 226 225 225 225 224 224 224 224 224 224 224 224 225 225 225 224 224 224 223 223 223 223 223 223 223 223 223 223 223 223 222 222 223 222 223 223 223 223 223 224 224 224 223 223 224 224 225 225 225 225 226 226 226 227 227 227 227 226 226 225 225 224 225 225 225 225 224 225 225 224 224 224 224 224 224 223 223 223 223 223 224 224 224 223 223 223 224 223 223 223 223 224 224 224 224 224 224 224 223 223 223 223 223 223 223 223 223 223 223 223 223 223 223 223 223 223 223 223 223 223 223 223 223 223 223 223 223 223 223 223 223 223 223 223 223 223 223 223 223 223 223 223 223 223 223 223 223 223 223 223 223 223 223 223 223 223 223 224 224 224 223 223 223 223 223 223 223 223 223 223 223 223 223 223 223 223 223 223 223 223 223 223 223 223 223 223 223 223 223 223 223 223 223 223 222 222 222 223 223 223 223 223 222 222 222 222 223 223 223 224 223 223 223 223 224 224 223 224 224 223 223 223 223 222 222 222 222 223 223 223 223 223 223 224 223 223 224 223 223 224 223 223 223 223 223 223 223 223 223 223 223 223 223 223 223 224 224 224 224 223 223 224 223 223 223 223 223 224 224 225 224 224 223 223 224 225 225 225 225 225 224 224 225 226 227 227 227 227 226 226 226 226 226 227 227 226 225 225 226 NA NA NA NA NA NA NA NA NA NA NA NA NA NA NA NA NA NA NA
NA NA NA NA NA NA NA NA NA NA NA NA NA NA NA NA NA NA NA NA NA NA NA NA NA NA NA NA NA NA NA NA NA NA NA NA NA NA NA NA NA NA NA NA NA NA NA NA NA NA NA NA NA NA NA NA NA NA NA NA NA NA NA NA NA NA NA NA NA NA NA NA NA NA NA NA NA NA NA NA NA NA NA NA NA NA 226 226 226 226 226 226 225 225 225 225 225 224 224 224 225 225 225 225 224 224 222 222 223 224 224 224 225 225 225 226 226 226 227 227 227 227 227 226 226 225 225 225 225 226 226 226 227 226 226 226 226 226 226 226 226 226 225 225 225 225 225 225 225 225 225 225 225 225 225 225 225 225 225 225 225 225 225 225 225 225 225 225 225 224 224 223 224 224 224 224 225 224 224 224 225 225 225 225 225 225 225 224 224 223 224 224 225 224 224 224 224 224 225 225 225 224 224 224 223 223 223 223 223 223 223 223 223 222 223 223 223 223 223 222 223 223 223 223 223 224 223 223 223 223 224 225 225 225 225 225 226 226 226 227 228 227 226 226 225 225 224 224 224 224 224 224 225 224 224 224 223 223 224 224 224 224 224 224 223 223 223 224 224 224 224 224 223 223 223 224 224 224 224 223 223 223 223 223 223 223 223 223 223 223 223 223 223 223 223 223 223 223 223 223 223 223 223 223 223 223 223 223 223 223 223 223 223 223 223 223 223 223 223 223 223 223 223 223 223 223 223 223 223 223 223 223 223 223 223 223 223 223 223 223 223 223 224 224 224 224 224 224 224 224 223 223 223 223 223 223 223 223 223 223 223 223 223 223 223 223 223 223 223 223 223 223 223 223 223 223 223 223 223 223 222 222 222 223 223 224 223 223 222 222 222 222 223 223 224 224 223 224 224 224 224 224 224 224 223 223 223 223 223 222 222 222 222 222 223 223 223 223 223 223 223 223 223 223 224 223 223 223 223 223 223 223 223 223 223 223 223 223 223 223 223 224 224 224 224 223 223 224 223 223 223 224 224 224 225 225 224 224 223 224 224 224 224 225 225 224 224 225 225 226 227 227 226 226 225 226 226 226 227 226 226 226 225 226 226 226 NA NA NA NA NA NA NA NA NA NA NA NA NA NA NA NA NA
NA NA NA NA NA NA NA NA NA NA NA NA NA NA NA NA NA NA NA NA NA NA NA NA NA NA NA NA NA NA NA NA NA NA NA NA NA NA NA NA NA NA NA NA NA NA NA NA NA NA NA NA NA NA NA NA NA NA NA NA NA NA NA NA NA NA NA NA NA NA NA NA NA NA NA NA NA NA NA NA NA NA NA NA NA NA NA 226 226 226 226 226 226 225 225 225 225 224 225 224 224 224 224 224 224 224 223 223 224 224 224 224 224 224 225 225 225 226 226 227 227 227 227 226 226 226 226 226 226 226 227 227 227 227 226 226 226 226 226 226 226 226 225 225 225 225 225 225 225 225 225 225 225 225 225 225 225 225 225 225 225 225 225 225 225 225 225 225 225 225 224 223 223 224 224 224 224 224 224 224 224 225 225 225 224 224 224 224 223 223 223 223 224 224 224 224 224 225 224 224 224 224 224 223 223 223 223 223 223 223 223 223 223 222 223 223 223 223 223 223 222 223 223 223 223 223 223 223 223 223 224 224 224 225 225 225 226 225 NA NA NA NA 226 225 225 224 224 225 224 224 224 225 224 224 224 224 224 223 223 223 224 224 223 224 224 223 223 223 223 224 224 223 224 224 224 224 224 224 224 224 223 223 223 223 223 223 223 223 223 223 223 223 223 223 223 223 223 223 223 223 223 223 223 223 223 223 223 223 223 223 223 223 223 223 223 223 223 223 223 223 223 223 223 223 223 223 223 223 223 223 223 223 223 223 223 223 223 223 223 223 223 223 224 224 224 224 224 224 224 224 224 224 224 224 224 224 224 223 223 223 223 223 223 223 223 223 223 223 223 223 223 223 223 223 223 223 223 223 223 223 222 222 222 222 222 223 223 224 223 223 223 222 223 223 223 224 224 224 223 223 224 224 224 224 223 223 223 223 223 223 223 223 222 222 222 223 222 223 222 223 223 223 222 223 223 223 223 223 223 223 223 223 223 223 223 223 223 223 223 223 223 223 224 224 223 224 223 223 223 223 223 223 223 224 224 225 224 224 223 223 224 224 224 225 225 224 224 225 225 226 226 226 226 226 225 225 226 226 227 227 226 225 225 225 225 226 NA NA NA NA NA NA NA NA NA NA NA NA NA NA NA NA NA
NA NA NA NA NA NA NA NA NA NA NA NA NA NA NA NA NA NA NA NA NA NA NA NA NA NA NA NA NA NA NA NA NA NA NA NA NA NA NA NA NA NA NA NA NA NA NA NA NA NA NA NA NA NA NA NA NA NA NA NA NA NA NA NA NA NA NA NA NA NA NA NA NA NA NA NA NA NA NA NA NA NA NA NA NA NA NA 226 226 226 226 226 226 225 225 225 225 225 225 224 223 223 223 223 224 224 223 223 223 224 224 224 224 224 224 225 225 226 226 226 226 227 226 226 226 226 226 226 226 226 227 227 226 226 226 226 226 226 226 226 226 226 225 225 225 225 225 225 225 225 225 225 225 225 225 225 225 225 225 226 225 225 225 225 225 225 225 225 225 225 224 224 223 223 224 224 224 224 224 224 224 224 224 225 224 223 223 223 223 223 223 223 224 224 224 224 224 225 225 224 224 224 223 223 223 223 223 223 223 223 223 223 222 223 223 223 223 223 223 223 223 222 223 223 223 223 223 223 223 223 223 223 224 224 225 225 225 NA NA NA NA NA NA 226 225 225 225 225 224 224 224 224 224 224 224 223 223 223 223 223 223 223 223 223 223 223 223 223 223 224 224 223 224 224 224 224 224 224 224 224 223 223 223 223 223 223 223 223 223 223 223 223 223 223 223 223 223 223 223 223 223 223 223 223 223 223 223 223 223 223 223 223 223 223 223 223 223 223 223 223 223 223 223 223 223 223 223 223 223 223 223 223 223 223 223 223 223 223 223 223 223 223 224 224 224 224 224 224 224 224 224 224 224 224 224 224 224 224 224 223 223 223 223 223 223 223 223 223 223 223 223 223 223 223 223 223 223 223 223 223 223 222 222 222 222 222 223 223 224 223 223 223 223 223 223 223 223 224 223 223 223 223 223 224 223 223 223 223 224 223 223 223 223 222 222 223 223 223 223 223 223 222 222 223 222 223 223 223 223 223 223 223 223 223 223 223 223 223 223 223 223 223 224 224 223 223 223 223 223 224 224 224 224 224 224 224 224 224 224 223 224 224 224 225 224 224 224 224 225 225 225 225 226 227 226 225 226 226 227 227 227 226 225 225 226 226 226 NA NA NA NA NA NA NA NA NA NA NA NA NA NA NA NA
NA NA NA NA NA NA NA NA NA NA NA NA NA NA NA NA NA NA NA NA NA NA NA NA NA NA NA NA NA NA NA NA NA NA NA NA NA NA NA NA NA NA NA NA NA NA NA NA NA NA NA NA NA NA NA NA NA NA NA NA NA NA NA NA NA NA NA NA NA NA NA NA NA NA NA NA NA NA NA NA NA NA NA NA NA NA NA NA 227 NA NA 227 226 226 225 225 225 225 225 224 223 223 223 223 223 224 224 224 223 224 224 224 223 224 225 225 225 225 226 226 225 226 226 227 227 226 226 226 226 226 226 226 227 227 226 227 227 226 226 226 226 226 225 225 225 225 225 225 225 225 225 225 225 225 225 225 225 225 225 225 225 225 225 225 225 225 225 225 225 225 225 224 224 223 223 224 224 224 224 224 224 224 224 224 224 223 223 223 223 223 223 223 224 224 224 224 224 225 225 224 224 224 223 223 223 224 224 223 223 223 223 223 223 223 223 223 224 223 223 223 223 222 223 223 223 223 223 223 224 223 NA NA NA 224 224 NA NA NA NA NA NA NA NA NA NA 225 225 225 224 224 224 224 224 225 224 224 224 224 224 224 223 224 223 223 223 224 223 223 223 223 223 224 224 224 224 224 225 224 224 224 224 224 223 223 223 223 223 223 223 223 223 223 223 223 223 223 223 223 223 223 223 223 223 223 223 223 223 223 223 223 223 223 223 223 223 223 223 223 223 223 223 223 223 223 223 223 223 223 223 223 223 223 223 223 223 223 223 223 223 223 223 223 224 224 224 224 224 224 224 224 224 224 224 224 224 224 224 224 224 223 223 223 223 223 223 223 223 223 223 223 223 223 223 223 223 223 224 224 224 223 223 222 222 222 222 222 223 223 223 223 223 224 223 223 223 223 223 223 223 224 224 224 223 223 223 223 223 224 224 224 223 223 222 222 222 222 223 223 223 223 223 222 222 222 223 223 223 223 223 223 222 223 223 223 223 223 223 223 223 223 223 223 224 224 223 223 223 223 224 223 224 224 225 225 225 225 224 224 224 224 224 224 224 224 224 224 225 225 224 224 224 224 226 226 226 225 226 226 227 227 227 226 225 225 225 226 227 226 NA NA NA NA NA NA NA NA NA NA NA NA NA NA NA
NA NA NA NA NA NA NA NA NA NA NA NA NA NA NA NA NA NA NA NA NA NA NA NA NA NA NA NA NA NA NA NA NA NA NA NA NA NA NA NA NA NA NA NA NA NA NA NA NA NA NA NA NA NA NA NA NA NA NA NA NA NA NA NA NA NA NA NA NA NA NA NA NA NA NA NA NA NA NA NA NA NA NA NA NA NA NA NA NA NA NA NA NA 226 226 226 226 225 224 223 223 223 223 223 224 223 224 223 223 224 223 224 224 224 224 224 225 225 225 225 225 226 226 227 226 226 226 226 226 226 227 227 226 226 226 226 226 226 226 226 226 226 225 225 225 225 225 225 225 225 225 225 225 225 225 225 225 225 225 225 225 225 225 225 225 225 225 225 225 225 225 225 224 223 223 223 224 223 224 224 224 224 224 224 224 223 223 223 223 223 223 223 224 224 224 224 224 224 224 225 224 224 223 223 223 223 223 223 223 223 223 223 223 223 223 224 224 223 223 223 223 222 222 222 223 223 223 224 223 NA NA NA NA NA NA NA NA NA NA NA NA NA NA NA NA NA 225 225 224 224 224 224 224 225 225 224 224 224 224 223 223 224 224 223 224 225 224 223 223 223 223 223 223 223 224 224 224 223 223 223 224 224 223 223 223 223 223 223 223 223 223 223 223 223 223 223 223 223 223 223 223 223 223 223 223 223 223 223 223 223 223 223 223 223 223 223 223 223 223 223 223 223 223 223 223 223 223 223 223 223 223 223 223 223 223 223 223 223 223 223 223 223 224 224 224 224 224 224 224 224 224 224 224 224 224 224 224 224 224 224 223 223 223 223 223 223 223 223 223 223 223 224 223 223 224 224 224 224 224 224 223 223 223 222 222 222 223 223 222 222 223 224 224 223 223 223 223 223 223 223 223 223 223 223 223 223 223 224 224 223 223 222 222 222 222 222 222 223 223 223 223 222 222 222 222 222 222 222 223 222 222 223 223 223 223 223 223 223 223 223 223 223 224 223 223 223 224 224 224 223 223 224 224 224 225 225 224 225 225 225 225 224 224 224 224 225 225 224 224 224 224 224 226 226 226 225 226 226 226 226 227 226 225 225 226 226 226 226 NA NA NA NA NA NA NA NA NA NA NA NA NA NA NA
NA NA NA NA NA NA NA NA NA NA NA NA NA NA NA NA NA NA NA NA NA NA NA NA NA NA NA NA NA NA NA NA NA NA NA NA NA NA NA NA NA NA NA NA NA NA NA NA NA NA NA NA NA NA NA NA NA NA NA NA NA NA NA NA NA NA NA NA NA NA NA NA NA NA NA NA NA NA NA NA NA NA NA NA NA NA NA NA NA NA NA NA NA NA NA NA 226 225 224 223 223 224 224 224 224 224 224 223 223 223 224 223 224 224 224 224 224 225 225 225 225 226 226 227 226 226 226 226 226 226 226 226 226 226 226 226 226 226 226 226 226 226 225 225 225 225 225 225 225 225 225 225 225 225 225 225 225 225 225 225 225 225 225 225 225 225 225 225 225 225 225 225 224 223 223 223 223 223 223 224 224 224 224 224 224 223 223 224 223 223 223 223 224 224 224 224 224 224 224 224 225 224 224 224 223 223 223 223 223 223 223 222 223 223 223 223 223 223 223 223 223 223 222 222 222 222 223 NA NA NA NA NA NA NA NA NA NA NA NA NA NA NA NA NA NA NA NA 225 225 225 224 224 224 224 224 224 224 224 224 224 224 224 224 224 225 224 224 223 223 224 223 223 222 223 223 223 223 223 223 223 223 223 224 223 223 223 223 223 223 223 223 223 223 223 223 223 223 223 223 223 223 223 223 223 223 223 223 223 223 223 223 223 223 223 223 223 223 223 223 223 223 223 223 223 223 222 222 222 222 222 222 223 222 223 223 223 223 223 223 223 223 223 224 224 224 224 224 224 224 224 224 224 224 224 224 224 224 224 224 224 224 224 223 223 223 223 223 223 224 224 224 224 224 224 224 224 224 224 224 224 223 223 223 223 222 223 223 223 223 223 223 223 224 224 223 223 223 223 223 223 223 223 223 223 223 223 223 223 224 224 224 223 222 222 222 222 222 222 223 223 223 222 222 222 222 222 222 222 222 222 222 222 223 223 222 222 222 222 222 223 223 223 224 224 223 223 224 223 223 223 224 224 224 224 225 225 225 225 225 225 225 225 224 224 223 223 223 224 224 224 225 225 226 226 226 225 225 225 226 226 226 226 225 225 225 225 225 226 227 227 NA NA NA NA NA NA NA NA NA NA NA NA NA
NA NA NA NA NA NA NA NA NA NA NA NA NA NA NA NA NA NA NA NA NA NA NA NA NA NA NA NA NA NA NA NA NA NA NA NA NA NA NA NA NA NA NA NA NA NA NA NA NA NA NA NA NA NA NA NA NA NA NA NA NA NA NA NA NA NA NA NA NA NA NA NA NA NA NA NA NA NA NA NA NA NA NA NA NA NA NA NA NA NA NA NA NA NA NA NA NA 225 225 224 224 224 224 224 224 224 224 223 223 223 223 223 223 223 224 224 224 224 225 226 226 226 226 226 226 226 226 226 226 226 226 226 226 226 226 226 226 226 226 226 226 226 225 225 225 225 225 225 225 225 225 225 225 225 226 226 225 225 225 225 225 225 225 225 225 225 225 225 225 225 225 225 224 224 224 223 223 223 223 224 224 224 224 224 224 224 224 224 224 223 223 223 224 224 224 224 224 224 224 224 224 224 224 224 224 223 223 223 223 223 223 222 223 223 223 223 223 223 223 223 224 223 223 223 222 NA NA NA NA NA NA NA NA NA NA NA NA NA NA NA NA NA NA NA NA NA NA NA 225 225 224 224 224 224 224 224 224 225 225 225 225 225 224 224 224 224 224 223 224 224 224 223 222 222 223 222 222 223 223 223 223 223 223 223 223 223 223 223 223 223 223 223 223 223 223 223 223 223 223 223 223 223 222 222 223 223 223 223 223 223 223 223 223 223 223 223 223 223 223 223 223 223 223 223 223 223 222 222 222 223 222 223 223 223 223 223 223 223 223 223 223 223 224 224 224 224 224 224 224 224 224 224 224 224 224 224 224 224 224 224 224 224 223 223 224 224 223 224 224 224 224 224 224 224 224 224 224 224 224 223 223 223 223 223 223 223 223 223 223 223 223 223 224 225 224 224 224 223 223 223 223 223 223 223 223 223 223 223 223 224 224 223 223 222 222 222 222 223 223 223 222 222 222 222 222 222 222 223 223 223 222 222 222 223 223 223 223 222 222 222 222 222 223 223 223 224 223 223 223 223 224 224 224 224 224 224 224 224 225 225 225 225 225 225 224 224 223 223 224 224 224 225 225 226 226 226 225 225 225 226 226 226 225 225 226 226 226 226 227 227 227 227 NA NA NA NA NA NA NA NA NA NA NA
NA NA NA NA NA NA NA NA NA NA NA NA NA NA NA NA NA NA NA NA NA NA NA NA NA NA NA NA NA NA NA NA NA NA NA NA NA NA NA NA NA NA NA NA NA NA NA NA NA NA NA NA NA NA NA NA NA NA NA NA NA NA NA NA NA NA NA NA NA NA NA NA NA NA NA NA NA NA NA NA NA NA NA NA NA NA NA NA NA NA NA NA NA NA NA NA NA NA 225 224 225 224 224 223 223 223 223 223 224 224 225 225 224 223 223 224 224 225 225 226 226 225 225 225 226 226 226 226 226 227 226 226 226 226 226 226 227 227 227 227 226 226 225 225 225 225 225 225 225 225 225 225 225 225 225 225 225 225 225 225 225 226 225 225 225 225 225 225 225 225 225 225 225 224 223 223 224 223 223 224 224 224 224 224 225 225 224 224 224 224 223 223 224 224 224 224 224 224 224 224 224 224 224 225 224 224 223 223 223 223 223 223 223 223 223 223 224 224 224 224 224 223 223 223 NA NA NA NA NA NA NA NA NA NA NA NA NA NA NA NA NA NA NA NA NA NA NA NA 225 224 224 224 224 224 224 224 224 225 225 225 225 224 224 224 224 225 224 223 224 224 224 223 223 222 222 223 222 223 223 223 223 223 223 223 223 223 223 223 223 223 224 223 223 223 223 223 223 223 223 223 223 223 223 223 223 223 223 223 223 223 223 223 223 223 223 223 223 223 223 223 223 223 223 223 223 223 223 223 222 222 223 223 223 223 223 223 223 223 223 223 223 223 224 224 224 224 224 224 224 224 224 224 224 224 224 224 224 224 224 224 224 224 223 223 224 223 224 224 224 224 223 224 224 224 224 224 223 223 223 223 223 223 223 223 223 223 223 223 223 223 223 223 224 224 225 226 225 224 224 223 223 223 223 223 223 223 223 223 223 224 225 224 224 223 223 222 222 223 223 223 223 222 222 223 223 223 223 223 223 223 223 223 223 223 223 223 223 223 223 223 223 222 223 223 223 223 224 223 223 224 224 224 224 224 224 224 224 224 224 224 224 225 226 226 226 225 225 224 223 223 224 224 225 225 225 226 226 225 225 226 226 225 225 226 226 227 227 227 226 226 227 227 227 NA NA NA NA NA NA NA NA NA NA
NA NA NA NA NA NA NA NA NA NA NA NA NA NA NA NA NA NA NA NA NA NA NA NA NA NA NA NA NA NA NA NA NA NA NA NA NA NA NA NA NA NA NA NA NA NA NA NA NA NA NA NA NA NA NA NA NA NA NA NA NA NA NA NA NA NA NA NA NA NA NA NA NA NA NA NA NA NA NA NA NA NA NA NA NA NA NA NA NA NA NA NA NA NA NA NA NA NA 226 225 224 224 224 223 223 223 223 223 224 225 225 224 223 223 224 224 225 225 225 226 225 225 225 225 225 226 226 227 227 227 227 226 226 226 227 227 227 227 226 226 226 226 225 225 225 225 225 225 225 225 225 225 225 225 225 225 225 225 225 225 225 225 225 225 225 225 225 225 225 225 225 225 225 224 223 223 223 223 223 223 223 224 224 224 225 225 225 224 224 224 224 223 224 224 224 225 225 224 224 224 224 224 224 224 224 224 223 223 223 224 224 223 223 223 NA NA NA NA NA NA NA NA NA NA NA NA NA NA NA NA NA NA NA NA NA NA NA NA NA NA NA NA NA 224 224 224 224 224 NA 225 225 224 224 224 224 224 224 225 225 225 225 225 224 224 224 224 224 223 224 224 224 224 223 223 223 223 223 222 222 222 222 222 223 223 223 224 224 223 223 223 223 223 223 223 223 223 223 223 223 223 223 223 223 223 222 222 223 223 223 223 223 223 223 223 223 223 223 223 223 223 223 223 223 223 223 223 224 223 223 223 223 223 223 223 223 223 223 223 223 223 223 223 223 224 224 224 224 224 224 224 224 224 224 224 224 224 224 224 224 224 224 224 224 223 223 223 223 223 223 223 223 223 224 224 224 223 223 223 223 223 223 223 223 223 223 223 224 224 223 223 223 223 224 224 224 225 226 226 225 224 223 224 223 223 223 223 223 223 223 224 225 225 224 223 223 222 222 222 222 223 223 223 223 223 223 223 223 223 223 223 223 223 223 224 224 224 225 225 224 224 223 223 223 223 223 223 223 224 224 224 224 224 224 224 224 225 225 225 224 224 224 224 225 225 225 225 226 225 225 224 224 224 224 224 225 226 226 226 225 225 226 225 225 226 227 227 226 226 226 227 227 227 227 227 227 227 227 227 227 NA NA NA NA
NA NA NA NA NA NA NA NA NA NA NA NA NA NA NA NA NA NA NA NA NA NA NA NA NA NA NA NA NA NA NA NA NA NA NA NA NA NA NA NA NA NA NA NA NA NA NA NA NA NA NA NA NA NA NA NA NA NA NA NA NA NA NA NA NA NA NA NA NA NA NA NA NA NA NA NA NA NA NA NA NA NA NA NA NA NA NA NA NA NA NA NA NA NA NA NA NA NA 226 225 224 225 224 223 224 223 223 223 224 224 224 223 223 223 223 224 224 224 224 225 224 224 224 225 225 225 225 226 227 227 226 226 226 227 227 227 227 227 226 226 226 226 225 225 225 225 225 225 226 226 225 225 225 225 225 225 225 225 226 226 225 225 225 225 225 225 225 225 225 225 226 225 225 225 224 224 224 223 223 223 223 224 224 224 224 224 224 223 224 224 224 224 225 225 224 224 224 224 224 224 224 224 224 224 224 224 223 223 223 223 223 223 223 223 223 NA NA NA NA NA NA NA NA NA NA NA NA NA NA NA NA NA NA NA NA NA NA NA NA NA NA NA NA NA 224 224 225 225 225 225 224 224 224 224 224 225 225 225 225 226 225 225 225 224 224 224 223 224 225 225 224 224 223 223 223 223 224 223 223 223 222 222 223 223 223 224 224 223 223 223 223 223 223 223 223 223 223 223 223 223 223 223 223 223 222 222 223 223 223 223 223 223 223 223 223 223 223 223 223 223 223 223 223 223 223 224 224 223 223 223 223 223 223 223 223 223 223 223 223 223 223 223 223 223 224 224 224 224 224 224 224 224 224 224 224 224 224 224 224 224 224 224 224 224 224 223 223 223 223 223 223 223 223 223 223 223 223 223 224 224 224 224 224 223 223 224 224 224 223 223 223 223 224 224 224 224 224 224 225 225 225 224 224 224 224 223 223 223 223 224 224 225 225 224 223 222 222 222 222 223 223 224 223 223 223 223 223 223 223 224 224 224 224 224 224 224 225 225 225 225 225 224 224 224 223 223 224 224 224 224 224 224 224 224 224 225 225 225 225 224 225 225 224 224 224 225 225 226 225 225 225 225 224 224 225 225 226 226 226 225 226 226 225 226 226 226 226 225 226 227 226 226 227 227 227 227 227 227 227 227 227 NA NA
NA NA NA NA NA NA NA NA NA NA NA NA NA NA NA NA NA NA NA NA NA NA NA NA NA NA NA NA NA NA NA NA NA NA NA NA NA NA NA NA NA NA NA NA NA NA NA NA NA NA NA NA NA NA NA NA NA NA NA NA NA NA NA NA NA NA NA NA NA NA NA NA NA NA NA NA NA NA NA NA NA NA NA NA NA NA NA NA NA NA NA NA NA NA NA NA NA NA NA NA 225 225 225 225 224 224 224 224 223 223 223 223 222 222 223 224 224 224 224 224 224 224 224 225 225 225 225 225 226 226 227 227 227 227 227 227 227 227 226 227 227 226 225 225 226 226 226 226 226 226 226 225 225 225 225 225 225 225 225 225 225 225 225 226 225 225 225 225 225 225 225 225 225 225 225 225 225 224 223 223 223 223 223 224 224 224 223 223 223 224 224 224 225 224 224 224 224 224 224 224 224 224 224 224 224 224 223 223 223 223 223 223 224 223 223 224 NA NA NA NA NA NA NA NA NA NA NA NA NA NA NA NA NA NA NA NA NA NA NA NA NA NA NA NA NA 225 225 225 225 225 225 224 224 224 224 225 225 225 226 225 225 225 225 225 224 224 223 224 224 225 224 224 224 223 223 224 224 224 223 223 222 223 223 222 223 223 223 223 223 223 223 223 223 223 223 223 223 223 223 223 223 223 223 223 222 222 222 223 223 223 223 223 223 223 223 223 223 223 223 223 223 223 223 224 224 224 224 223 223 223 223 223 223 223 223 223 223 223 223 223 223 223 223 223 224 224 224 224 224 224 224 224 224 224 224 224 224 224 224 224 224 224 224 224 224 224 224 223 223 223 224 224 224 224 223 224 224 224 224 224 224 224 224 223 223 223 223 223 224 224 223 223 224 224 224 224 224 224 224 224 226 226 226 225 224 223 223 223 223 224 224 226 225 224 223 222 222 222 222 223 223 224 224 223 223 223 223 223 223 223 224 224 225 225 225 225 225 224 224 225 225 224 225 225 225 225 224 224 224 224 224 224 224 224 224 225 225 225 225 225 226 225 225 225 225 225 225 225 225 225 225 225 224 224 225 225 226 226 226 226 225 225 225 226 226 227 226 225 226 226 226 226 226 226 226 227 226 227 227 228 228 228 228
NA NA NA NA NA NA NA NA NA NA NA NA NA NA NA NA NA NA NA NA NA NA NA NA NA NA NA NA NA NA NA NA NA NA NA NA NA NA NA NA NA NA NA NA NA NA NA NA NA NA NA NA NA NA NA NA NA NA NA NA NA NA NA NA NA NA NA NA NA NA NA NA NA NA NA NA NA NA NA NA NA NA NA NA NA NA NA NA NA NA NA NA NA NA NA NA NA NA NA NA NA NA NA NA 225 224 224 224 223 223 224 223 223 223 223 224 224 225 225 225 225 225 225 226 225 225 225 226 226 226 227 227 227 227 227 227 227 227 227 227 227 227 226 226 226 226 226 226 226 226 225 225 225 225 225 225 225 225 225 225 225 225 226 226 225 225 225 225 225 225 226 225 225 225 225 225 225 225 224 224 223 223 222 222 223 224 224 223 223 223 223 223 225 224 224 224 225 224 224 224 224 224 224 224 224 224 223 223 223 224 224 223 224 224 224 224 NA NA NA NA NA NA NA NA NA NA NA NA NA NA NA NA NA NA NA NA NA NA NA NA NA NA 224 224 224 224 224 224 224 225 225 224 224 224 224 225 225 225 225 225 224 224 225 226 225 224 224 224 225 225 225 224 223 223 223 224 224 224 224 224 223 223 222 223 223 222 223 223 223 223 223 223 223 223 223 223 223 223 223 223 223 223 223 222 222 222 222 223 223 223 223 223 223 223 224 223 223 223 223 223 223 223 223 224 224 224 223 223 223 223 223 223 223 223 223 223 223 223 224 223 223 223 223 223 224 224 224 224 224 224 224 224 224 224 224 224 224 224 224 224 224 224 224 224 224 224 224 224 224 224 224 224 224 224 224 224 224 224 224 224 224 224 224 224 223 223 223 223 223 223 223 223 224 224 224 224 224 224 224 224 225 226 227 227 226 225 224 224 223 224 225 226 226 225 224 223 223 223 222 223 223 224 224 224 224 224 224 224 224 224 224 224 224 224 225 225 225 224 224 224 224 224 224 225 225 225 225 225 224 224 224 224 224 224 224 225 225 225 225 225 226 226 225 225 225 225 225 225 225 224 224 225 224 224 224 225 225 226 226 226 226 225 226 226 226 226 226 225 226 227 227 226 226 226 226 226 226 227 227 227 228 228 NA
NA NA NA NA NA NA NA NA NA NA NA NA NA NA NA NA NA NA NA NA NA NA NA NA NA NA NA NA NA NA NA NA NA NA NA NA NA NA NA NA NA NA NA NA NA NA NA NA NA NA NA NA NA NA NA NA NA NA NA NA NA NA NA NA NA NA NA NA NA NA NA NA NA NA NA NA NA NA NA NA NA NA NA NA NA NA NA NA NA NA NA NA NA NA NA NA NA NA NA NA NA NA NA NA 226 225 225 NA NA 224 224 224 224 224 223 223 224 224 224 225 224 224 225 224 225 225 225 225 225 226 226 227 227 227 227 227 227 227 227 227 227 227 226 226 226 226 226 226 226 226 226 225 225 225 225 225 225 225 225 225 225 225 225 225 225 225 225 225 226 226 225 225 225 225 225 225 225 225 225 225 224 224 223 222 222 222 223 223 222 222 222 222 224 224 224 224 224 224 224 224 224 224 224 223 224 224 223 223 224 224 224 224 224 224 224 224 NA NA NA NA NA NA NA NA NA NA NA NA NA NA NA NA NA NA NA NA NA NA NA NA NA NA NA NA NA 224 224 225 225 225 225 225 224 224 225 225 224 225 224 224 224 224 224 225 225 224 224 223 224 225 225 224 224 223 223 223 224 224 224 223 223 223 223 223 223 223 223 222 222 223 223 223 223 223 223 223 223 223 223 223 223 223 223 222 223 223 222 223 223 223 223 224 223 223 224 223 223 223 223 223 223 223 223 224 224 224 224 224 223 223 224 223 223 223 223 224 224 224 224 224 223 223 223 224 224 224 224 224 224 224 224 224 224 224 224 224 224 224 224 224 224 224 224 224 224 224 224 224 224 224 224 224 224 224 224 224 224 223 224 224 224 224 224 224 224 224 223 223 223 223 223 223 224 224 224 224 224 224 224 224 224 225 226 227 227 227 227 226 225 224 225 227 226 226 225 224 223 223 222 223 223 223 224 225 225 225 225 225 224 225 225 225 225 224 224 224 224 224 224 224 224 224 224 224 224 224 224 225 224 225 224 224 224 224 224 224 224 224 224 225 225 225 225 225 226 226 226 226 226 225 225 224 224 224 224 224 224 225 225 226 225 225 226 227 226 225 225 226 226 226 227 226 226 225 226 226 226 226 226 227 227 NA NA
NA NA NA NA NA NA NA NA NA NA NA NA NA NA NA NA NA NA NA NA NA NA NA NA NA NA NA NA NA NA NA NA NA NA NA NA NA NA NA NA NA NA NA NA NA NA NA NA NA NA NA NA NA NA NA NA NA NA NA NA NA NA NA NA NA NA NA NA NA NA NA NA NA NA NA NA NA NA NA NA NA NA NA NA NA NA NA NA NA NA NA NA NA NA NA NA NA NA NA NA NA NA NA NA NA NA NA NA NA NA NA 224 225 NA NA 224 224 224 223 224 224 224 224 224 225 225 226 226 226 226 227 227 227 227 227 227 226 227 227 227 227 227 226 226 226 226 226 226 226 226 226 225 225 225 225 225 225 225 225 225 225 225 225 225 225 225 225 225 225 225 225 225 225 225 225 225 225 225 225 225 225 225 224 223 223 222 222 222 222 222 222 222 223 223 224 223 224 224 224 224 224 224 224 224 223 223 223 224 223 223 224 224 224 224 224 224 224 224 224 NA NA NA NA NA NA NA NA NA NA NA NA NA NA NA NA NA NA NA NA NA NA NA NA NA NA NA NA NA NA 225 225 225 225 225 225 224 224 224 224 225 225 225 224 224 224 224 224 223 224 225 225 224 224 223 223 223 224 224 224 224 224 223 223 223 223 223 223 223 223 222 222 223 223 223 223 223 223 223 223 223 223 223 223 222 222 223 223 223 223 223 223 224 224 224 223 223 223 223 223 223 223 223 224 224 223 224 224 224 224 223 224 224 223 223 223 224 225 224 224 223 223 224 224 224 224 224 224 224 224 224 224 224 224 224 224 224 224 224 224 224 224 224 224 224 224 224 224 224 224 224 224 224 224 224 224 224 224 224 224 224 224 224 224 224 224 224 223 223 223 224 223 223 224 223 223 224 224 224 224 224 224 224 224 226 227 227 227 227 227 226 227 227 226 226 226 226 224 223 223 222 223 223 224 224 225 225 225 225 225 225 225 225 225 225 224 224 224 224 224 224 224 224 224 224 224 224 224 224 224 225 225 225 225 225 225 224 224 224 224 224 224 225 225 225 225 226 226 226 226 226 225 225 224 224 224 224 224 224 224 225 225 225 226 226 226 225 226 226 226 226 226 226 227 226 226 226 226 227 227 227 227 NA NA
NA NA NA NA NA NA NA NA NA NA NA NA NA NA NA NA NA NA NA NA NA NA NA NA NA NA NA NA NA NA NA NA NA NA NA NA NA NA NA NA NA NA NA NA NA NA NA NA NA NA NA NA NA NA NA NA NA NA NA NA NA NA NA NA NA NA NA NA NA NA NA NA NA NA NA NA NA NA NA NA NA NA NA NA NA NA NA NA NA NA NA NA NA NA NA NA NA NA NA NA NA NA NA NA NA NA NA NA NA NA NA NA NA NA NA NA 223 224 224 224 224 224 225 225 226 226 226 226 225 226 226 227 227 227 226 226 227 227 227 227 227 227 226 226 226 226 226 226 226 226 226 225 225 225 225 225 225 225 225 225 225 225 225 225 225 225 225 225 225 225 225 225 225 225 225 225 224 225 225 225 225 225 225 225 224 223 223 223 223 223 223 222 223 223 223 223 224 224 224 224 224 224 224 224 223 223 224 223 223 223 223 224 224 224 224 224 224 224 224 223 224 NA NA NA NA NA NA NA NA NA NA NA NA NA NA NA NA NA NA NA NA NA NA NA NA NA NA NA NA NA 225 225 226 226 225 225 225 224 225 225 225 224 224 224 225 225 224 224 224 224 224 224 224 224 223 223 224 225 225 224 224 224 223 224 224 223 223 223 223 223 222 222 222 223 223 223 223 222 223 222 222 222 222 222 222 223 223 223 223 223 223 224 224 223 223 223 223 223 223 224 224 224 224 223 223 224 224 224 224 224 224 224 223 223 223 224 224 224 224 224 225 224 224 224 224 224 224 224 224 224 224 224 224 224 224 224 224 224 224 224 224 224 224 224 224 224 224 224 224 224 224 224 224 224 224 224 224 224 224 224 224 224 224 225 224 224 224 223 223 223 223 224 224 224 224 224 224 224 224 224 224 224 224 224 226 227 227 227 227 227 227 227 227 227 227 227 225 224 224 223 223 223 223 224 224 225 225 225 225 225 225 225 225 225 225 224 224 224 224 224 224 224 225 225 225 225 225 225 225 225 225 225 225 225 225 225 224 224 224 224 225 225 225 225 225 225 225 226 226 226 226 226 225 225 225 225 225 224 224 224 224 224 225 225 225 225 225 226 226 226 226 226 226 226 226 226 226 226 226 226 227 227 NA
NA NA NA NA NA NA NA NA NA NA NA NA NA NA NA NA NA NA NA NA NA NA NA NA NA NA NA NA NA NA NA NA NA NA NA NA NA NA NA NA NA NA NA NA NA NA NA NA NA NA NA NA NA NA NA NA NA NA NA NA NA NA NA NA NA NA NA NA NA NA NA NA NA NA NA NA NA NA NA NA NA NA NA NA NA NA NA NA NA NA NA NA NA NA NA NA NA NA NA NA NA NA NA NA NA NA NA NA NA NA NA NA NA NA NA NA 223 224 225 225 225 225 225 225 226 226 226 226 226 226 226 227 226 226 226 227 227 227 227 227 227 227 226 226 226 226 226 226 226 226 226 226 226 225 225 225 225 226 226 226 226 226 225 225 225 225 225 225 225 225 225 225 225 225 224 225 225 225 225 225 225 225 225 225 225 224 224 224 224 223 223 223 223 223 223 223 224 224 224 224 224 224 224 223 223 224 224 224 223 224 224 223 224 224 224 224 224 224 224 224 224 224 NA NA NA NA NA NA NA NA NA NA NA NA NA NA NA NA NA NA NA NA NA NA NA NA NA NA NA NA NA NA NA 226 225 225 225 225 225 225 225 225 225 225 225 225 224 224 223 224 224 224 225 225 224 224 224 225 225 224 224 223 223 223 224 223 223 223 223 223 222 222 222 222 222 222 222 222 222 222 222 223 223 222 222 223 223 223 223 223 223 223 224 223 223 223 223 223 224 224 224 223 223 223 223 223 224 224 225 225 224 224 224 224 224 224 225 224 224 224 224 224 224 224 224 224 224 224 224 224 224 224 224 224 224 224 224 224 224 224 224 224 224 224 224 224 224 224 224 224 224 224 224 224 224 224 224 224 224 224 224 224 224 225 225 225 224 224 224 223 224 223 224 224 224 224 224 224 224 224 224 224 224 224 225 226 227 228 228 227 227 227 227 227 227 226 226 225 225 224 223 223 223 224 224 224 225 225 225 225 225 225 225 225 225 224 224 224 224 224 224 224 225 225 225 225 225 225 225 225 225 225 225 225 225 225 225 225 224 225 225 225 225 225 225 225 225 225 225 226 226 226 226 226 226 226 226 226 226 225 225 225 224 224 225 225 225 225 225 226 225 226 226 226 226 226 226 226 226 226 227 NA NA
NA NA NA NA NA NA NA NA NA NA NA NA NA NA NA NA NA NA NA NA NA NA NA NA NA NA NA NA NA NA NA NA NA NA NA NA NA NA NA NA NA NA NA NA NA NA NA NA NA NA NA NA NA NA NA NA NA NA NA NA NA NA NA NA NA NA NA NA NA NA NA NA NA NA NA NA NA NA NA NA NA NA NA NA NA NA NA NA NA NA NA NA NA NA NA NA NA NA NA NA NA NA NA NA NA NA NA NA NA NA NA NA NA NA NA 222 223 224 225 225 225 226 225 225 225 226 226 226 225 225 226 226 226 226 227 227 227 227 227 227 227 227 226 226 226 226 226 226 226 226 226 226 226 226 226 226 225 226 226 226 226 226 226 225 225 225 224 224 225 225 225 225 224 225 225 225 225 225 225 225 225 225 225 225 225 225 224 224 224 223 223 223 224 223 223 223 223 223 223 223 223 224 224 224 223 224 224 224 224 224 224 224 224 224 224 224 224 225 225 224 225 NA NA NA NA NA NA NA NA NA NA NA NA NA NA NA NA NA NA NA NA NA NA NA NA NA NA NA NA NA NA NA NA NA 226 226 225 226 226 226 226 226 226 226 226 225 224 224 224 224 224 225 226 225 225 224 224 225 225 225 224 223 224 223 223 224 224 223 223 223 223 223 222 222 222 222 222 222 223 222 223 222 223 223 222 223 223 223 223 224 224 223 224 224 224 223 223 223 223 223 223 223 223 224 223 223 223 224 225 224 224 224 224 224 224 224 225 225 225 224 224 224 224 224 224 224 224 224 224 224 224 224 224 224 224 224 224 224 224 224 224 224 224 224 224 224 224 224 224 224 224 224 224 224 224 224 224 224 224 224 224 224 224 224 224 225 225 225 224 224 224 224 224 224 224 224 224 224 224 224 224 224 224 224 225 226 227 227 227 227 227 227 227 227 226 226 226 225 225 224 224 223 224 224 224 224 224 225 225 225 225 225 225 225 225 225 225 224 224 224 224 224 224 224 225 225 225 225 225 225 225 225 225 225 225 225 225 225 225 225 225 224 224 224 224 225 226 226 226 225 225 226 226 226 226 226 226 226 226 226 226 226 225 224 224 225 225 225 226 225 226 226 226 226 226 226 226 226 227 227 227 NA NA
NA NA NA NA NA NA NA NA NA NA NA NA NA NA NA NA NA NA NA NA NA NA NA NA NA NA NA NA NA NA NA NA NA NA NA NA NA NA NA NA NA NA NA NA NA NA NA NA NA NA NA NA NA NA NA NA NA NA NA NA NA NA NA NA NA NA NA NA NA NA NA NA NA NA NA NA NA NA NA NA NA NA NA NA NA NA NA NA NA NA NA NA NA NA NA NA NA NA NA NA NA NA NA NA NA NA NA NA NA NA NA NA NA NA NA NA 224 224 224 225 224 225 225 226 226 226 226 226 225 225 226 226 227 226 226 227 227 227 227 227 227 227 226 226 226 226 226 226 226 226 226 226 226 226 226 226 226 226 226 226 226 226 225 225 225 225 224 224 224 224 224 224 224 225 225 225 225 225 225 225 225 225 225 225 225 225 224 223 223 223 222 222 223 223 223 223 223 224 224 224 224 224 224 224 223 223 224 224 224 224 224 224 224 224 224 224 224 225 225 225 225 225 224 NA NA NA NA NA NA NA NA NA NA NA NA NA NA NA NA NA NA NA NA NA NA NA NA NA NA NA NA NA NA NA NA NA 226 226 227 NA NA NA NA NA NA 226 225 224 224 224 224 225 NA NA 225 225 224 224 224 225 224 224 224 223 223 223 223 223 223 223 223 223 222 222 223 223 222 222 223 223 223 223 223 223 223 222 223 223 223 223 223 224 224 224 224 223 223 223 223 223 223 223 224 224 224 224 223 224 224 224 223 224 224 224 224 224 224 224 224 224 224 224 224 224 224 224 224 224 224 224 224 224 224 224 224 224 224 224 224 224 224 224 224 224 224 224 224 224 224 224 224 224 224 224 224 224 224 224 224 224 224 224 224 224 224 224 225 225 225 225 224 224 225 224 224 224 224 224 224 224 224 224 224 224 224 225 225 226 226 226 227 227 227 227 227 227 226 225 225 224 224 224 224 224 224 224 224 224 225 225 225 225 225 225 225 225 225 225 225 224 224 224 224 224 224 225 225 225 225 225 225 225 225 225 225 225 225 225 225 225 225 225 224 224 225 225 225 225 225 225 226 225 226 226 226 226 225 225 225 226 226 226 226 226 225 225 225 225 226 226 226 226 226 226 226 227 227 227 226 226 227 NA NA
NA NA NA NA NA NA NA NA NA NA NA NA NA NA NA NA NA NA NA NA NA NA NA NA NA NA NA NA NA NA NA NA NA NA NA NA NA NA NA NA NA NA NA NA NA NA NA NA NA NA NA NA NA NA NA NA NA NA NA NA NA NA NA NA NA NA NA NA NA NA NA NA NA NA NA NA NA NA NA NA NA NA NA NA NA NA NA NA NA NA NA NA NA NA NA NA NA NA NA NA NA NA NA NA NA NA NA NA NA NA NA NA NA NA NA NA NA NA 224 224 224 225 225 226 226 226 226 226 226 225 226 226 226 226 226 226 227 227 227 227 227 227 226 226 226 226 226 226 226 226 226 225 226 226 225 225 226 226 226 226 226 226 226 225 225 225 225 224 225 225 225 225 225 225 225 225 225 225 225 225 225 225 225 225 224 224 223 223 222 222 222 223 224 224 224 224 224 224 224 224 224 224 224 224 224 223 223 224 224 224 224 224 224 224 224 224 225 225 225 225 225 225 225 224 224 NA NA NA NA NA NA NA NA NA NA NA NA NA NA NA NA NA NA NA NA NA NA NA NA NA NA NA NA NA NA NA NA NA NA NA NA NA NA NA NA NA 226 225 225 225 225 226 NA NA 226 225 225 225 225 224 224 224 223 223 223 223 223 223 223 223 223 223 222 222 223 223 222 222 222 223 223 223 223 223 223 223 223 223 223 223 223 223 224 224 223 223 223 224 224 223 223 223 223 224 224 224 224 224 224 224 223 223 223 223 224 224 224 224 224 224 224 224 224 224 224 224 224 224 224 224 224 224 224 224 224 224 224 224 224 224 224 224 224 224 224 224 224 224 224 224 224 224 224 224 224 224 224 224 224 224 224 224 224 224 224 224 225 225 225 225 225 224 225 224 225 224 224 224 224 224 224 224 224 224 224 224 224 225 225 225 226 227 228 227 227 227 226 226 225 225 224 224 224 224 224 225 225 225 224 225 225 225 225 225 225 225 225 225 225 224 225 225 225 225 225 224 225 225 225 225 225 225 225 225 225 225 225 225 225 225 225 225 225 224 224 225 225 225 225 225 225 226 226 226 225 225 225 225 225 225 225 226 226 227 226 225 225 225 225 226 226 226 226 226 226 226 226 226 226 227 NA NA NA
NA NA NA NA NA NA NA NA NA NA NA NA NA NA NA NA NA NA NA NA NA NA NA NA NA NA NA NA NA NA NA NA NA NA NA NA NA NA NA NA NA NA NA NA NA NA NA NA NA NA NA NA NA NA NA NA NA NA NA NA NA NA NA NA NA NA NA NA NA NA NA NA NA NA NA NA NA NA NA NA NA NA NA NA NA NA NA NA NA NA NA NA NA NA NA NA NA NA NA NA NA NA NA NA NA NA NA NA NA NA NA NA NA NA NA NA NA NA NA NA NA NA 225 225 226 226 226 226 226 225 226 225 226 226 226 226 226 227 227 227 227 227 226 226 226 226 226 226 226 226 226 226 226 225 226 226 226 226 226 226 226 226 226 225 225 225 225 225 225 225 225 225 225 225 225 225 225 225 225 225 225 225 225 225 225 224 223 223 223 222 223 223 224 224 225 224 224 224 224 224 223 224 224 224 224 224 224 223 223 223 224 224 224 224 224 224 224 225 225 224 224 224 225 225 224 NA NA NA NA NA NA NA NA NA NA NA NA NA NA NA NA NA NA NA NA NA NA NA NA NA NA NA NA NA NA NA NA NA NA NA NA NA NA NA NA NA NA NA 226 226 NA NA NA NA NA NA 225 225 NA 225 225 224 224 224 223 223 223 223 223 223 223 223 222 222 223 223 223 222 222 223 223 223 223 223 223 223 223 223 223 223 223 223 223 224 224 223 224 224 224 223 223 223 223 223 224 224 224 224 224 223 224 223 223 223 224 224 224 224 224 224 224 224 224 224 224 224 224 224 224 224 224 225 224 224 224 224 224 224 224 224 224 224 224 224 224 224 224 224 224 224 224 224 224 224 224 224 224 224 224 224 224 224 224 224 224 224 224 224 224 225 225 225 225 225 225 224 224 224 224 224 224 224 224 224 224 224 224 224 224 225 226 226 227 227 227 227 227 226 226 225 225 224 224 224 224 224 225 225 224 224 224 225 225 225 225 225 225 225 225 225 225 225 225 225 225 225 225 225 225 225 225 225 225 225 225 225 225 225 225 225 225 225 225 225 224 224 224 225 225 225 225 226 225 225 225 225 225 225 225 225 225 225 225 226 226 226 226 226 225 225 226 226 226 226 226 226 226 226 226 226 NA NA NA
NA NA NA NA NA NA NA NA NA NA NA NA NA NA NA NA NA NA NA NA NA NA NA NA NA NA NA NA NA NA NA NA NA NA NA NA NA NA NA NA NA NA NA NA NA NA NA NA NA NA NA NA NA NA NA NA NA NA NA NA NA NA NA NA NA NA NA NA NA NA NA NA NA NA NA NA NA NA NA NA NA NA NA NA NA NA NA NA NA NA NA NA NA NA NA NA NA NA NA NA NA NA NA NA NA NA NA NA NA NA NA NA NA NA NA NA NA NA NA NA NA NA 224 225 225 NA NA 226 226 226 225 226 226 226 226 226 227 NA NA 227 227 227 226 226 226 226 226 226 226 226 226 226 226 226 226 226 226 226 226 226 226 226 226 226 225 226 226 225 225 225 225 225 225 225 225 225 225 225 225 225 225 225 225 225 225 225 224 223 223 223 224 223 224 224 225 224 224 223 223 223 224 224 224 224 224 224 224 224 224 224 223 223 224 224 224 224 224 224 225 225 225 224 224 224 224 NA NA NA NA NA NA NA NA NA NA NA NA NA NA NA NA NA NA NA NA NA NA NA NA NA NA NA NA NA NA NA NA NA NA NA NA NA NA NA NA NA NA NA NA NA NA NA NA NA NA NA NA NA NA 226 225 225 224 224 224 223 224 224 224 224 223 223 223 222 223 223 223 223 222 223 224 224 224 224 224 224 223 223 223 223 223 223 223 224 223 223 224 224 224 224 224 223 224 224 224 224 224 224 223 223 224 224 224 224 224 224 224 224 224 224 224 224 224 224 224 224 224 224 224 224 224 225 225 224 224 224 224 224 224 224 224 224 224 224 224 224 224 224 224 224 224 224 224 224 224 224 224 224 224 224 224 224 224 224 224 224 224 224 224 224 224 225 225 225 225 225 224 224 224 224 224 224 225 224 224 224 224 224 224 224 224 225 225 226 227 227 227 226 226 225 225 224 224 224 224 225 225 224 224 224 224 225 225 225 225 225 225 225 225 225 225 226 225 225 225 224 225 225 225 225 225 225 225 225 225 225 225 225 225 225 225 225 225 225 225 224 225 225 225 225 225 226 226 226 226 225 225 225 225 225 225 225 225 225 226 226 227 227 226 226 225 226 226 226 226 226 226 226 NA NA NA NA NA
NA NA NA NA NA NA NA NA NA NA NA NA NA NA NA NA NA NA NA NA NA NA NA NA NA NA NA NA NA NA NA NA NA NA NA NA NA NA NA NA NA NA NA NA NA NA NA NA NA NA NA NA NA NA NA NA NA NA NA NA NA NA NA NA NA NA NA NA NA NA NA NA NA NA NA NA NA NA NA NA NA NA NA NA NA NA NA NA NA NA NA NA NA NA NA NA NA NA NA NA NA NA NA NA NA NA NA NA NA NA NA NA NA NA NA NA NA NA NA NA NA NA 225 NA NA NA NA NA NA NA 225 226 226 226 226 NA NA NA NA 226 226 227 226 226 226 226 226 226 226 226 226 226 226 226 226 226 226 226 226 226 226 226 226 226 225 225 225 225 225 225 225 225 225 225 225 225 224 224 225 225 225 225 225 225 225 225 224 223 223 223 224 224 224 224 224 224 224 224 224 223 224 224 224 224 224 224 224 224 224 224 224 224 224 224 224 224 225 224 224 225 225 225 225 224 224 NA NA NA NA NA NA NA NA NA NA NA NA NA NA NA NA NA NA NA NA NA NA NA NA NA NA NA NA NA NA NA NA NA NA NA NA NA NA NA NA NA NA NA NA NA NA NA NA NA NA NA NA NA NA NA 225 224 224 224 223 224 224 224 224 224 223 223 223 222 223 224 223 223 222 223 223 223 223 223 223 224 224 223 223 223 223 223 223 223 223 223 224 224 224 224 224 224 224 224 224 224 224 224 223 224 224 224 224 224 224 224 224 224 224 224 224 224 225 224 224 225 224 224 224 224 224 224 224 224 224 224 224 224 224 224 224 224 224 224 224 224 224 224 224 224 224 224 224 224 224 224 224 224 224 224 224 224 224 224 224 224 224 224 224 224 224 224 225 225 225 225 225 225 225 224 225 225 225 224 224 224 224 224 225 225 224 224 225 225 225 226 226 226 226 225 225 225 225 224 224 225 224 224 224 224 225 225 225 225 225 225 225 225 225 225 225 225 226 226 225 225 225 225 225 226 225 225 225 225 225 225 225 225 225 225 225 225 225 225 225 225 225 225 225 226 226 226 226 226 226 226 226 225 225 225 225 225 225 225 225 225 226 226 227 227 226 226 226 226 226 226 226 NA NA NA NA NA NA
NA NA NA NA NA NA NA NA NA NA NA NA NA NA NA NA NA NA NA NA NA NA NA NA NA NA NA NA NA NA NA NA NA NA NA NA NA NA NA NA NA NA NA NA NA NA NA NA NA NA NA NA NA NA NA NA NA NA NA NA NA NA NA NA NA NA NA NA NA NA NA NA NA NA NA NA NA NA NA NA NA NA NA NA NA NA NA NA NA NA NA NA NA NA NA NA NA NA NA NA NA NA NA NA NA NA NA NA NA NA NA NA NA NA NA NA NA NA NA NA NA NA NA NA NA NA NA NA NA NA NA NA NA NA NA NA NA NA NA 227 227 227 226 226 226 225 226 226 226 226 226 226 226 226 226 226 226 226 226 226 226 226 226 226 226 226 225 225 225 225 225 225 225 224 224 224 225 224 224 225 224 224 224 224 224 224 224 223 223 223 224 223 224 224 224 224 224 224 224 223 224 224 224 224 224 224 224 225 224 224 224 224 224 224 224 224 225 225 225 225 225 225 224 224 225 NA NA NA NA NA NA NA NA NA NA NA NA NA NA NA NA NA NA NA NA NA NA NA NA NA NA NA NA NA NA NA NA NA NA NA NA NA NA NA NA NA NA NA NA NA NA NA NA NA NA NA NA NA NA NA 225 225 224 224 223 224 224 224 224 224 224 223 223 223 223 224 223 223 223 223 223 223 223 223 223 224 224 224 224 224 223 223 223 223 223 223 223 224 223 223 224 224 224 224 224 224 224 224 224 224 224 224 224 224 224 224 224 224 224 224 224 224 225 225 225 225 225 225 225 225 224 224 224 224 224 224 224 224 224 224 224 224 224 224 225 225 224 224 224 224 224 224 224 224 224 224 224 224 224 224 224 224 224 224 224 224 224 224 224 224 224 224 225 225 225 225 225 225 225 225 225 225 225 225 224 224 224 224 224 224 224 225 225 224 224 225 225 225 226 225 225 225 225 225 224 224 224 224 224 224 225 225 225 225 225 225 225 225 225 225 225 225 225 225 225 225 225 225 225 225 226 225 225 225 225 225 225 225 225 225 225 225 225 225 225 225 225 225 225 226 226 226 226 226 226 226 225 225 225 225 225 225 225 225 225 225 225 225 225 226 226 226 226 226 NA NA NA NA NA NA NA NA NA
NA NA NA NA NA NA NA NA NA NA NA NA NA NA NA NA NA NA NA NA NA NA NA NA NA NA NA NA NA NA NA NA NA NA NA NA NA NA NA NA NA NA NA NA NA NA NA NA NA NA NA NA NA NA NA NA NA NA NA NA NA NA NA NA NA NA NA NA NA NA NA NA NA NA NA NA NA NA NA NA NA NA NA NA NA NA NA NA NA NA NA NA NA NA NA NA NA NA NA NA NA NA NA NA NA NA NA NA NA NA NA NA NA NA NA NA NA NA NA NA NA NA NA NA NA NA NA NA NA NA NA NA NA NA NA NA NA NA NA NA 227 226 225 225 226 226 225 225 226 226 226 226 226 226 226 226 226 226 226 226 226 226 226 225 226 225 225 225 225 225 225 225 225 225 225 225 225 225 225 225 225 225 224 224 224 224 224 224 224 224 223 223 224 225 224 224 225 224 224 223 224 224 224 224 224 224 224 224 224 224 224 224 224 224 225 225 225 225 226 225 225 225 225 NA NA NA NA NA NA NA NA NA NA NA NA NA NA NA NA NA NA NA NA NA NA NA NA NA NA NA NA NA NA NA NA NA NA NA NA NA NA NA NA NA NA NA NA NA NA NA NA NA NA NA NA NA NA NA NA 225 225 224 224 224 223 224 224 224 224 224 224 223 223 223 224 224 223 223 223 223 223 223 223 223 223 224 224 224 224 224 223 223 223 223 223 223 223 223 223 223 224 224 224 223 223 223 224 224 224 224 224 224 224 224 224 224 224 224 224 224 224 224 225 225 225 225 225 225 225 224 224 224 224 224 224 224 224 224 224 224 224 225 225 225 225 225 224 224 224 224 224 224 224 224 224 224 224 224 224 224 224 224 224 224 224 224 224 224 224 224 224 224 225 225 225 225 225 225 226 225 225 225 225 225 225 224 224 224 224 224 225 225 224 224 224 225 225 225 225 226 226 225 225 225 224 224 224 224 224 224 225 225 225 225 225 225 225 225 225 225 225 225 225 225 225 225 225 225 225 225 225 226 225 225 225 225 225 225 225 225 225 225 225 225 225 225 225 225 225 226 226 226 226 226 226 226 226 225 225 225 225 225 225 225 225 225 225 225 225 225 226 226 NA NA NA NA NA NA NA NA NA NA NA
NA NA NA NA NA NA NA NA NA NA NA NA NA NA NA NA NA NA NA NA NA NA NA NA NA NA NA NA NA NA NA NA NA NA NA NA NA NA NA NA NA NA NA NA NA NA NA NA NA NA NA NA NA NA NA NA NA NA NA NA NA NA NA NA NA NA NA NA NA NA NA NA NA NA NA NA NA NA NA NA NA NA NA NA NA NA NA NA NA NA NA NA NA NA NA NA NA NA NA NA NA NA NA NA NA NA NA NA NA NA NA NA NA NA NA NA NA NA NA NA NA NA NA NA NA NA NA NA NA NA NA NA NA NA NA NA NA NA NA NA 227 226 226 226 226 226 225 226 226 225 225 226 226 226 226 226 226 226 226 226 226 226 226 226 225 225 225 225 225 225 225 225 225 225 225 225 225 225 225 225 225 225 224 224 224 224 224 224 224 223 223 223 225 225 225 225 224 224 224 223 224 224 225 225 225 224 224 224 224 225 224 225 225 224 225 225 226 226 225 226 226 NA NA NA NA NA NA NA NA NA NA NA NA NA NA NA NA NA NA NA NA NA NA NA NA NA NA NA NA NA NA NA NA NA NA NA NA NA NA NA NA NA NA NA NA NA NA NA NA NA NA NA NA NA NA NA NA NA NA NA 225 224 224 224 223 223 223 223 223 224 224 224 223 223 224 224 223 223 223 223 223 223 223 224 224 224 224 224 224 225 224 224 224 224 223 224 223 223 223 223 223 223 223 223 223 223 223 224 224 224 224 224 224 224 224 224 224 224 224 224 224 224 224 225 225 225 225 225 225 224 224 224 224 224 224 224 224 224 224 224 224 225 225 225 225 224 224 224 224 224 224 224 224 224 224 224 224 224 224 224 224 224 224 224 224 224 224 224 224 224 224 224 225 225 225 225 225 225 226 226 225 225 225 225 224 224 224 224 224 224 225 224 225 224 225 225 225 225 225 225 225 225 226 226 225 224 224 225 224 224 224 225 225 225 225 225 225 225 225 226 225 225 226 226 226 225 225 225 225 225 225 226 225 225 225 225 225 225 225 225 225 225 225 225 225 225 225 225 225 225 225 226 226 226 226 226 226 225 225 225 225 225 225 225 225 225 225 225 225 225 225 225 NA NA NA NA NA NA NA NA NA NA NA
NA NA NA NA NA NA NA NA NA NA NA NA NA NA NA NA NA NA NA NA NA NA NA NA NA NA NA NA NA NA NA NA NA NA NA NA NA NA NA NA NA NA NA NA NA NA NA NA NA NA NA NA NA NA NA NA NA NA NA NA NA NA NA NA NA NA NA NA NA NA NA NA NA NA NA NA NA NA NA NA NA NA NA NA NA NA NA NA NA NA NA NA NA NA NA NA NA NA NA NA NA NA NA NA NA NA NA NA NA NA NA NA NA NA NA NA NA NA NA NA NA NA NA NA NA NA NA NA NA NA NA NA NA NA NA NA NA NA NA NA NA 227 226 226 226 226 226 225 226 226 225 225 225 226 225 226 226 226 226 226 226 226 226 226 226 225 225 225 225 225 225 226 226 225 225 225 225 225 225 225 225 225 225 224 224 224 224 224 223 223 223 223 224 225 225 224 224 224 224 224 224 224 224 224 224 225 225 225 225 225 225 225 225 225 225 225 225 226 226 225 226 225 225 NA NA NA NA NA NA NA NA NA NA NA NA NA NA NA NA NA NA NA NA NA NA NA NA NA NA NA NA NA NA NA NA NA NA NA NA NA NA NA NA NA NA NA NA NA NA NA NA NA NA NA NA NA NA NA NA NA 225 225 224 224 224 224 224 224 223 223 223 223 223 223 224 224 223 223 223 223 223 223 224 224 224 224 224 224 224 224 225 224 224 224 224 224 224 224 224 224 223 223 224 224 224 224 224 223 223 224 224 224 224 224 224 224 224 224 224 224 224 224 224 224 224 225 225 225 225 225 224 224 224 224 224 224 224 224 224 224 224 225 225 225 225 225 224 224 224 224 224 224 224 224 224 224 224 224 224 224 224 224 224 224 224 224 224 224 224 224 224 224 225 225 225 225 225 225 226 225 225 225 224 225 225 224 224 224 224 224 224 225 225 225 225 225 225 224 224 225 225 225 225 226 225 225 225 225 225 224 224 225 225 225 225 225 225 225 226 226 226 226 226 226 226 226 226 225 225 224 225 225 226 226 225 225 225 225 225 225 225 225 225 225 225 225 225 225 225 225 225 225 226 226 226 226 226 226 226 226 226 225 225 225 225 225 225 225 225 225 225 NA NA NA NA NA NA NA NA NA NA NA NA
NA NA NA NA NA NA NA NA NA NA NA NA NA NA NA NA NA NA NA NA NA NA NA NA NA NA NA NA NA NA NA NA NA NA NA NA NA NA NA NA NA NA NA NA NA NA NA NA NA NA NA NA NA NA NA NA NA NA NA NA NA NA NA NA NA NA NA NA NA NA NA NA NA NA NA NA NA NA NA NA NA NA NA NA NA NA NA NA NA NA NA NA NA NA NA NA NA NA NA NA NA NA NA NA NA NA NA NA NA NA NA NA NA NA NA NA NA NA NA NA NA NA NA NA NA NA NA NA NA NA NA NA NA NA NA NA NA NA NA NA NA 227 226 226 226 226 226 226 225 225 225 225 226 226 226 226 226 226 226 226 226 226 226 226 226 225 225 225 225 225 225 225 225 225 225 225 225 225 225 225 225 225 225 225 225 224 223 223 223 223 223 224 225 225 225 224 224 224 224 224 224 224 225 225 224 225 225 225 225 225 225 225 226 226 225 225 225 225 226 226 226 226 NA NA NA NA NA NA NA NA NA NA NA NA NA NA NA NA NA NA NA NA NA NA NA NA NA NA NA NA NA NA NA NA NA NA NA NA NA NA NA NA NA NA NA NA NA NA NA NA NA NA NA NA NA NA NA NA NA NA 225 225 225 224 224 224 225 224 224 224 223 223 223 224 224 224 223 224 224 223 223 223 223 224 224 224 224 224 224 224 224 224 224 224 224 225 225 225 224 224 224 224 224 224 224 224 224 224 224 224 223 224 224 224 224 224 224 224 224 224 224 224 224 224 224 224 225 225 225 225 224 224 224 224 224 224 224 224 224 224 224 225 225 225 225 225 225 225 225 224 224 224 224 224 224 224 225 225 224 224 224 224 224 224 224 224 224 224 224 224 224 224 225 225 225 225 225 225 225 226 225 225 225 225 224 224 224 224 224 224 225 225 225 225 225 225 224 224 224 225 224 225 224 225 225 225 225 225 225 224 225 225 225 225 225 225 225 225 225 225 226 226 226 226 226 226 226 226 225 225 225 225 226 226 225 225 225 225 225 225 225 225 225 225 225 225 225 225 225 225 225 225 225 226 226 226 226 226 226 226 225 225 225 226 226 226 226 225 225 225 225 NA NA NA NA NA NA NA NA NA NA NA NA
NA NA NA NA NA NA NA NA NA NA NA NA NA NA NA NA NA NA NA NA NA NA NA NA NA NA NA NA NA NA NA NA NA NA NA NA NA NA NA NA NA NA NA NA NA NA NA NA NA NA NA NA NA NA NA NA NA NA NA NA NA NA NA NA NA NA NA NA NA NA NA NA NA NA NA NA NA NA NA NA NA NA NA NA NA NA NA NA NA NA NA NA NA NA NA NA NA NA NA NA NA NA NA NA NA NA NA NA NA NA NA NA NA NA NA NA NA NA NA NA NA NA NA NA NA NA NA NA NA NA NA NA NA NA NA NA NA NA NA NA NA NA NA 226 226 226 225 226 225 226 226 226 226 226 226 225 225 225 226 225 225 226 226 226 226 226 226 225 225 225 224 224 224 224 224 224 224 225 225 225 225 225 225 225 224 224 223 224 223 223 223 224 225 225 224 224 224 224 224 224 224 225 225 225 225 225 225 225 225 225 225 225 225 225 225 225 225 225 225 225 225 225 225 NA NA NA NA NA NA NA NA NA NA NA NA NA NA NA NA NA NA NA NA NA NA NA NA NA NA NA NA NA NA NA NA NA NA NA NA NA NA NA NA NA NA NA NA NA NA NA NA NA NA NA NA NA NA NA NA NA 225 225 224 224 224 224 225 225 225 224 224 223 223 224 224 224 224 224 224 223 223 223 223 224 224 223 223 223 223 223 223 224 224 224 224 224 225 225 225 224 224 224 224 224 224 224 224 224 224 223 223 223 223 223 224 224 224 224 224 224 224 224 224 224 224 224 224 224 224 224 225 224 224 224 224 224 224 224 224 224 224 225 225 225 225 225 225 225 225 224 224 224 224 224 224 225 225 225 225 224 224 224 224 224 224 224 224 224 224 224 224 224 225 225 225 225 225 226 226 225 225 226 225 225 225 224 224 224 224 225 225 225 225 224 224 225 224 225 225 225 224 225 224 224 224 225 225 225 225 225 225 225 225 225 225 225 225 225 225 225 225 226 226 226 226 226 226 226 226 226 225 225 225 226 226 226 225 225 225 225 225 225 225 225 225 225 225 225 225 225 225 225 225 226 226 225 226 225 225 225 225 225 225 226 226 226 226 226 225 226 NA NA NA NA NA NA NA NA NA NA NA NA NA
NA NA NA NA NA NA NA NA NA NA NA NA NA NA NA NA NA NA NA NA NA NA NA NA NA NA NA NA NA NA NA NA NA NA NA NA NA NA NA NA NA NA NA NA NA NA NA NA NA NA NA NA NA NA NA NA NA NA NA NA NA NA NA NA NA NA NA NA NA NA NA NA NA NA NA NA NA NA NA NA NA NA NA NA NA NA NA NA NA NA NA NA NA NA NA NA NA NA NA NA NA NA NA NA NA NA NA NA NA NA NA NA NA NA NA NA NA NA NA NA NA NA NA NA NA NA NA NA NA NA NA NA NA NA NA NA NA NA NA NA NA NA NA NA 226 226 226 226 225 226 226 226 226 226 225 225 225 225 225 226 225 225 226 226 226 226 225 225 225 224 225 225 225 224 224 225 225 225 224 225 225 225 225 224 225 224 224 224 223 223 223 223 225 225 224 224 224 224 224 224 224 224 224 224 224 224 224 224 224 224 225 225 225 225 225 225 226 226 226 225 225 225 224 NA NA NA NA NA NA NA NA NA NA NA NA NA NA NA NA NA NA NA NA NA NA NA NA NA NA NA NA NA NA NA NA NA NA NA NA NA NA NA NA NA NA NA NA NA NA NA NA NA NA NA NA NA NA NA NA NA NA 225 225 225 225 225 225 225 225 225 224 224 224 224 224 224 224 224 224 223 223 224 223 223 223 223 223 223 223 224 224 224 224 224 224 224 224 224 225 225 225 224 224 223 224 224 224 224 223 223 223 223 224 224 224 224 224 224 224 224 224 224 224 224 224 224 224 224 224 224 224 224 224 224 224 224 224 224 224 224 225 225 225 225 225 225 225 225 225 224 224 224 224 224 225 225 225 225 225 225 224 224 224 224 224 224 224 224 224 224 224 224 225 225 225 225 226 225 225 226 226 225 226 226 225 225 224 224 224 225 225 224 224 224 224 225 224 225 225 225 224 225 225 225 224 224 225 225 225 225 225 225 225 225 225 225 225 225 225 225 225 225 226 226 226 226 226 226 226 226 226 225 225 226 226 226 226 225 225 225 225 225 225 226 225 225 225 225 225 225 225 226 225 225 225 225 225 225 225 225 225 225 225 226 226 226 226 226 226 226 NA NA NA NA NA NA NA NA NA NA NA NA NA
NA NA NA NA NA NA NA NA NA NA NA NA NA NA NA NA NA NA NA NA NA NA NA NA NA NA NA NA NA NA NA NA NA NA NA NA NA NA NA NA NA NA NA NA NA NA NA NA NA NA NA NA NA NA NA NA NA NA NA NA NA NA NA NA NA NA NA NA NA NA NA NA NA NA NA NA NA NA NA NA NA NA NA NA NA NA NA NA NA NA NA NA NA NA NA NA NA NA NA NA NA NA NA NA NA NA NA NA NA NA NA NA NA NA NA NA NA NA NA NA NA NA NA NA NA NA NA NA NA NA NA NA NA NA NA NA NA NA NA NA NA NA NA NA NA NA NA 226 226 226 226 226 226 226 226 225 225 225 226 226 226 225 225 226 226 226 226 225 225 224 225 225 225 225 225 225 225 225 225 224 225 225 225 225 224 224 224 224 224 224 224 224 225 225 225 225 224 224 224 224 224 224 224 224 225 224 225 224 225 225 225 225 225 225 225 225 226 226 226 225 NA NA NA NA NA NA NA NA NA NA NA NA NA NA NA NA NA NA NA NA NA NA NA NA NA NA NA NA NA NA NA NA NA NA NA NA NA NA NA NA NA NA NA NA NA NA NA NA NA NA NA NA NA NA NA NA NA NA NA NA NA 225 225 225 225 225 225 225 225 225 225 224 224 224 224 224 223 223 223 223 223 224 224 223 224 224 224 224 224 224 224 224 224 224 224 224 224 224 225 225 225 224 224 224 224 224 224 224 224 224 224 224 223 224 224 224 224 224 224 224 224 224 224 224 224 224 224 224 224 224 224 224 224 224 224 224 224 224 224 225 225 225 225 225 225 225 224 225 225 224 224 224 224 224 225 225 225 225 225 225 225 224 224 224 224 224 224 224 224 224 225 225 225 225 225 226 225 225 225 225 226 226 226 226 226 225 225 224 224 224 224 224 224 224 224 225 224 225 224 224 224 224 224 224 224 224 224 224 224 225 225 225 225 225 225 225 225 225 225 225 225 226 226 227 227 226 226 226 226 226 226 226 225 225 225 226 226 225 225 225 225 225 225 225 225 225 225 225 225 225 225 226 226 225 225 225 225 225 225 225 225 225 225 225 225 225 225 226 NA NA NA NA NA NA NA NA NA NA NA NA NA NA NA
NA NA NA NA NA NA NA NA NA NA NA NA NA NA NA NA NA NA NA NA NA NA NA NA NA NA NA NA NA NA NA NA NA NA NA NA NA NA NA NA NA NA NA NA NA NA NA NA NA NA NA NA NA NA NA NA NA NA NA NA NA NA NA NA NA NA NA NA NA NA NA NA NA NA NA NA NA NA NA NA NA NA NA NA NA NA NA NA NA NA NA NA NA NA NA NA NA NA NA NA NA NA NA NA NA NA NA NA NA NA NA NA NA NA NA NA NA NA NA NA NA NA NA NA NA NA NA NA NA NA NA NA NA NA NA NA NA NA NA NA NA NA NA NA NA NA NA NA 226 226 226 226 226 226 226 226 226 225 226 226 226 225 225 225 225 225 226 225 225 225 225 225 225 225 225 225 225 224 224 224 224 224 224 224 224 224 224 224 224 224 224 224 226 225 225 225 224 224 224 225 225 224 225 225 225 225 225 225 225 225 225 226 226 225 226 226 226 226 226 NA NA NA NA NA NA NA NA NA NA NA NA NA NA NA NA NA NA NA NA NA NA NA NA NA NA NA NA NA NA NA NA NA NA NA NA NA NA NA NA NA NA NA NA NA NA NA NA NA NA NA NA NA NA NA NA NA NA NA NA NA NA NA 225 225 225 225 NA NA NA 225 225 225 224 224 224 224 223 223 223 223 223 224 224 224 224 224 224 224 224 224 224 224 225 224 224 224 225 225 225 225 225 224 224 225 225 224 224 224 224 224 224 224 224 224 224 224 224 224 224 224 224 224 224 224 224 224 224 224 224 224 224 224 224 224 224 224 224 224 224 225 225 225 225 225 225 225 225 225 225 224 224 224 225 225 225 225 225 225 225 225 225 225 225 224 224 224 224 224 224 224 224 225 225 225 225 225 225 225 225 225 225 225 226 226 225 224 224 224 224 225 225 224 224 224 224 224 224 225 225 224 224 224 224 224 224 224 224 224 224 225 226 225 225 225 225 225 225 225 225 225 225 226 226 227 227 227 226 226 226 227 227 226 225 225 225 225 226 226 225 225 225 225 226 226 226 225 225 225 225 225 225 225 225 225 225 224 224 224 224 224 225 225 225 225 225 NA NA NA NA NA NA NA NA NA NA NA NA NA NA NA NA NA NA
NA NA NA NA NA NA NA NA NA NA NA NA NA NA NA NA NA NA NA NA NA NA NA NA NA NA NA NA NA NA NA NA NA NA NA NA NA NA NA NA NA NA NA NA NA NA NA NA NA NA NA NA NA NA NA NA NA NA NA NA NA NA NA NA NA NA NA NA NA NA NA NA NA NA NA NA NA NA NA NA NA NA NA NA NA NA NA NA NA NA NA NA NA NA NA NA NA NA NA NA NA NA NA NA NA NA NA NA NA NA NA NA NA NA NA NA NA NA NA NA NA NA NA NA NA NA NA NA NA NA NA NA NA NA NA NA NA NA NA NA NA NA NA NA NA NA NA NA 226 226 226 226 226 226 226 226 226 226 226 225 225 225 225 226 225 226 226 226 226 225 225 225 225 225 225 225 225 224 224 224 224 224 224 224 224 225 225 224 224 224 224 224 225 225 225 225 225 224 225 225 225 225 225 226 226 225 225 225 225 226 226 226 225 225 225 225 225 225 225 NA NA NA NA NA NA NA NA NA NA NA NA NA NA NA NA NA NA NA NA NA NA NA NA NA NA NA NA NA NA NA NA NA NA NA NA NA NA NA NA NA NA NA NA NA NA NA NA NA NA NA NA NA NA NA NA NA NA NA NA NA NA NA 225 225 225 NA NA NA NA NA 225 225 225 224 224 224 224 224 223 223 223 223 223 224 224 224 224 224 225 225 225 225 225 225 225 224 224 225 225 225 225 225 225 225 225 225 224 224 224 224 224 224 224 224 224 224 224 224 224 224 224 224 224 224 224 224 224 224 224 224 224 224 224 224 224 224 224 224 225 225 225 225 225 225 225 225 225 225 225 225 225 225 225 225 225 225 225 225 225 225 225 225 225 225 224 224 224 224 224 224 224 224 225 225 225 225 225 225 225 225 225 225 225 226 225 225 225 225 224 225 225 225 224 224 224 224 224 224 224 224 224 224 224 224 225 225 224 225 225 224 224 225 225 225 225 225 225 225 225 225 225 225 226 226 227 227 227 227 226 226 227 227 226 225 225 225 225 226 225 225 225 225 225 226 226 225 225 225 225 225 224 224 224 224 224 224 224 224 224 224 224 224 225 225 225 NA NA NA NA NA NA NA NA NA NA NA NA NA NA NA NA NA NA
NA NA NA NA NA NA NA NA NA NA NA NA NA NA NA NA NA NA NA NA NA NA NA NA NA NA NA NA NA NA NA NA NA NA NA NA NA NA NA NA NA NA NA NA NA NA NA NA NA NA NA NA NA NA NA NA NA NA NA NA NA NA NA NA NA NA NA NA NA NA NA NA NA NA NA NA NA NA NA NA NA NA NA NA NA NA NA NA NA NA NA NA NA NA NA NA NA NA NA NA NA NA NA NA NA NA NA NA NA NA NA NA NA NA NA NA NA NA NA NA NA NA NA NA NA NA NA NA NA NA NA NA NA NA NA NA NA NA NA NA NA NA NA NA NA NA NA NA NA 226 226 226 226 226 226 226 226 225 225 225 225 225 226 226 225 225 225 226 225 225 224 224 225 225 225 225 224 224 224 224 224 224 224 224 224 224 225 225 225 224 223 223 224 224 224 225 225 225 225 225 225 225 225 226 225 225 225 225 225 225 225 226 NA NA NA NA 225 NA NA NA NA NA NA NA NA NA NA NA NA NA NA NA NA NA NA NA NA NA NA NA NA NA NA NA NA NA NA NA NA NA NA NA NA NA NA NA NA NA NA NA NA NA NA NA NA NA NA NA NA NA NA NA NA NA NA NA NA NA NA NA NA NA NA 225 NA NA NA NA NA NA NA 225 225 224 224 225 224 224 224 223 223 224 224 224 224 224 224 224 224 224 224 224 225 225 225 225 225 225 225 225 226 226 226 225 225 225 224 224 224 224 224 224 224 224 224 224 224 224 224 224 224 224 224 224 224 224 224 224 224 224 224 224 224 224 224 224 224 225 225 225 225 225 225 225 225 225 225 225 225 225 225 225 225 225 225 225 225 225 225 225 225 225 225 225 225 224 224 224 224 225 225 224 225 225 225 225 225 225 225 225 225 225 225 225 225 225 225 225 224 224 225 226 225 225 224 224 224 224 224 224 224 225 225 225 225 225 224 225 226 225 225 224 225 225 225 226 226 225 225 225 225 225 226 227 227 226 227 226 226 227 227 227 226 226 225 224 224 225 225 225 225 225 226 226 226 226 225 225 225 225 225 225 224 224 225 225 225 225 224 224 224 224 224 225 NA NA NA NA NA NA NA NA NA NA NA NA NA NA NA NA NA NA NA
NA NA NA NA NA NA NA NA NA NA NA NA NA NA NA NA NA NA NA NA NA NA NA NA NA NA NA NA NA NA NA NA NA NA NA NA NA NA NA NA NA NA NA NA NA NA NA NA NA NA NA NA NA NA NA NA NA NA NA NA NA NA NA NA NA NA NA NA NA NA NA NA NA NA NA NA NA NA NA NA NA NA NA NA NA NA NA NA NA NA NA NA NA NA NA NA NA NA NA NA NA NA NA NA NA NA NA NA NA NA NA NA NA NA NA NA NA NA NA NA NA NA NA NA NA NA NA NA NA NA NA NA NA NA NA NA NA NA NA NA NA NA NA NA NA NA NA NA NA 226 226 226 226 226 226 226 226 225 225 226 226 226 226 226 225 225 225 225 225 225 225 225 224 224 224 224 224 224 224 224 224 224 224 224 224 224 224 225 225 225 224 225 225 224 224 225 225 225 225 225 225 224 225 225 225 224 225 225 225 225 NA NA NA NA NA NA NA NA NA NA NA NA NA NA NA NA NA NA NA NA NA NA NA NA NA NA NA NA NA NA NA NA NA NA NA NA NA NA NA NA NA NA NA NA NA NA NA NA NA NA NA NA NA NA NA NA NA NA NA NA NA NA NA NA NA NA NA NA NA NA NA NA NA NA NA NA NA NA NA NA NA 225 225 225 224 224 224 224 223 223 223 224 224 224 224 223 224 224 224 224 224 224 224 224 225 225 225 225 225 225 226 226 226 226 225 225 224 224 224 224 224 224 224 224 224 224 225 225 224 224 224 224 224 225 224 224 224 224 225 224 225 225 225 224 224 224 225 225 225 225 225 225 225 225 225 225 225 225 225 225 225 225 225 225 225 225 225 225 225 225 225 225 225 225 225 224 224 224 224 224 225 224 225 225 225 225 225 225 225 225 225 225 225 225 224 224 225 225 225 224 225 225 225 225 224 224 224 224 224 224 224 225 225 225 225 225 225 225 225 226 225 225 225 225 225 225 225 225 225 225 225 225 226 227 227 227 226 226 226 226 226 227 227 226 225 225 224 224 224 225 226 225 225 226 226 226 225 225 225 225 225 225 225 224 224 225 225 225 225 224 224 224 NA NA NA NA NA NA NA NA NA NA NA NA NA NA NA NA NA NA NA NA NA
NA NA NA NA NA NA NA NA NA NA NA NA NA NA NA NA NA NA NA NA NA NA NA NA NA NA NA NA NA NA NA NA NA NA NA NA NA NA NA NA NA NA NA NA NA NA NA NA NA NA NA NA NA NA NA NA NA NA NA NA NA NA NA NA NA NA NA NA NA NA NA NA NA NA NA NA NA NA NA NA NA NA NA NA NA NA NA NA NA NA NA NA NA NA NA NA NA NA NA NA NA NA NA NA NA NA NA NA NA NA NA NA NA NA NA NA NA NA NA NA NA NA NA NA NA NA NA NA NA NA NA NA NA NA NA NA NA NA NA NA NA NA NA NA NA NA NA NA NA NA NA NA 226 227 226 226 225 225 225 226 NA 225 224 225 225 225 224 225 225 225 225 225 225 225 224 225 225 224 224 224 224 224 224 224 224 224 224 224 224 225 225 225 226 225 224 224 225 225 225 224 225 224 225 225 224 225 225 225 225 226 NA NA NA NA NA NA NA NA NA NA NA NA NA NA NA NA NA NA NA NA NA NA NA NA NA NA NA NA NA NA NA NA NA NA NA NA NA NA NA NA NA NA NA NA NA NA NA NA NA NA NA NA NA NA NA NA NA NA NA NA NA NA NA NA NA NA NA NA NA NA NA NA NA NA NA NA NA NA NA NA NA 225 225 225 224 224 224 224 223 223 223 223 223 223 223 224 224 224 224 224 224 224 224 225 225 226 226 225 225 224 224 225 225 225 225 225 225 224 224 224 224 224 224 224 224 224 224 224 224 224 224 224 224 224 225 225 225 225 225 225 225 225 225 225 225 225 225 225 225 225 225 225 225 225 225 225 225 225 225 225 225 225 225 225 225 225 225 225 225 225 225 225 225 225 225 225 224 224 224 224 224 224 225 225 225 225 225 225 225 225 225 225 225 225 225 224 225 225 225 224 225 225 225 224 224 225 225 225 225 225 225 225 225 225 226 226 225 225 225 226 225 225 225 225 225 225 225 225 225 225 225 225 226 226 226 227 227 226 226 226 226 227 227 227 226 225 225 224 225 225 226 226 226 226 226 226 226 225 225 225 225 226 225 225 225 224 225 225 NA NA NA NA NA NA NA NA NA NA NA NA NA NA NA NA NA NA NA NA NA NA NA NA NA
NA NA NA NA NA NA NA NA NA NA NA NA NA NA NA NA NA NA NA NA NA NA NA NA NA NA NA NA NA NA NA NA NA NA NA NA NA NA NA NA NA NA NA NA NA NA NA NA NA NA NA NA NA NA NA NA NA NA NA NA NA NA NA NA NA NA NA NA NA NA NA NA NA NA NA NA NA NA NA NA NA NA NA NA NA NA NA NA NA NA NA NA NA NA NA NA NA NA NA NA NA NA NA NA NA NA NA NA NA NA NA NA NA NA NA NA NA NA NA NA NA NA NA NA NA NA NA NA NA NA NA NA NA NA NA NA NA NA NA NA NA NA NA NA NA NA NA NA NA NA NA NA NA 227 226 226 225 226 NA NA NA 225 225 224 224 224 224 224 225 224 225 224 225 225 224 224 225 225 224 224 224 225 224 224 224 224 224 224 224 225 225 225 226 225 224 224 224 225 225 224 224 224 224 224 224 225 225 225 225 225 NA NA NA NA NA NA NA NA NA NA NA NA NA NA NA NA NA NA NA NA NA NA NA NA NA NA NA NA NA NA NA NA NA NA NA NA NA NA NA NA NA NA NA NA NA NA NA NA NA NA NA NA NA NA NA NA NA NA NA NA NA NA NA NA NA NA NA NA NA NA NA NA NA NA NA NA NA NA NA NA NA 225 225 224 224 224 224 224 224 224 224 224 223 223 224 223 223 224 224 224 224 225 225 225 225 225 225 225 225 224 224 224 224 224 224 225 225 224 224 224 224 224 224 224 224 224 224 224 224 224 224 224 225 225 225 225 225 225 225 225 225 225 225 225 225 225 225 225 225 225 225 225 225 225 225 225 225 225 225 225 225 225 225 225 225 225 225 225 225 225 225 225 225 225 225 225 225 225 224 224 224 224 225 225 225 225 225 225 225 225 225 225 225 225 225 225 225 224 225 224 224 224 224 224 224 225 225 225 225 225 225 225 225 225 226 226 226 226 226 226 225 226 225 225 225 225 225 225 225 226 225 225 226 226 226 226 227 227 226 225 226 226 227 227 227 226 225 225 224 225 225 225 226 226 226 226 226 226 226 226 226 226 226 226 225 225 NA NA NA NA NA NA NA NA NA NA NA NA NA NA NA NA NA NA NA NA NA NA NA NA NA NA NA
NA NA NA NA NA NA NA NA NA NA NA NA NA NA NA NA NA NA NA NA NA NA NA NA NA NA NA NA NA NA NA NA NA NA NA NA NA NA NA NA NA NA NA NA NA NA NA NA NA NA NA NA NA NA NA NA NA NA NA NA NA NA NA NA NA NA NA NA NA NA NA NA NA NA NA NA NA NA NA NA NA NA NA NA NA NA NA NA NA NA NA NA NA NA NA NA NA NA NA NA NA NA NA NA NA NA NA NA NA NA NA NA NA NA NA NA NA NA NA NA NA NA NA NA NA NA NA NA NA NA NA NA NA NA NA NA NA NA NA NA NA NA NA NA NA NA NA NA NA NA NA NA NA NA NA 226 226 226 NA NA NA NA NA 225 225 224 224 224 224 224 224 224 225 225 224 224 224 224 224 224 224 224 225 224 224 224 224 224 225 225 225 225 226 225 224 224 224 224 224 224 224 224 224 224 NA NA NA 225 225 NA NA NA NA NA NA NA NA NA NA NA NA NA NA NA NA NA NA NA NA NA NA NA NA NA NA NA NA NA NA NA NA NA NA NA NA NA NA NA NA NA NA NA NA NA NA NA NA NA NA NA NA NA NA NA NA NA NA NA NA NA NA NA NA NA NA NA NA NA NA NA NA NA NA NA NA NA NA NA NA NA NA 225 225 225 225 224 224 224 224 224 224 224 223 224 224 224 224 224 224 224 224 225 224 225 224 225 226 226 225 224 224 224 224 224 224 225 225 225 224 224 224 224 224 224 224 224 224 224 224 224 224 224 225 225 225 225 225 225 225 225 225 225 225 225 225 225 225 225 225 225 225 225 225 225 225 225 225 225 225 225 225 225 225 225 225 225 225 225 225 225 225 225 225 225 225 225 225 225 225 225 224 224 225 225 225 225 225 225 225 225 225 225 225 225 225 225 225 225 224 225 224 225 225 224 224 224 224 224 224 225 225 225 225 225 226 226 226 226 226 226 226 226 226 226 226 225 225 225 225 225 225 225 225 225 226 226 226 227 227 226 226 226 226 227 227 226 224 225 225 225 225 225 225 225 226 226 226 226 226 226 226 226 226 226 226 225 NA NA NA NA NA NA NA NA NA NA NA NA NA NA NA NA NA NA NA NA NA NA NA NA NA NA NA
NA NA NA NA NA NA NA NA NA NA NA NA NA NA NA NA NA NA NA NA NA NA NA NA NA NA NA NA NA NA NA NA NA NA NA NA NA NA NA NA NA NA NA NA NA NA NA NA NA NA NA NA NA NA NA NA NA NA NA NA NA NA NA NA NA NA NA NA NA NA NA NA NA NA NA NA NA NA NA NA NA NA NA NA NA NA NA NA NA NA NA NA NA NA NA NA NA NA NA NA NA NA NA NA NA NA NA NA NA NA NA NA NA NA NA NA NA NA NA NA NA NA NA NA NA NA NA NA NA NA NA NA NA NA NA NA NA NA NA NA NA NA NA NA NA NA NA NA NA NA NA NA NA NA NA NA NA NA NA NA NA NA NA NA 225 225 225 225 225 225 225 225 224 224 224 224 224 224 224 224 224 225 224 224 224 224 224 224 225 225 225 224 225 224 224 224 224 224 224 224 225 225 225 NA NA NA NA 224 NA NA NA NA NA NA NA NA NA NA NA NA NA NA NA NA NA NA NA NA NA NA NA NA NA NA NA NA NA NA NA NA NA NA NA NA NA NA NA NA NA NA NA NA NA NA NA NA NA NA NA NA NA NA NA NA NA NA NA NA NA NA NA NA NA NA NA NA NA NA NA NA NA NA NA NA NA NA NA NA NA NA NA 225 225 225 225 224 224 224 224 224 224 224 224 224 225 225 224 224 224 225 225 225 225 225 225 225 225 225 225 225 225 225 224 224 224 224 224 225 225 225 224 224 224 224 224 224 224 224 224 224 224 224 225 225 225 225 225 225 225 225 225 225 225 225 225 225 225 225 225 225 225 225 225 225 225 225 225 225 225 225 225 225 225 225 225 225 225 225 225 225 224 225 225 225 225 225 225 225 225 225 225 225 225 225 225 225 225 225 225 225 225 224 225 225 225 225 225 225 225 225 225 225 225 225 225 225 225 224 224 225 225 225 225 225 225 225 226 225 225 226 226 226 227 226 226 226 226 225 225 225 225 225 225 225 225 226 226 227 227 227 226 225 225 226 225 225 224 226 226 225 225 225 225 225 226 226 226 227 227 227 227 226 225 226 226 225 NA NA NA NA NA NA NA NA NA NA NA NA NA NA NA NA NA NA NA NA NA NA NA NA NA NA NA
NA NA NA NA NA NA NA NA NA NA NA NA NA NA NA NA NA NA NA NA NA NA NA NA NA NA NA NA NA NA NA NA NA NA NA NA NA NA NA NA NA NA NA NA NA NA NA NA NA NA NA NA NA NA NA NA NA NA NA NA NA NA NA NA NA NA NA NA NA NA NA NA NA NA NA NA NA NA NA NA NA NA NA NA NA NA NA NA NA NA NA NA NA NA NA NA NA NA NA NA NA NA NA NA NA NA NA NA NA NA NA NA NA NA NA NA NA NA NA NA NA NA NA NA NA NA NA NA NA NA NA NA NA NA NA NA NA NA NA NA NA NA NA NA NA NA NA NA NA NA NA NA NA NA NA NA NA NA NA NA NA NA NA NA NA NA NA NA 225 225 225 225 225 224 224 224 224 224 224 224 224 225 225 224 224 224 225 225 224 225 225 224 224 225 226 226 226 224 224 224 225 225 NA NA NA NA NA NA NA NA NA NA NA NA NA NA NA NA NA NA NA NA NA NA NA NA NA NA NA NA NA NA NA NA NA NA NA NA NA NA NA NA NA NA NA NA NA NA NA NA NA NA NA NA NA NA NA NA NA NA NA NA NA NA NA NA NA NA NA NA NA NA NA NA NA NA NA NA NA NA NA NA NA NA NA NA NA NA NA NA 225 225 225 225 225 225 224 224 224 224 224 224 224 224 225 225 225 224 224 225 225 225 225 225 226 225 225 225 225 225 225 224 225 224 224 224 224 224 225 225 224 224 224 224 224 224 224 224 224 224 224 224 225 225 225 225 225 225 225 225 225 225 225 225 225 225 225 225 225 225 225 225 225 225 225 225 225 225 225 225 225 225 225 225 225 225 225 225 225 225 224 225 225 225 225 225 225 225 225 225 225 224 225 225 225 225 225 225 225 225 225 225 225 225 225 225 225 225 225 225 225 225 225 225 225 225 225 224 225 225 225 225 225 225 225 225 225 225 225 225 226 226 226 227 226 227 226 226 225 225 226 226 226 226 226 226 226 226 227 227 227 227 226 225 225 225 225 226 227 226 225 225 225 225 225 226 226 226 227 226 226 226 226 225 226 225 NA NA NA NA NA NA NA NA NA NA NA NA NA NA NA NA NA NA NA NA NA NA NA NA NA NA NA
NA NA NA NA NA NA NA NA NA NA NA NA NA NA NA NA NA NA NA NA NA NA NA NA NA NA NA NA NA NA NA NA NA NA NA NA NA NA NA NA NA NA NA NA NA NA NA NA NA NA NA NA NA NA NA NA NA NA NA NA NA NA NA NA NA NA NA NA NA NA NA NA NA NA NA NA NA NA NA NA NA NA NA NA NA NA NA NA NA NA NA NA NA NA NA NA NA NA NA NA NA NA NA NA NA NA NA NA NA NA NA NA NA NA NA NA NA NA NA NA NA NA NA NA NA NA NA NA NA NA NA NA NA NA NA NA NA NA NA NA NA NA NA NA NA NA NA NA NA NA NA NA NA NA NA NA NA NA NA NA NA NA NA NA NA NA NA NA NA 225 225 225 225 225 225 224 224 224 224 224 224 225 225 224 224 224 225 225 225 224 225 224 224 225 226 226 226 225 225 225 225 226 NA NA NA NA NA NA NA NA NA NA NA NA NA NA NA NA NA NA NA NA NA NA NA NA NA NA NA NA NA NA NA NA NA NA NA NA NA NA NA NA NA NA NA NA NA NA NA NA NA NA NA NA NA NA NA NA NA NA NA NA NA NA NA NA NA NA NA NA NA NA NA NA NA NA NA NA NA NA NA NA NA NA NA NA NA NA NA NA NA 225 225 225 225 224 224 224 225 225 224 225 225 225 225 224 224 224 224 224 224 225 225 225 225 225 225 225 225 225 224 224 224 224 224 224 224 224 225 225 224 224 224 225 225 225 224 224 224 224 224 224 225 225 225 225 225 225 225 225 225 225 225 225 225 225 225 225 225 225 225 225 225 225 225 225 225 225 225 225 225 225 225 225 225 225 225 224 225 225 224 224 225 225 225 225 224 225 224 224 224 224 225 225 225 225 225 225 225 226 225 225 225 225 226 225 225 226 225 226 225 225 225 225 225 225 224 224 224 225 225 225 225 225 225 225 225 225 225 226 226 226 226 226 227 227 226 226 226 225 226 227 226 226 226 226 226 226 226 226 227 227 227 226 225 225 225 226 227 227 226 225 226 225 226 226 226 226 226 226 226 226 226 226 NA NA NA NA NA NA NA NA NA NA NA NA NA NA NA NA NA NA NA NA NA NA NA NA NA NA NA NA NA
NA NA NA NA NA NA NA NA NA NA NA NA NA NA NA NA NA NA NA NA NA NA NA NA NA NA NA NA NA NA NA NA NA NA NA NA NA NA NA NA NA NA NA NA NA NA NA NA NA NA NA NA NA NA NA NA NA NA NA NA NA NA NA NA NA NA NA NA NA NA NA NA NA NA NA NA NA NA NA NA NA NA NA NA NA NA NA NA NA NA NA NA NA NA NA NA NA NA NA NA NA NA NA NA NA NA NA NA NA NA NA NA NA NA NA NA NA NA NA NA NA NA NA NA NA NA NA NA NA NA NA NA NA NA NA NA NA NA NA NA NA NA NA NA NA NA NA NA NA NA NA NA NA NA NA NA NA NA NA NA NA NA NA NA NA NA NA NA NA NA NA NA NA 225 225 225 225 224 224 224 224 225 224 224 224 224 225 225 224 224 224 224 225 225 226 226 226 226 226 225 226 NA NA NA NA NA NA NA NA NA NA NA NA NA NA NA NA NA NA NA NA NA NA NA NA NA NA NA NA NA NA NA NA NA NA NA NA NA NA NA NA NA NA NA NA NA NA NA NA NA NA NA NA NA NA NA NA NA NA NA NA NA NA NA NA NA NA NA NA NA NA NA NA NA NA NA NA NA NA NA NA NA NA NA NA NA NA NA NA NA NA 225 225 225 225 225 224 225 225 225 225 225 225 225 225 225 225 224 224 224 225 225 225 225 225 225 225 225 225 225 224 224 224 224 224 224 225 224 225 225 224 224 224 224 225 225 224 224 224 225 225 224 225 225 225 225 225 225 225 225 225 225 225 225 225 225 225 225 225 225 225 225 225 225 225 225 225 225 225 225 225 225 225 225 225 225 225 225 225 225 225 224 225 225 225 225 225 225 225 224 224 224 225 225 225 225 225 226 226 226 226 226 225 226 226 225 225 226 226 226 225 225 226 226 225 225 225 225 224 225 225 225 225 225 225 225 225 225 225 226 225 226 226 226 226 227 227 227 226 226 227 227 227 226 226 226 226 226 226 226 226 227 227 227 226 225 225 225 225 226 227 226 226 225 226 226 227 227 226 226 226 226 226 226 226 NA NA NA NA NA NA NA NA NA NA NA NA NA NA NA NA NA NA NA NA NA NA NA NA NA NA NA NA
NA NA NA NA NA NA NA NA NA NA NA NA NA NA NA NA NA NA NA NA NA NA NA NA NA NA NA NA NA NA NA NA NA NA NA NA NA NA NA NA NA NA NA NA NA NA NA NA NA NA NA NA NA NA NA NA NA NA NA NA NA NA NA NA NA NA NA NA NA NA NA NA NA NA NA NA NA NA NA NA NA NA NA NA NA NA NA NA NA NA NA NA NA NA NA NA NA NA NA NA NA NA NA NA NA NA NA NA NA NA NA NA NA NA NA NA NA NA NA NA NA NA NA NA NA NA NA NA NA NA NA NA NA NA NA NA NA NA NA NA NA NA NA NA NA NA NA NA NA NA NA NA NA NA NA NA NA NA NA NA NA NA NA NA NA NA NA NA NA NA NA NA NA NA NA 225 225 225 225 224 224 224 224 224 224 224 224 224 224 224 224 224 225 225 226 226 226 226 226 226 226 NA NA NA NA NA NA NA NA NA NA NA NA NA NA NA NA NA NA NA NA NA NA NA NA NA NA NA NA NA NA NA NA NA NA NA NA NA NA NA NA NA NA NA NA NA NA NA NA NA NA NA NA NA NA NA NA NA NA NA NA NA NA NA NA NA NA NA NA NA NA NA NA NA NA NA NA NA NA NA NA NA NA NA NA NA NA NA NA NA NA NA 225 225 225 225 224 224 224 225 225 225 225 225 225 225 225 225 224 224 225 225 225 224 224 225 225 225 225 225 224 224 224 224 225 224 225 224 225 225 225 224 224 224 224 224 224 225 225 225 225 225 225 225 225 225 225 225 225 225 225 225 225 225 225 225 225 225 225 225 225 225 225 225 225 225 225 225 225 225 225 225 225 225 225 225 225 225 225 225 225 225 224 225 224 224 224 225 225 225 225 225 225 225 225 225 225 225 225 225 225 226 226 226 225 225 225 226 226 226 225 226 226 226 226 226 226 225 224 224 224 226 226 226 226 225 225 225 225 225 225 225 226 226 226 226 227 227 227 227 227 227 227 227 227 227 226 226 227 227 226 226 226 226 226 226 225 225 225 226 227 227 226 226 226 226 227 227 226 226 226 226 226 226 226 NA NA NA NA NA NA NA NA NA NA NA NA NA NA NA NA NA NA NA NA NA NA NA NA NA NA NA NA
NA NA NA NA NA NA NA NA NA NA NA NA NA NA NA NA NA NA NA NA NA NA NA NA NA NA NA NA NA NA NA NA NA NA NA NA NA NA NA NA NA NA NA NA NA NA NA NA NA NA NA NA NA NA NA NA NA NA NA NA NA NA NA NA NA NA NA NA NA NA NA NA NA NA NA NA NA NA NA NA NA NA NA NA NA NA NA NA NA NA NA NA NA NA NA NA NA NA NA NA NA NA NA NA NA NA NA NA NA NA NA NA NA NA NA NA NA NA NA NA NA NA NA NA NA NA NA NA NA NA NA NA NA NA NA NA NA NA NA NA NA NA NA NA NA NA NA NA NA NA NA NA NA NA NA NA NA NA NA NA NA NA NA NA NA NA NA NA NA NA NA NA NA NA NA NA NA NA 225 225 224 224 224 224 224 224 224 224 224 224 225 225 225 225 226 225 226 226 226 226 226 NA NA NA NA NA NA NA NA NA NA NA NA NA NA NA NA NA NA NA NA NA NA NA NA NA NA NA NA NA NA NA NA NA NA NA NA NA NA NA NA NA NA NA NA NA NA NA NA NA NA NA NA NA NA NA NA NA NA NA NA NA NA NA NA NA NA NA NA NA NA NA NA NA NA NA NA NA NA NA NA NA NA NA NA NA NA NA NA NA NA NA NA 225 225 225 225 224 224 225 225 225 225 225 225 226 226 225 224 224 224 224 224 225 225 225 225 225 224 224 224 224 224 224 224 224 225 225 224 225 225 225 224 225 225 225 225 225 225 225 225 225 225 225 225 225 225 225 225 225 225 225 225 225 225 225 225 225 225 225 225 225 225 225 225 225 225 225 225 225 225 225 225 225 225 225 225 225 225 225 225 225 225 225 224 224 224 225 225 225 225 225 225 226 226 226 225 225 225 225 225 225 226 226 226 226 226 227 227 226 226 227 227 227 227 226 226 226 226 225 224 225 226 226 226 226 225 225 226 225 225 225 225 225 225 226 226 227 227 227 227 228 228 227 227 227 227 227 227 227 226 227 226 226 227 227 226 226 225 225 226 227 227 227 226 226 227 227 226 226 226 226 226 226 226 NA NA NA NA NA NA NA NA NA NA NA NA NA NA NA NA NA NA NA NA NA NA NA NA NA NA NA NA
NA NA NA NA NA NA NA NA NA NA NA NA NA NA NA NA NA NA NA NA NA NA NA NA NA NA NA NA NA NA NA NA NA NA NA NA NA NA NA NA NA NA NA NA NA NA NA NA NA NA NA NA NA NA NA NA NA NA NA NA NA NA NA NA NA NA NA NA NA NA NA NA NA NA NA NA NA NA NA NA NA NA NA NA NA NA NA NA NA NA NA NA NA NA NA NA NA NA NA NA NA NA NA NA NA NA NA NA NA NA NA NA NA NA NA NA NA NA NA NA NA NA NA NA NA NA NA NA NA NA NA NA NA NA NA NA NA NA NA NA NA NA NA NA NA NA NA NA NA NA NA NA NA NA NA NA NA NA NA NA NA NA NA NA NA NA NA NA NA NA NA NA NA NA NA NA NA NA NA NA NA NA 225 224 224 225 225 225 225 225 225 225 224 224 224 225 225 225 225 225 225 225 NA NA NA NA NA NA NA NA NA NA NA NA NA NA NA NA NA NA NA NA NA NA NA NA NA NA NA NA NA NA NA NA NA NA NA NA NA NA NA NA NA NA NA NA NA NA NA NA NA NA NA NA NA NA NA NA NA NA NA NA NA NA NA NA NA NA NA NA NA NA NA NA NA NA NA NA NA NA NA NA NA NA NA NA NA NA NA NA NA NA NA NA 225 225 225 225 225 225 225 225 225 225 225 225 225 224 224 224 224 224 224 225 225 225 225 225 224 224 224 224 224 224 224 224 224 225 224 224 224 224 224 225 225 225 225 225 225 225 225 224 225 225 225 225 225 225 225 225 225 225 225 225 225 225 225 225 225 225 225 225 226 225 225 225 225 226 225 225 225 225 225 225 225 226 225 226 226 226 226 226 226 226 226 226 226 225 226 226 226 226 226 226 226 226 226 226 226 226 225 225 226 226 226 226 227 227 228 227 227 227 228 228 228 227 226 227 227 226 225 225 225 225 226 226 226 226 227 227 226 226 225 226 226 225 226 226 226 227 227 228 227 227 227 226 227 226 226 226 227 227 227 226 226 227 227 226 225 225 225 226 226 226 227 227 227 226 226 226 226 226 226 NA NA NA NA NA NA NA NA NA NA NA NA NA NA NA NA NA NA NA NA NA NA NA NA NA NA NA NA NA NA
NA NA NA NA NA NA NA NA NA NA NA NA NA NA NA NA NA NA NA NA NA NA NA NA NA NA NA NA NA NA NA NA NA NA NA NA NA NA NA NA NA NA NA NA NA NA NA NA NA NA NA NA NA NA NA NA NA NA NA NA NA NA NA NA NA NA NA NA NA NA NA NA NA NA NA NA NA NA NA NA NA NA NA NA NA NA NA NA NA NA NA NA NA NA NA NA NA NA NA NA NA NA NA NA NA NA NA NA NA NA NA NA NA NA NA NA NA NA NA NA NA NA NA NA NA NA NA NA NA NA NA NA NA NA NA NA NA NA NA NA NA NA NA NA NA NA NA NA NA NA NA NA NA NA NA NA NA NA NA NA NA NA NA NA NA NA NA NA NA NA NA NA NA NA NA NA NA NA NA NA NA NA NA NA 224 225 225 225 225 225 225 225 224 224 224 225 225 225 225 225 225 225 226 NA NA NA NA NA NA NA NA NA NA NA NA NA NA NA NA NA NA NA NA NA NA NA NA NA NA NA NA NA NA NA NA NA NA NA NA NA NA NA NA NA NA NA NA NA NA NA NA NA NA NA NA NA NA NA NA NA NA NA NA NA NA NA NA NA NA NA NA NA NA NA NA NA NA NA NA NA NA NA NA NA NA NA NA NA NA NA NA NA NA NA NA 225 225 226 NA 226 226 226 226 226 225 225 225 224 224 224 224 224 224 224 225 225 225 225 224 224 224 224 225 225 224 224 224 224 224 224 224 224 224 225 225 224 224 224 224 224 224 224 224 224 225 225 225 224 225 225 225 225 225 225 225 225 225 225 225 225 225 226 225 225 226 226 225 225 225 225 225 225 225 226 226 225 226 226 226 226 226 226 226 226 226 226 226 225 226 226 226 226 225 226 226 226 226 226 226 227 226 225 225 226 226 226 227 227 228 227 227 227 228 228 228 228 228 228 227 227 226 226 226 225 226 227 227 227 227 227 227 226 226 226 227 226 226 226 226 227 227 227 227 227 227 227 227 227 227 226 227 227 227 226 226 227 227 226 226 225 225 226 227 227 227 227 227 226 226 226 226 226 226 NA NA NA NA NA NA NA NA NA NA NA NA NA NA NA NA NA NA NA NA NA NA NA NA NA NA NA NA NA NA
NA NA NA NA NA NA NA NA NA NA NA NA NA NA NA NA NA NA NA NA NA NA NA NA NA NA NA NA NA NA NA NA NA NA NA NA NA NA NA NA NA NA NA NA NA NA NA NA NA NA NA NA NA NA NA NA NA NA NA NA NA NA NA NA NA NA NA NA NA NA NA NA NA NA NA NA NA NA NA NA NA NA NA NA NA NA NA NA NA NA NA NA NA NA NA NA NA NA NA NA NA NA NA NA NA NA NA NA NA NA NA NA NA NA NA NA NA NA NA NA NA NA NA NA NA NA NA NA NA NA NA NA NA NA NA NA NA NA NA NA NA NA NA NA NA NA NA NA NA NA NA NA NA NA NA NA NA NA NA NA NA NA NA NA NA NA NA NA NA NA NA NA NA NA NA NA NA NA NA NA NA NA NA NA 224 225 225 225 225 225 225 225 225 224 225 225 225 225 226 226 225 226 226 226 NA NA NA NA NA NA NA NA NA NA NA NA NA NA NA NA NA NA NA NA NA NA NA NA NA NA NA NA NA NA NA NA NA NA NA NA NA NA NA NA NA NA NA NA NA NA NA NA NA NA NA NA NA NA NA NA NA NA NA NA NA NA NA NA NA NA NA NA NA NA NA NA NA NA NA NA NA NA NA NA NA NA NA NA NA NA NA NA NA NA NA NA NA NA NA NA NA NA NA 226 225 225 225 224 224 224 225 224 224 225 225 225 225 225 224 224 224 224 224 225 225 224 224 224 224 224 224 224 224 224 224 224 224 224 224 224 224 224 225 225 224 225 224 224 225 225 225 225 225 225 225 225 225 225 225 225 225 225 226 226 226 225 225 225 225 225 226 226 226 226 226 226 226 226 226 226 226 226 226 226 226 226 226 226 225 226 225 226 225 226 226 226 226 226 226 227 226 225 225 226 226 226 226 227 227 227 227 227 228 228 228 227 228 227 226 226 226 225 225 226 225 226 226 226 226 227 227 227 227 227 227 227 227 226 226 226 226 227 228 228 227 228 227 228 227 227 227 228 227 227 227 227 227 227 226 226 225 225 226 227 227 227 227 227 226 226 226 226 NA NA NA NA NA NA NA NA NA NA NA NA NA NA NA NA NA NA NA NA NA NA NA NA NA NA NA NA NA NA NA
NA NA NA NA NA NA NA NA NA NA NA NA NA NA NA NA NA NA NA NA NA NA NA NA NA NA NA NA NA NA NA NA NA NA NA NA NA NA NA NA NA NA NA NA NA NA NA NA NA NA NA NA NA NA NA NA NA NA NA NA NA NA NA NA NA NA NA NA NA NA NA NA NA NA NA NA NA NA NA NA NA NA NA NA NA NA NA NA NA NA NA NA NA NA NA NA NA NA NA NA NA NA NA NA NA NA NA NA NA NA NA NA NA NA NA NA NA NA NA NA NA NA NA NA NA NA NA NA NA NA NA NA NA NA NA NA NA NA NA NA NA NA NA NA NA NA NA NA NA NA NA NA NA NA NA NA NA NA NA NA NA NA NA NA NA NA NA NA NA NA NA NA NA NA NA NA NA NA NA NA NA NA NA NA 225 225 225 225 225 225 225 226 225 225 225 225 225 225 225 226 226 226 226 226 226 226 NA NA NA NA NA NA NA NA NA NA NA NA NA NA NA NA NA NA NA NA NA NA NA NA NA NA NA NA NA NA NA NA NA NA NA NA NA NA NA NA NA NA NA NA NA NA NA NA NA NA NA NA NA NA NA NA NA NA NA NA NA NA NA NA NA NA NA NA NA NA NA NA NA NA NA NA NA NA NA NA NA NA NA NA NA NA NA NA NA NA NA NA NA NA NA NA NA NA 225 225 225 225 225 225 225 224 225 225 225 225 224 224 224 224 225 225 224 224 225 225 224 224 224 224 224 224 224 224 224 224 224 224 224 224 224 224 225 225 225 225 225 225 225 225 225 225 225 225 225 225 225 225 225 225 225 225 225 225 225 225 225 225 225 226 226 226 226 225 225 226 226 226 226 226 226 226 226 226 226 226 226 226 226 225 225 225 225 226 226 226 226 226 226 226 226 226 225 226 226 226 226 227 227 228 228 228 228 227 227 226 226 226 226 226 226 226 226 226 226 226 227 226 226 226 227 227 228 228 228 227 227 227 227 227 227 227 227 228 227 228 228 228 227 227 228 228 NA NA NA NA NA 227 227 226 226 226 226 226 227 227 227 227 227 NA 227 227 NA NA NA NA NA NA NA NA NA NA NA NA NA NA NA NA NA NA NA NA NA NA NA NA NA NA NA NA NA NA NA
NA NA NA NA NA NA NA NA NA NA NA NA NA NA NA NA NA NA NA NA NA NA NA NA NA NA NA NA NA NA NA NA NA NA NA NA NA NA NA NA NA NA NA NA NA NA NA NA NA NA NA NA NA NA NA NA NA NA NA NA NA NA NA NA NA NA NA NA NA NA NA NA NA NA NA NA NA NA NA NA NA NA NA NA NA NA NA NA NA NA NA NA NA NA NA NA NA NA NA NA NA NA NA NA NA NA NA NA NA NA NA NA NA NA NA NA NA NA NA NA NA NA NA NA NA NA NA NA NA NA NA NA NA NA NA NA NA NA NA NA NA NA NA NA NA NA NA NA NA NA NA NA NA NA NA NA NA NA NA NA NA NA NA NA NA NA NA NA NA NA NA NA NA NA NA NA NA NA NA NA NA NA NA NA 225 225 225 226 225 226 226 226 226 226 226 226 226 226 225 226 226 226 226 227 NA NA NA NA NA NA NA NA NA NA NA NA NA NA NA NA NA NA NA NA NA NA NA NA NA NA NA NA NA NA NA NA NA NA NA NA NA NA NA NA NA NA NA NA NA NA NA NA NA NA NA NA NA NA NA NA NA NA NA NA NA NA NA NA NA NA NA NA NA NA NA NA NA NA NA NA NA NA NA NA NA NA NA NA NA NA NA NA NA NA NA NA NA NA NA NA NA NA NA NA 225 225 225 225 225 225 225 225 225 225 225 225 224 224 224 224 224 224 224 224 224 224 224 224 224 224 224 224 224 224 224 224 224 224 224 224 224 224 225 225 225 225 225 225 225 225 225 225 224 225 225 225 225 225 225 225 225 225 225 225 225 225 225 225 225 225 225 225 225 225 225 225 225 226 226 226 225 226 226 226 226 226 226 226 225 225 225 225 225 225 225 225 226 226 225 226 226 227 226 226 226 226 226 227 227 228 228 228 228 228 227 226 226 226 226 227 227 227 226 227 227 227 227 227 226 226 227 227 228 227 227 227 228 227 227 227 228 227 227 228 228 228 NA 228 227 227 228 NA NA NA NA NA NA NA NA NA NA NA 226 226 227 NA NA NA NA NA NA NA NA NA NA NA NA NA NA NA NA NA NA NA NA NA NA NA NA NA NA NA NA NA NA NA NA NA NA NA NA NA NA
NA NA NA NA NA NA NA NA NA NA NA NA NA NA NA NA NA NA NA NA NA NA NA NA NA NA NA NA NA NA NA NA NA NA NA NA NA NA NA NA NA NA NA NA NA NA NA NA NA NA NA NA NA NA NA NA NA NA NA NA NA NA NA NA NA NA NA NA NA NA NA NA NA NA NA NA NA NA NA NA NA NA NA NA NA NA NA NA NA NA NA NA NA NA NA NA NA NA NA NA NA NA NA NA NA NA NA NA NA NA NA NA NA NA NA NA NA NA NA NA NA NA NA NA NA NA NA NA NA NA NA NA NA NA NA NA NA NA NA NA NA NA NA NA NA NA NA NA NA NA NA NA NA NA NA NA NA NA NA NA NA NA NA NA NA NA NA NA NA NA NA NA NA NA NA NA NA NA NA NA NA NA NA 225 225 225 225 226 226 226 226 226 226 226 226 226 226 226 226 226 226 226 NA NA NA NA NA NA NA NA NA NA NA NA NA NA NA NA NA NA NA NA NA NA NA NA NA NA NA NA NA NA NA NA NA NA NA NA NA NA NA NA NA NA NA NA NA NA NA NA NA NA NA NA NA NA NA NA NA NA NA NA NA NA NA NA NA NA NA NA NA NA NA NA NA NA NA NA NA NA NA NA NA NA NA NA NA NA NA NA NA NA NA NA NA NA NA NA NA NA NA NA NA NA NA NA NA NA 226 NA NA NA NA NA 225 225 224 224 224 224 224 224 224 224 224 224 224 224 224 224 224 224 224 224 224 224 224 225 225 224 224 224 225 225 225 225 225 225 225 226 225 225 224 225 225 226 225 225 225 225 225 225 225 225 225 225 225 225 225 225 225 225 225 225 225 225 225 225 225 226 226 226 226 226 226 226 226 226 226 225 225 226 225 225 225 225 225 225 225 226 226 226 226 226 226 226 227 228 228 227 227 227 228 228 227 226 226 226 227 228 228 227 226 226 227 228 228 228 227 226 226 227 227 227 227 227 227 227 227 227 227 227 227 228 NA NA NA NA NA 228 228 NA NA NA NA NA NA NA NA NA NA NA NA 226 NA NA NA NA NA NA NA NA NA NA NA NA NA NA NA NA NA NA NA NA NA NA NA NA NA NA NA NA NA NA NA NA NA NA NA NA NA NA NA
NA NA NA NA NA NA NA NA NA NA NA NA NA NA NA NA NA NA NA NA NA NA NA NA NA NA NA NA NA NA NA NA NA NA NA NA NA NA NA NA NA NA NA NA NA NA NA NA NA NA NA NA NA NA NA NA NA NA NA NA NA NA NA NA NA NA NA NA NA NA NA NA NA NA NA NA NA NA NA NA NA NA NA NA NA NA NA NA NA NA NA NA NA NA NA NA NA NA NA NA NA NA NA NA NA NA NA NA NA NA NA NA NA NA NA NA NA NA NA NA NA NA NA NA NA NA NA NA NA NA NA NA NA NA NA NA NA NA NA NA NA NA NA NA NA NA NA NA NA NA NA NA NA NA NA NA NA NA NA NA NA NA NA NA NA NA NA NA NA NA NA NA NA NA NA NA NA NA NA NA NA NA NA 225 226 225 226 226 226 226 226 226 226 226 226 226 226 226 226 226 NA NA NA NA NA NA NA NA NA NA NA NA NA NA NA NA NA NA NA NA NA NA NA NA NA NA NA NA NA NA NA NA NA NA NA NA NA NA NA NA NA NA NA NA NA NA NA NA NA NA NA NA NA NA NA NA NA NA NA NA NA NA NA NA NA NA NA NA NA NA NA NA NA NA NA NA NA NA NA NA NA NA NA NA NA NA NA NA NA NA NA NA NA NA NA NA NA NA NA NA NA NA NA NA NA NA NA NA NA NA NA NA NA NA 225 225 225 224 224 224 225 225 224 225 224 224 224 224 224 224 224 224 224 224 224 224 224 225 225 224 224 224 225 226 225 225 226 225 226 226 225 225 225 225 225 226 225 225 225 225 225 225 225 225 225 225 225 225 225 225 225 225 225 225 225 225 225 225 226 226 226 226 226 226 225 226 226 226 226 226 226 226 225 226 225 225 224 225 225 225 225 225 226 226 226 226 227 228 227 227 227 227 228 228 228 227 226 227 227 228 228 227 227 227 227 228 228 227 226 226 226 226 227 227 227 227 227 227 227 227 227 227 227 228 NA NA NA NA NA NA NA NA NA NA NA NA NA NA NA NA NA NA NA NA NA NA NA NA NA NA NA NA NA NA NA NA NA NA NA NA NA NA NA NA NA NA NA NA NA NA NA NA NA NA NA NA NA NA NA NA NA NA NA
NA NA NA NA NA NA NA NA NA NA NA NA NA NA NA NA NA NA NA NA NA NA NA NA NA NA NA NA NA NA NA NA NA NA NA NA NA NA NA NA NA NA NA NA NA NA NA NA NA NA NA NA NA NA NA NA NA NA NA NA NA NA NA NA NA NA NA NA NA NA NA NA NA NA NA NA NA NA NA NA NA NA NA NA NA NA NA NA NA NA NA NA NA NA NA NA NA NA NA NA NA NA NA NA NA NA NA NA NA NA NA NA NA NA NA NA NA NA NA NA NA NA NA NA NA NA NA NA NA NA NA NA NA NA NA NA NA NA NA NA NA NA NA NA NA NA NA NA NA NA NA NA NA NA NA NA NA NA NA NA NA NA NA NA NA NA NA NA NA NA NA NA NA NA NA NA NA NA NA NA NA NA NA NA 226 226 227 227 226 227 227 227 227 226 226 226 227 227 NA NA NA NA NA NA NA NA NA NA NA NA NA NA NA NA NA NA NA NA NA NA NA NA NA NA NA NA NA NA NA NA NA NA NA NA NA NA NA NA NA NA NA NA NA NA NA NA NA NA NA NA NA NA NA NA NA NA NA NA NA NA NA NA NA NA NA NA NA NA NA NA NA NA NA NA NA NA NA NA NA NA NA NA NA NA NA NA NA NA NA NA NA NA NA NA NA NA NA NA NA NA NA NA NA NA NA NA NA NA NA NA NA NA NA NA 226 225 225 225 225 225 225 225 225 225 224 224 224 224 224 224 224 224 224 224 224 224 224 225 224 224 224 225 225 225 225 225 226 226 226 225 225 224 225 225 225 226 226 226 226 225 225 225 225 225 225 225 225 225 225 225 225 225 225 226 226 226 226 225 226 226 226 226 226 226 225 226 226 226 226 226 226 226 225 225 226 225 225 224 225 225 225 225 226 226 227 227 227 227 227 227 227 227 228 228 227 227 226 227 228 228 228 228 228 227 228 228 227 227 227 227 227 228 228 228 227 227 227 227 228 227 227 228 228 NA NA NA NA NA NA NA NA NA NA NA NA NA NA NA NA NA NA NA NA NA NA NA NA NA NA NA NA NA NA NA NA NA NA NA NA NA NA NA NA NA NA NA NA NA NA NA NA NA NA NA NA NA NA NA NA NA NA NA NA
NA NA NA NA NA NA NA NA NA NA NA NA NA NA NA NA NA NA NA NA NA NA NA NA NA NA NA NA NA NA NA NA NA NA NA NA NA NA NA NA NA NA NA NA NA NA NA NA NA NA NA NA NA NA NA NA NA NA NA NA NA NA NA NA NA NA NA NA NA NA NA NA NA NA NA NA NA NA NA NA NA NA NA NA NA NA NA NA NA NA NA NA NA NA NA NA NA NA NA NA NA NA NA NA NA NA NA NA NA NA NA NA NA NA NA NA NA NA NA NA NA NA NA NA NA NA NA NA NA NA NA NA NA NA NA NA NA NA NA NA NA NA NA NA NA NA NA NA NA NA NA NA NA NA NA NA NA NA NA NA NA NA NA NA NA NA NA NA NA NA NA NA NA NA NA NA NA NA NA NA NA NA NA NA 227 227 227 227 227 228 NA NA 227 227 226 226 227 NA NA NA NA NA NA NA NA NA NA NA NA NA NA NA NA NA NA NA NA NA NA NA NA NA NA NA NA NA NA NA NA NA NA NA NA NA NA NA NA NA NA NA NA NA NA NA NA NA NA NA NA NA NA NA NA NA NA NA NA NA NA NA NA NA NA NA NA NA NA NA NA NA NA NA NA NA NA NA NA NA NA NA NA NA NA NA NA NA NA NA NA NA NA NA NA NA NA NA NA NA NA NA NA NA NA NA NA NA NA NA NA NA NA NA NA 226 225 225 225 225 225 225 225 225 225 225 225 224 224 224 224 224 224 224 224 224 224 224 224 224 225 225 224 225 225 226 225 226 226 225 226 225 225 225 225 224 225 226 226 225 225 225 225 225 225 225 225 225 225 225 225 225 225 225 225 226 227 227 226 225 226 226 227 227 227 226 225 226 227 226 226 226 226 225 225 225 225 226 225 224 224 225 225 226 226 226 227 227 227 227 227 227 227 227 228 228 228 227 227 227 227 227 228 229 228 228 228 228 227 228 228 227 227 228 228 227 227 228 227 227 228 227 228 NA NA NA NA NA NA NA NA NA NA NA NA NA NA NA NA NA NA NA NA NA NA NA NA NA NA NA NA NA NA NA NA NA NA NA NA NA NA NA NA NA NA NA NA NA NA NA NA NA NA NA NA NA NA NA NA NA NA NA NA NA NA
NA NA NA NA NA NA NA NA NA NA NA NA NA NA NA NA NA NA NA NA NA NA NA NA NA NA NA NA NA NA NA NA NA NA NA NA NA NA NA NA NA NA NA NA NA NA NA NA NA NA NA NA NA NA NA NA NA NA NA NA NA NA NA NA NA NA NA NA NA NA NA NA NA NA NA NA NA NA NA NA NA NA NA NA NA NA NA NA NA NA NA NA NA NA NA NA NA NA NA NA NA NA NA NA NA NA NA NA NA NA NA NA NA NA NA NA NA NA NA NA NA NA NA NA NA NA NA NA NA NA NA NA NA NA NA NA NA NA NA NA NA NA NA NA NA NA NA NA NA NA NA NA NA NA NA NA NA NA NA NA NA NA NA NA NA NA NA NA NA NA NA NA NA NA NA NA NA NA NA NA NA NA NA NA NA 228 228 NA NA NA NA NA NA 227 227 NA NA NA NA NA NA NA NA NA NA NA NA NA NA NA NA NA NA NA NA NA NA NA NA NA NA NA NA NA NA NA NA NA NA NA NA NA NA NA NA NA NA NA NA NA NA NA NA NA NA NA NA NA NA NA NA NA NA NA NA NA NA NA NA NA NA NA NA NA NA NA NA NA NA NA NA NA NA NA NA NA NA NA NA NA NA NA NA NA NA NA NA NA NA NA NA NA NA NA NA NA NA NA NA NA NA NA NA NA NA NA NA NA NA NA NA NA NA 226 226 225 225 225 224 225 225 225 225 225 225 224 224 224 224 224 224 224 224 224 224 224 224 224 224 225 225 225 226 226 226 226 225 225 225 225 225 225 225 225 225 226 225 225 225 225 225 225 225 225 225 225 225 225 225 226 226 226 225 226 226 227 226 225 226 227 227 227 226 225 226 226 227 227 226 227 226 225 226 226 226 226 225 224 224 225 225 226 226 226 227 226 227 227 227 227 227 228 228 228 228 227 227 227 227 228 228 229 229 229 229 228 228 228 229 228 228 228 228 228 228 228 228 228 228 228 NA NA NA NA NA NA NA NA NA NA NA NA NA NA NA NA NA NA NA NA NA NA NA NA NA NA NA NA NA NA NA NA NA NA NA NA NA NA NA NA NA NA NA NA NA NA NA NA NA NA NA NA NA NA NA NA NA NA NA NA NA NA NA
NA NA NA NA NA NA NA NA NA NA NA NA NA NA NA NA NA NA NA NA NA NA NA NA NA NA NA NA NA NA NA NA NA NA NA NA NA NA NA NA NA NA NA NA NA NA NA NA NA NA NA NA NA NA NA NA NA NA NA NA NA NA NA NA NA NA NA NA NA NA NA NA NA NA NA NA NA NA NA NA NA NA NA NA NA NA NA NA NA NA NA NA NA NA NA NA NA NA NA NA NA NA NA NA NA NA NA NA NA NA NA NA NA NA NA NA NA NA NA NA NA NA NA NA NA NA NA NA NA NA NA NA NA NA NA NA NA NA NA NA NA NA NA NA NA NA NA NA NA NA NA NA NA NA NA NA NA NA NA NA NA NA NA NA NA NA NA NA NA NA NA NA NA NA NA NA NA NA NA NA NA NA NA NA NA NA NA NA NA NA NA NA NA NA NA NA NA NA NA NA NA NA NA NA NA NA NA NA NA NA NA NA NA NA NA NA NA NA NA NA NA NA NA NA NA NA NA NA NA NA NA NA NA NA NA NA NA NA NA NA NA NA NA NA NA NA NA NA NA NA NA NA NA NA NA NA NA NA NA NA NA NA NA NA NA NA NA NA NA NA NA NA NA NA NA NA NA NA NA NA NA NA NA NA NA NA NA NA NA NA NA NA NA NA NA NA NA NA NA NA NA NA NA NA NA NA NA NA NA NA NA NA 225 225 225 225 225 225 225 225 225 225 225 225 225 225 225 225 225 224 224 224 224 224 224 224 225 224 224 225 225 225 226 225 225 225 225 225 225 225 226 225 225 225 225 226 225 225 225 225 225 225 226 225 226 225 225 225 226 226 227 226 225 226 227 227 226 226 226 227 226 226 226 225 226 227 227 227 227 226 226 225 226 226 225 225 225 224 224 225 225 225 225 226 226 226 227 227 227 227 227 227 228 228 228 228 227 228 228 228 229 229 229 229 230 229 229 229 229 228 228 228 228 228 229 228 229 NA NA NA NA NA NA NA NA NA NA NA NA NA NA NA NA NA NA NA NA NA NA NA NA NA NA NA NA NA NA NA NA NA NA NA NA NA NA NA NA NA NA NA NA NA NA NA NA NA NA NA NA NA NA NA NA NA NA NA NA NA NA NA NA NA NA
NA NA NA NA NA NA NA NA NA NA NA NA NA NA NA NA NA NA NA NA NA NA NA NA NA NA NA NA NA NA NA NA NA NA NA NA NA NA NA NA NA NA NA NA NA NA NA NA NA NA NA NA NA NA NA NA NA NA NA NA NA NA NA NA NA NA NA NA NA NA NA NA NA NA NA NA NA NA NA NA NA NA NA NA NA NA NA NA NA NA NA NA NA NA NA NA NA NA NA NA NA NA NA NA NA NA NA NA NA NA NA NA NA NA NA NA NA NA NA NA NA NA NA NA NA NA NA NA NA NA NA NA NA NA NA NA NA NA NA NA NA NA NA NA NA NA NA NA NA NA NA NA NA NA NA NA NA NA NA NA NA NA NA NA NA NA NA NA NA NA NA NA NA NA NA NA NA NA NA NA NA NA NA NA NA NA NA NA NA NA NA NA NA NA NA NA NA NA NA NA NA NA NA NA NA NA NA NA NA NA NA NA NA NA NA NA NA NA NA NA NA NA NA NA NA NA NA NA NA NA NA NA NA NA NA NA NA NA NA NA NA NA NA NA NA NA NA NA NA NA NA NA NA NA NA NA NA NA NA NA NA NA NA NA NA NA NA NA NA NA NA NA NA NA NA NA NA NA NA NA NA NA NA NA NA NA NA NA NA NA NA NA NA NA NA NA NA NA NA NA NA NA NA NA NA NA NA NA NA NA NA NA 225 225 225 225 225 225 225 224 224 224 224 225 225 225 225 225 225 224 224 224 224 224 224 224 225 224 225 225 225 225 225 225 225 225 226 225 225 225 226 225 225 225 225 225 225 225 226 225 225 226 226 225 225 226 225 225 226 226 226 226 226 226 226 227 226 226 227 227 226 226 226 225 226 227 227 227 227 226 226 226 226 226 225 225 224 224 225 225 225 225 226 225 225 226 227 228 228 227 227 227 228 228 229 228 228 228 229 229 229 229 229 229 230 230 230 229 228 228 227 228 228 229 229 NA NA NA NA NA NA NA NA NA NA NA NA NA NA NA NA NA NA NA NA NA NA NA NA NA NA NA NA NA NA NA NA NA NA NA NA NA NA NA NA NA NA NA NA NA NA NA NA NA NA NA NA NA NA NA NA NA NA NA NA NA NA NA NA NA NA NA NA
NA NA NA NA NA NA NA NA NA NA NA NA NA NA NA NA NA NA NA NA NA NA NA NA NA NA NA NA NA NA NA NA NA NA NA NA NA NA NA NA NA NA NA NA NA NA NA NA NA NA NA NA NA NA NA NA NA NA NA NA NA NA NA NA NA NA NA NA NA NA NA NA NA NA NA NA NA NA NA NA NA NA NA NA NA NA NA NA NA NA NA NA NA NA NA NA NA NA NA NA NA NA NA NA NA NA NA NA NA NA NA NA NA NA NA NA NA NA NA NA NA NA NA NA NA NA NA NA NA NA NA NA NA NA NA NA NA NA NA NA NA NA NA NA NA NA NA NA NA NA NA NA NA NA NA NA NA NA NA NA NA NA NA NA NA NA NA NA NA NA NA NA NA NA NA NA NA NA NA NA NA NA NA NA NA NA NA NA NA NA NA NA NA NA NA NA NA NA NA NA NA NA NA NA NA NA NA NA NA NA NA NA NA NA NA NA NA NA NA NA NA NA NA NA NA NA NA NA NA NA NA NA NA NA NA NA NA NA NA NA NA NA NA NA NA NA NA NA NA NA NA NA NA NA NA NA NA NA NA NA NA NA NA NA NA NA NA NA NA NA NA NA NA NA NA NA NA NA NA NA NA NA NA NA NA NA NA NA NA NA NA NA NA NA NA NA NA NA NA NA NA NA NA NA NA NA NA NA NA NA NA NA NA 225 224 224 225 225 225 225 225 225 225 224 224 225 225 225 225 225 225 224 224 224 224 225 225 225 225 225 225 225 225 225 225 225 226 225 225 225 226 226 225 225 225 225 225 225 225 225 225 225 226 225 225 225 226 226 226 226 227 226 226 227 227 227 226 226 227 227 226 227 227 226 226 226 227 227 226 226 226 225 225 225 225 224 224 225 225 225 226 226 226 226 226 227 227 228 228 228 227 227 228 229 229 229 228 228 228 228 228 229 229 229 229 229 229 229 229 228 228 227 228 228 228 NA NA NA NA NA NA NA NA NA NA NA NA NA NA NA NA NA NA NA NA NA NA NA NA NA NA NA NA NA NA NA NA NA NA NA NA NA NA NA NA NA NA NA NA NA NA NA NA NA NA NA NA NA NA NA NA NA NA NA NA NA NA NA NA NA NA NA NA
NA NA NA NA NA NA NA NA NA NA NA NA NA NA NA NA NA NA NA NA NA NA NA NA NA NA NA NA NA NA NA NA NA NA NA NA NA NA NA NA NA NA NA NA NA NA NA NA NA NA NA NA NA NA NA NA NA NA NA NA NA NA NA NA NA NA NA NA NA NA NA NA NA NA NA NA NA NA NA NA NA NA NA NA NA NA NA NA NA NA NA NA NA NA NA NA NA NA NA NA NA NA NA NA NA NA NA NA NA NA NA NA NA NA NA NA NA NA NA NA NA NA NA NA NA NA NA NA NA NA NA NA NA NA NA NA NA NA NA NA NA NA NA NA NA NA NA NA NA NA NA NA NA NA NA NA NA NA NA NA NA NA NA NA NA NA NA NA NA NA NA NA NA NA NA NA NA NA NA NA NA NA NA NA NA NA NA NA NA NA NA NA NA NA NA NA NA NA NA NA NA NA NA NA NA NA NA NA NA NA NA NA NA NA NA NA NA NA NA NA NA NA NA NA NA NA NA NA NA NA NA NA NA NA NA NA NA NA NA NA NA NA NA NA NA NA NA NA NA NA NA NA NA NA NA NA NA NA NA NA NA NA NA NA NA NA NA NA NA NA NA NA NA NA NA NA NA NA NA NA NA NA NA NA NA NA NA NA NA NA NA NA NA NA NA NA NA NA NA NA NA NA NA NA NA NA NA NA NA NA NA 226 225 225 224 224 224 225 225 225 225 225 225 225 225 225 225 225 225 225 224 224 225 225 224 225 225 225 225 225 225 225 226 225 225 225 226 225 225 225 226 226 225 225 225 225 225 225 225 225 225 225 225 226 225 226 226 226 226 227 227 226 226 227 228 227 226 226 227 227 227 227 227 226 226 227 227 227 226 226 226 225 224 224 224 224 225 225 226 226 226 227 227 227 227 227 227 228 228 228 228 228 228 229 229 229 228 228 228 228 228 228 229 229 229 229 229 229 229 228 228 227 227 228 227 NA NA NA NA NA NA NA NA NA NA NA NA NA NA NA NA NA NA NA NA NA NA NA NA NA NA NA NA NA NA NA NA NA NA NA NA NA NA NA NA NA NA NA NA NA NA NA NA NA NA NA NA NA NA NA NA NA NA NA NA NA NA NA NA NA NA NA NA
NA NA NA NA NA NA NA NA NA NA NA NA NA NA NA NA NA NA NA NA NA NA NA NA NA NA NA NA NA NA NA NA NA NA NA NA NA NA NA NA NA NA NA NA NA NA NA NA NA NA NA NA NA NA NA NA NA NA NA NA NA NA NA NA NA NA NA NA NA NA NA NA NA NA NA NA NA NA NA NA NA NA NA NA NA NA NA NA NA NA NA NA NA NA NA NA NA NA NA NA NA NA NA NA NA NA NA NA NA NA NA NA NA NA NA NA NA NA NA NA NA NA NA NA NA NA NA NA NA NA NA NA NA NA NA NA NA NA NA NA NA NA NA NA NA NA NA NA NA NA NA NA NA NA NA NA NA NA NA NA NA NA NA NA NA NA NA NA NA NA NA NA NA NA NA NA NA NA NA NA NA NA NA NA NA NA NA NA NA NA NA NA NA NA NA NA NA NA NA NA NA NA NA NA NA NA NA NA NA NA NA NA NA NA NA NA NA NA NA NA NA NA NA NA NA NA NA NA NA NA NA NA NA NA NA NA NA NA NA NA NA NA NA NA NA NA NA NA NA NA NA NA NA NA NA NA NA NA NA NA NA NA NA NA NA NA NA NA NA NA NA NA NA NA NA NA NA NA NA NA NA NA NA NA NA NA NA NA NA NA NA NA NA NA NA NA NA NA NA NA NA NA NA NA NA NA NA NA NA NA NA 225 225 225 224 225 224 224 224 224 224 224 224 224 224 225 225 225 224 224 224 224 224 225 225 225 225 225 225 225 226 226 226 225 225 225 226 225 225 225 225 226 225 225 225 226 225 225 225 225 225 226 226 226 226 227 227 226 227 227 227 226 226 227 228 228 227 227 227 227 227 226 226 227 227 227 227 227 226 226 225 225 224 224 224 225 225 226 227 226 226 226 227 227 227 227 227 228 228 228 228 228 228 229 229 229 228 228 229 229 229 228 229 229 229 229 230 229 228 228 227 227 227 227 227 227 NA NA NA NA NA NA NA NA NA NA NA NA NA NA NA NA NA NA NA NA NA NA NA NA NA NA NA NA NA NA NA NA NA NA NA NA NA NA NA NA NA NA NA NA NA NA NA NA NA NA NA NA NA NA NA NA NA NA NA NA NA NA NA NA NA NA NA
NA NA NA NA NA NA NA NA NA NA NA NA NA NA NA NA NA NA NA NA NA NA NA NA NA NA NA NA NA NA NA NA NA NA NA NA NA NA NA NA NA NA NA NA NA NA NA NA NA NA NA NA NA NA NA NA NA NA NA NA NA NA NA NA NA NA NA NA NA NA NA NA NA NA NA NA NA NA NA NA NA NA NA NA NA NA NA NA NA NA NA NA NA NA NA NA NA NA NA NA NA NA NA NA NA NA NA NA NA NA NA NA NA NA NA NA NA NA NA NA NA NA NA NA NA NA NA NA NA NA NA NA NA NA NA NA NA NA NA NA NA NA NA NA NA NA NA NA NA NA NA NA NA NA NA NA NA NA NA NA NA NA NA NA NA NA NA NA NA NA NA NA NA NA NA NA NA NA NA NA NA NA NA NA NA NA NA NA NA NA NA NA NA NA NA NA NA NA NA NA NA NA NA NA NA NA NA NA NA NA NA NA NA NA NA NA NA NA NA NA NA NA NA NA NA NA NA NA NA NA NA NA NA NA NA NA NA NA NA NA NA NA NA NA NA NA NA NA NA NA NA NA NA NA NA NA NA NA NA NA NA NA NA NA NA NA NA NA NA NA NA NA NA NA NA NA NA NA NA NA NA NA NA NA NA NA NA NA NA NA NA NA NA NA NA NA NA NA NA NA NA NA NA NA NA NA NA NA NA NA NA 226 225 225 225 224 224 224 224 225 225 224 225 225 225 224 224 224 224 224 225 224 224 225 225 225 224 225 225 225 226 226 226 226 226 225 225 225 225 225 225 225 225 225 226 226 226 226 225 225 225 225 225 225 226 226 227 227 227 228 227 227 227 227 227 228 228 228 227 227 227 226 226 226 227 227 227 226 226 226 225 225 224 224 225 226 226 227 227 226 227 227 227 227 227 228 228 228 228 228 228 228 229 229 229 229 228 228 230 229 229 229 229 230 229 230 230 229 228 228 227 227 227 228 228 228 228 NA NA NA NA NA NA NA NA NA NA NA NA NA NA NA NA NA NA NA NA NA NA NA NA NA NA NA NA NA NA NA NA NA NA NA NA NA NA NA NA NA NA NA NA NA NA NA NA NA NA NA NA NA NA NA NA NA NA NA NA NA NA NA NA NA NA
NA NA NA NA NA NA NA NA NA NA NA NA NA NA NA NA NA NA NA NA NA NA NA NA NA NA NA NA NA NA NA NA NA NA NA NA NA NA NA NA NA NA NA NA NA NA NA NA NA NA NA NA NA NA NA NA NA NA NA NA NA NA NA NA NA NA NA NA NA NA NA NA NA NA NA NA NA NA NA NA NA NA NA NA NA NA NA NA NA NA NA NA NA NA NA NA NA NA NA NA NA NA NA NA NA NA NA NA NA NA NA NA NA NA NA NA NA NA NA NA NA NA NA NA NA NA NA NA NA NA NA NA NA NA NA NA NA NA NA NA NA NA NA NA NA NA NA NA NA NA NA NA NA NA NA NA NA NA NA NA NA NA NA NA NA NA NA NA NA NA NA NA NA NA NA NA NA NA NA NA NA NA NA NA NA NA NA NA NA NA NA NA NA NA NA NA NA NA NA NA NA NA NA NA NA NA NA NA NA NA NA NA NA NA NA NA NA NA NA NA NA NA NA NA NA NA NA NA NA NA NA NA NA NA NA NA NA NA NA NA NA NA NA NA NA NA NA NA NA NA NA NA NA NA NA NA NA NA NA NA NA NA NA NA NA NA NA NA NA NA NA NA NA NA NA NA NA NA NA NA NA NA NA NA NA NA NA NA NA NA NA NA NA NA NA NA NA NA NA NA NA NA NA NA NA NA NA NA NA NA NA 226 225 225 224 224 224 225 225 225 225 225 225 225 225 224 224 225 225 225 225 224 224 224 224 224 224 225 224 225 225 225 226 226 226 226 225 225 225 226 226 225 225 225 225 226 226 226 226 225 225 225 226 226 226 227 227 227 227 228 228 227 227 227 227 228 228 228 227 227 227 226 226 225 226 226 227 226 225 225 226 225 224 224 226 227 227 226 226 226 226 227 227 228 227 227 228 228 228 228 228 229 229 229 229 229 228 229 230 229 229 229 230 230 230 229 229 229 228 228 228 228 228 228 228 228 228 NA NA NA NA NA NA NA NA NA NA NA NA NA NA NA NA NA NA NA NA NA NA NA NA NA NA NA NA NA NA NA NA NA NA NA NA NA NA NA NA NA NA NA NA NA NA NA NA NA NA NA NA NA NA NA NA NA NA NA NA NA NA NA NA NA NA
NA NA NA NA NA NA NA NA NA NA NA NA NA NA NA NA NA NA NA NA NA NA NA NA NA NA NA NA NA NA NA NA NA NA NA NA NA NA NA NA NA NA NA NA NA NA NA NA NA NA NA NA NA NA NA NA NA NA NA NA NA NA NA NA NA NA NA NA NA NA NA NA NA NA NA NA NA NA NA NA NA NA NA NA NA NA NA NA NA NA NA NA NA NA NA NA NA NA NA NA NA NA NA NA NA NA NA NA NA NA NA NA NA NA NA NA NA NA NA NA NA NA NA NA NA NA NA NA NA NA NA NA NA NA NA NA NA NA NA NA NA NA NA NA NA NA NA NA NA NA NA NA NA NA NA NA NA NA NA NA NA NA NA NA NA NA NA NA NA NA NA NA NA NA NA NA NA NA NA NA NA NA NA NA NA NA NA NA NA NA NA NA NA NA NA NA NA NA NA NA NA NA NA NA NA NA NA NA NA NA NA NA NA NA NA NA NA NA NA NA NA NA NA NA NA NA NA NA NA NA NA NA NA NA NA NA NA NA NA NA NA NA NA NA NA NA NA NA NA NA NA NA NA NA NA NA NA NA NA NA NA NA NA NA NA NA NA NA NA NA NA NA NA NA NA NA NA NA NA NA NA NA NA NA NA NA NA NA NA NA NA NA NA NA NA NA NA NA NA NA NA NA NA NA NA NA NA NA NA NA NA 225 225 225 224 225 225 225 225 225 225 224 224 224 224 224 224 225 225 225 225 224 225 224 224 224 224 224 224 225 225 225 226 226 226 226 225 225 225 226 226 226 225 225 225 226 226 226 225 225 225 225 226 226 227 227 227 227 227 227 228 228 227 227 227 228 228 228 227 227 226 227 226 226 225 226 226 226 225 225 226 226 224 225 225 226 226 226 226 227 227 227 227 228 228 228 227 228 228 228 228 229 229 229 229 229 229 229 230 229 229 230 229 229 229 229 229 228 228 228 228 228 228 228 228 228 228 228 NA NA NA NA NA NA NA NA NA NA NA NA NA NA NA NA NA NA NA NA NA NA NA NA NA NA NA NA NA NA NA NA NA NA NA NA NA NA NA NA NA NA NA NA NA NA NA NA NA NA NA NA NA NA NA NA NA NA NA NA NA NA NA NA NA
NA NA NA NA NA NA NA NA NA NA NA NA NA NA NA NA NA NA NA NA NA NA NA NA NA NA NA NA NA NA NA NA NA NA NA NA NA NA NA NA NA NA NA NA NA NA NA NA NA NA NA NA NA NA NA NA NA NA NA NA NA NA NA NA NA NA NA NA NA NA NA NA NA NA NA NA NA NA NA NA NA NA NA NA NA NA NA NA NA NA NA NA NA NA NA NA NA NA NA NA NA NA NA NA NA NA NA NA NA NA NA NA NA NA NA NA NA NA NA NA NA NA NA NA NA NA NA NA NA NA NA NA NA NA NA NA NA NA NA NA NA NA NA NA NA NA NA NA NA NA NA NA NA NA NA NA NA NA NA NA NA NA NA NA NA NA NA NA NA NA NA NA NA NA NA NA NA NA NA NA NA NA NA NA NA NA NA NA NA NA NA NA NA NA NA NA NA NA NA NA NA NA NA NA NA NA NA NA NA NA NA NA NA NA NA NA NA NA NA NA NA NA NA NA NA NA NA NA NA NA NA NA NA NA NA NA NA NA NA NA NA NA NA NA NA NA NA NA NA NA NA NA NA NA NA NA NA NA NA NA NA NA NA NA NA NA NA NA NA NA NA NA NA NA NA NA NA NA NA NA NA NA NA NA NA NA NA NA NA NA NA NA NA NA NA NA NA NA NA NA NA NA NA NA NA NA NA NA NA NA 226 225 225 225 225 225 225 224 224 224 224 224 224 225 225 224 225 225 225 225 225 225 225 225 225 224 224 225 225 225 225 225 226 226 226 226 225 226 226 226 226 225 225 226 226 226 226 226 226 225 225 226 226 226 226 227 227 226 227 227 227 228 228 228 228 228 228 228 228 227 226 226 227 226 226 225 226 226 226 225 226 226 225 225 225 225 225 226 226 226 227 227 227 227 228 227 228 228 228 229 229 229 229 229 230 229 229 229 229 229 229 229 229 229 229 229 229 228 228 228 228 228 228 228 228 228 228 228 228 NA NA NA NA NA NA NA NA NA NA NA NA NA NA NA NA NA NA NA NA NA NA NA NA NA NA NA NA NA NA NA NA NA NA NA NA NA NA NA NA NA NA NA NA NA NA NA NA NA NA NA NA NA NA NA NA NA NA NA NA NA NA NA NA
NA NA NA NA NA NA NA NA NA NA NA NA NA NA NA NA NA NA NA NA NA NA NA NA NA NA NA NA NA NA NA NA NA NA NA NA NA NA NA NA NA NA NA NA NA NA NA NA NA NA NA NA NA NA NA NA NA NA NA NA NA NA NA NA NA NA NA NA NA NA NA NA NA NA NA NA NA NA NA NA NA NA NA NA NA NA NA NA NA NA NA NA NA NA NA NA NA NA NA NA NA NA NA NA NA NA NA NA NA NA NA NA NA NA NA NA NA NA NA NA NA NA NA NA NA NA NA NA NA NA NA NA NA NA NA NA NA NA NA NA NA NA NA NA NA NA NA NA NA NA NA NA NA NA NA NA NA NA NA NA NA NA NA NA NA NA NA NA NA NA NA NA NA NA NA NA NA NA NA NA NA NA NA NA NA NA NA NA NA NA NA NA NA NA NA NA NA NA NA NA NA NA NA NA NA NA NA NA NA NA NA NA NA NA NA NA NA NA NA NA NA NA NA NA NA NA NA NA NA NA NA NA NA NA NA NA NA NA NA NA NA NA NA NA NA NA NA NA NA NA NA NA NA NA NA NA NA NA NA NA NA NA NA NA NA NA NA NA NA NA NA NA NA NA NA NA NA NA NA NA NA NA NA NA NA NA NA NA NA NA NA NA NA NA NA NA NA NA NA NA NA NA NA NA NA NA NA NA NA 226 226 225 225 225 225 225 225 225 225 225 225 224 224 224 224 224 224 224 225 225 225 225 225 225 224 224 224 224 224 225 225 225 226 226 226 226 226 226 226 226 226 225 226 226 226 226 226 226 226 225 225 225 226 226 226 226 226 226 227 227 227 227 228 228 228 228 227 227 228 227 227 226 226 226 226 226 225 226 226 225 226 225 225 226 226 227 227 227 226 226 227 227 227 227 227 227 228 228 228 228 228 229 229 229 230 229 229 229 229 229 229 229 229 229 229 229 229 228 228 228 228 228 228 228 228 228 228 228 228 229 NA NA NA NA NA NA NA NA NA NA NA NA NA NA NA NA NA NA NA NA NA NA NA NA NA NA NA NA NA NA NA NA NA NA NA NA NA NA NA NA NA NA NA NA NA NA NA NA NA NA NA NA NA NA NA NA NA NA NA NA NA NA NA
NA NA NA NA NA NA NA NA NA NA NA NA NA NA NA NA NA NA NA NA NA NA NA NA NA NA NA NA NA NA NA NA NA NA NA NA NA NA NA NA NA NA NA NA NA NA NA NA NA NA NA NA NA NA NA NA NA NA NA NA NA NA NA NA NA NA NA NA NA NA NA NA NA NA NA NA NA NA NA NA NA NA NA NA NA NA NA NA NA NA NA NA NA NA NA NA NA NA NA NA NA NA NA NA NA NA NA NA NA NA NA NA NA NA NA NA NA NA NA NA NA NA NA NA NA NA NA NA NA NA NA NA NA NA NA NA NA NA NA NA NA NA NA NA NA NA NA NA NA NA NA NA NA NA NA NA NA NA NA NA NA NA NA NA NA NA NA NA NA NA NA NA NA NA NA NA NA NA NA NA NA NA NA NA NA NA NA NA NA NA NA NA NA NA NA NA NA NA NA NA NA NA NA NA NA NA NA NA NA NA NA NA NA NA NA NA NA NA NA NA NA NA NA NA NA NA NA NA NA NA NA NA NA NA NA NA NA NA NA NA NA NA NA NA NA NA NA NA NA NA NA NA NA NA NA NA NA NA NA NA NA NA NA NA NA NA NA NA NA NA NA NA NA NA NA NA NA NA NA NA NA NA NA NA NA NA NA NA NA NA NA NA NA NA NA NA NA NA NA NA NA NA NA NA NA NA NA NA NA NA 226 226 NA NA NA NA 225 225 225 NA 225 225 225 224 224 225 224 225 225 225 225 225 225 225 224 225 225 225 225 225 225 225 225 225 226 226 226 226 226 226 226 226 226 226 226 226 226 226 226 225 225 226 226 226 226 226 226 226 226 227 227 228 228 228 227 227 227 228 228 227 227 227 227 227 226 226 226 225 226 225 226 226 226 226 226 226 227 227 227 227 227 227 227 228 227 227 227 228 228 227 228 228 229 229 230 229 229 229 229 229 229 229 229 229 229 229 229 229 228 228 228 228 229 228 228 228 228 228 228 228 229 229 NA NA NA NA NA NA NA NA NA NA NA NA NA NA NA NA NA NA NA NA NA NA NA NA NA NA NA NA NA NA NA NA NA NA NA NA NA NA NA NA NA NA NA NA NA NA NA NA NA NA NA NA NA NA NA NA NA NA NA NA NA
NA NA NA NA NA NA NA NA NA NA NA NA NA NA NA NA NA NA NA NA NA NA NA NA NA NA NA NA NA NA NA NA NA NA NA NA NA NA NA NA NA NA NA NA NA NA NA NA NA NA NA NA NA NA NA NA NA NA NA NA NA NA NA NA NA NA NA NA NA NA NA NA NA NA NA NA NA NA NA NA NA NA NA NA NA NA NA NA NA NA NA NA NA NA NA NA NA NA NA NA NA NA NA NA NA NA NA NA NA NA NA NA NA NA NA NA NA NA NA NA NA NA NA NA NA NA NA NA NA NA NA NA NA NA NA NA NA NA NA NA NA NA NA NA NA NA NA NA NA NA NA NA NA NA NA NA NA NA NA NA NA NA NA NA NA NA NA NA NA NA NA NA NA NA NA NA NA NA NA NA NA NA NA NA NA NA NA NA NA NA NA NA NA NA NA NA NA NA NA NA NA NA NA NA NA NA NA NA NA NA NA NA NA NA NA NA NA NA NA NA NA NA NA NA NA NA NA NA NA NA NA NA NA NA NA NA NA NA NA NA NA NA NA NA NA NA NA NA NA NA NA NA NA NA NA NA NA NA NA NA NA NA NA NA NA NA NA NA NA NA NA NA NA NA NA NA NA NA NA NA NA NA NA NA NA NA NA NA NA NA NA NA NA NA NA NA NA NA NA NA NA NA NA NA NA NA NA NA NA NA NA NA NA NA NA NA NA NA NA NA NA NA 225 225 225 225 225 225 226 226 225 225 225 225 225 225 225 225 225 225 225 224 225 225 226 226 226 226 226 226 226 226 227 227 226 226 226 226 226 226 226 226 226 226 226 226 226 227 227 227 227 227 227 227 227 227 227 227 228 227 227 227 227 227 227 226 226 226 226 226 226 227 226 226 226 226 226 226 226 227 227 227 227 227 228 228 227 227 227 227 227 228 228 229 229 230 230 229 229 229 229 229 229 229 229 229 229 229 228 228 228 228 229 229 228 228 228 228 228 228 228 229 NA NA NA NA NA NA NA NA NA NA NA NA NA NA NA NA NA NA NA NA NA NA NA NA NA NA NA NA NA NA NA NA NA NA NA NA NA NA NA NA NA NA NA NA NA NA NA NA NA NA NA NA NA NA NA NA NA NA NA NA NA
NA NA NA NA NA NA NA NA NA NA NA NA NA NA NA NA NA NA NA NA NA NA NA NA NA NA NA NA NA NA NA NA NA NA NA NA NA NA NA NA NA NA NA NA NA NA NA NA NA NA NA NA NA NA NA NA NA NA NA NA NA NA NA NA NA NA NA NA NA NA NA NA NA NA NA NA NA NA NA NA NA NA NA NA NA NA NA NA NA NA NA NA NA NA NA NA NA NA NA NA NA NA NA NA NA NA NA NA NA NA NA NA NA NA NA NA NA NA NA NA NA NA NA NA NA NA NA NA NA NA NA NA NA NA NA NA NA NA NA NA NA NA NA NA NA NA NA NA NA NA NA NA NA NA NA NA NA NA NA NA NA NA NA NA NA NA NA NA NA NA NA NA NA NA NA NA NA NA NA NA NA NA NA NA NA NA NA NA NA NA NA NA NA NA NA NA NA NA NA NA NA NA NA NA NA NA NA NA NA NA NA NA NA NA NA NA NA NA NA NA NA NA NA NA NA NA NA NA NA NA NA NA NA NA NA NA NA NA NA NA NA NA NA NA NA NA NA NA NA NA NA NA NA NA NA NA NA NA NA NA NA NA NA NA NA NA NA NA NA NA NA NA NA NA NA NA NA NA NA NA NA NA NA NA NA NA NA NA NA NA NA NA NA NA NA NA NA NA NA NA NA NA NA NA NA NA NA NA NA NA NA NA NA NA NA NA NA NA NA NA NA NA NA NA 225 225 226 NA NA NA 226 226 226 225 225 225 225 225 225 225 225 225 225 226 226 226 226 226 226 226 226 227 226 226 226 226 226 226 226 226 226 226 226 226 226 227 227 227 226 226 227 227 227 227 227 227 227 227 227 227 227 227 227 226 227 227 226 226 226 226 226 226 226 226 226 226 226 226 226 226 226 226 227 227 227 228 228 228 228 227 228 228 228 228 229 230 230 230 230 230 229 229 229 229 229 229 229 229 229 229 228 228 228 229 228 228 228 228 228 229 229 229 NA NA NA NA NA NA NA NA NA NA NA NA NA NA NA NA NA NA NA NA NA NA NA NA NA NA NA NA NA NA NA NA NA NA NA NA NA NA NA NA NA NA NA NA NA NA NA NA NA NA NA NA NA NA NA NA NA NA NA NA NA
NA NA NA NA NA NA NA NA NA NA NA NA NA NA NA NA NA NA NA NA NA NA NA NA NA NA NA NA NA NA NA NA NA NA NA NA NA NA NA NA NA NA NA NA NA NA NA NA NA NA NA NA NA NA NA NA NA NA NA NA NA NA NA NA NA NA NA NA NA NA NA NA NA NA NA NA NA NA NA NA NA NA NA NA NA NA NA NA NA NA NA NA NA NA NA NA NA NA NA NA NA NA NA NA NA NA NA NA NA NA NA NA NA NA NA NA NA NA NA NA NA NA NA NA NA NA NA NA NA NA NA NA NA NA NA NA NA NA NA NA NA NA NA NA NA NA NA NA NA NA NA NA NA NA NA NA NA NA NA NA NA NA NA NA NA NA NA NA NA NA NA NA NA NA NA NA NA NA NA NA NA NA NA NA NA NA NA NA NA NA NA NA NA NA NA NA NA NA NA NA NA NA NA NA NA NA NA NA NA NA NA NA NA NA NA NA NA NA NA NA NA NA NA NA NA NA NA NA NA NA NA NA NA NA NA NA NA NA NA NA NA NA NA NA NA NA NA NA NA NA NA NA NA NA NA NA NA NA NA NA NA NA NA NA NA NA NA NA NA NA NA NA NA NA NA NA NA NA NA NA NA NA NA NA NA NA NA NA NA NA NA NA NA NA NA NA NA NA NA NA NA NA NA NA NA NA NA NA NA NA NA NA NA NA NA NA NA NA NA NA NA NA NA NA NA NA NA NA NA NA NA NA NA 226 226 225 226 225 225 225 225 225 225 225 226 226 226 226 226 226 226 227 226 226 227 226 226 226 226 226 226 226 226 226 226 226 226 226 227 227 227 227 227 227 227 227 227 227 227 227 227 227 227 226 226 226 226 226 226 226 226 226 226 226 226 226 226 226 226 226 226 227 226 227 227 227 228 228 228 228 228 229 229 229 229 230 229 230 230 230 229 229 229 229 229 229 229 229 229 229 228 228 228 229 229 228 228 228 228 229 NA NA NA NA NA NA NA NA NA NA NA NA NA NA NA NA NA NA NA NA NA NA NA NA NA NA NA NA NA NA NA NA NA NA NA NA NA NA NA NA NA NA NA NA NA NA NA NA NA NA NA NA NA NA NA NA NA NA NA NA NA NA NA
NA NA NA NA NA NA NA NA NA NA NA NA NA NA NA NA NA NA NA NA NA NA NA NA NA NA NA NA NA NA NA NA NA NA NA NA NA NA NA NA NA NA NA NA NA NA NA NA NA NA NA NA NA NA NA NA NA NA NA NA NA NA NA NA NA NA NA NA NA NA NA NA NA NA NA NA NA NA NA NA NA NA NA NA NA NA NA NA NA NA NA NA NA NA NA NA NA NA NA NA NA NA NA NA NA NA NA NA NA NA NA NA NA NA NA NA NA NA NA NA NA NA NA NA NA NA NA NA NA NA NA NA NA NA NA NA NA NA NA NA NA NA NA NA NA NA NA NA NA NA NA NA NA NA NA NA NA NA NA NA NA NA NA NA NA NA NA NA NA NA NA NA NA NA NA NA NA NA NA NA NA NA NA NA NA NA NA NA NA NA NA NA NA NA NA NA NA NA NA NA NA NA NA NA NA NA NA NA NA NA NA NA NA NA NA NA NA NA NA NA NA NA NA NA NA NA NA NA NA NA NA NA NA NA NA NA NA NA NA NA NA NA NA NA NA NA NA NA NA NA NA NA NA NA NA NA NA NA NA NA NA NA NA NA NA NA NA NA NA NA NA NA NA NA NA NA NA NA NA NA NA NA NA NA NA NA NA NA NA NA NA NA NA NA NA NA NA NA NA NA NA NA NA NA NA NA NA NA NA NA NA NA NA NA NA NA NA NA NA NA NA NA NA NA NA NA NA NA NA NA NA NA NA 226 226 225 225 226 225 225 225 225 225 225 226 226 226 226 226 226 226 227 227 227 227 226 226 226 227 227 226 226 226 226 226 226 226 227 227 226 227 227 227 227 227 226 226 226 226 227 227 227 227 227 226 226 226 226 226 226 226 226 226 226 226 226 226 226 226 226 226 226 227 227 227 227 227 227 228 228 228 228 228 228 229 229 229 229 229 229 229 229 229 229 229 229 229 229 229 229 229 229 228 229 229 229 228 228 229 NA NA NA NA NA NA NA NA NA NA NA NA NA NA NA NA NA NA NA NA NA NA NA NA NA NA NA NA NA NA NA NA NA NA NA NA NA NA NA NA NA NA NA NA NA NA NA NA NA NA NA NA NA NA NA NA NA NA NA NA NA NA NA NA
NA NA NA NA NA NA NA NA NA NA NA NA NA NA NA NA NA NA NA NA NA NA NA NA NA NA NA NA NA NA NA NA NA NA NA NA NA NA NA NA NA NA NA NA NA NA NA NA NA NA NA NA NA NA NA NA NA NA NA NA NA NA NA NA NA NA NA NA NA NA NA NA NA NA NA NA NA NA NA NA NA NA NA NA NA NA NA NA NA NA NA NA NA NA NA NA NA NA NA NA NA NA NA NA NA NA NA NA NA NA NA NA NA NA NA NA NA NA NA NA NA NA NA NA NA NA NA NA NA NA NA NA NA NA NA NA NA NA NA NA NA NA NA NA NA NA NA NA NA NA NA NA NA NA NA NA NA NA NA NA NA NA NA NA NA NA NA NA NA NA NA NA NA NA NA NA NA NA NA NA NA NA NA NA NA NA NA NA NA NA NA NA NA NA NA NA NA NA NA NA NA NA NA NA NA NA NA NA NA NA NA NA NA NA NA NA NA NA NA NA NA NA NA NA NA NA NA NA NA NA NA NA NA NA NA NA NA NA NA NA NA NA NA NA NA NA NA NA NA NA NA NA NA NA NA NA NA NA NA NA NA NA NA NA NA NA NA NA NA NA NA NA NA NA NA NA NA NA NA NA NA NA NA NA NA NA NA NA NA NA NA NA NA NA NA NA NA NA NA NA NA NA NA NA NA NA NA NA NA NA NA NA NA NA NA NA NA NA NA NA NA NA NA NA NA NA NA NA NA NA NA NA 226 226 226 226 225 225 225 226 225 225 225 226 226 226 226 226 226 226 226 227 227 227 227 227 227 227 227 227 226 226 226 226 226 226 226 226 226 226 227 227 227 227 227 227 227 226 226 226 227 227 226 226 227 227 226 226 226 226 226 226 226 226 226 226 226 226 226 226 226 226 226 227 227 227 227 227 227 227 228 227 227 228 229 228 228 229 229 229 229 229 229 229 229 230 230 229 229 229 229 229 229 229 230 230 230 229 229 NA NA NA NA NA NA NA NA NA NA NA NA NA NA NA NA NA NA NA NA NA NA NA NA NA NA NA NA NA NA NA NA NA NA NA NA NA NA NA NA NA NA NA NA NA NA NA NA NA NA NA NA NA NA NA NA NA NA NA NA NA NA NA NA
NA NA NA NA NA NA NA NA NA NA NA NA NA NA NA NA NA NA NA NA NA NA NA NA NA NA NA NA NA NA NA NA NA NA NA NA NA NA NA NA NA NA NA NA NA NA NA NA NA NA NA NA NA NA NA NA NA NA NA NA NA NA NA NA NA NA NA NA NA NA NA NA NA NA NA NA NA NA NA NA NA NA NA NA NA NA NA NA NA NA NA NA NA NA NA NA NA NA NA NA NA NA NA NA NA NA NA NA NA NA NA NA NA NA NA NA NA NA NA NA NA NA NA NA NA NA NA NA NA NA NA NA NA NA NA NA NA NA NA NA NA NA NA NA NA NA NA NA NA NA NA NA NA NA NA NA NA NA NA NA NA NA NA NA NA NA NA NA NA NA NA NA NA NA NA NA NA NA NA NA NA NA NA NA NA NA NA NA NA NA NA NA NA NA NA NA NA NA NA NA NA NA NA NA NA NA NA NA NA NA NA NA NA NA NA NA NA NA NA NA NA NA NA NA NA NA NA NA NA NA NA NA NA NA NA NA NA NA NA NA NA NA NA NA NA NA NA NA NA NA NA NA NA NA NA NA NA NA NA NA NA NA NA NA NA NA NA NA NA NA NA NA NA NA NA NA NA NA NA NA NA NA NA NA NA NA NA NA NA NA NA NA NA NA NA NA NA NA NA NA NA NA NA NA NA NA NA NA NA NA NA NA NA NA NA NA NA NA NA NA NA NA NA NA NA NA NA NA NA NA NA NA NA NA NA NA NA NA NA 226 225 225 226 226 227 227 226 226 227 227 227 NA 227 227 227 227 227 227 227 226 226 226 226 226 226 226 226 226 226 226 227 227 227 227 227 227 227 226 226 227 226 227 227 227 227 226 226 226 226 226 226 227 226 226 226 226 226 226 226 226 226 226 226 226 226 226 226 226 226 227 227 227 227 228 228 229 228 228 229 229 229 229 229 229 229 230 230 230 230 230 230 230 230 230 230 230 230 230 230 NA NA NA NA NA NA NA NA NA NA NA NA NA NA NA NA NA NA NA NA NA NA NA NA NA NA NA NA NA NA NA NA NA NA NA NA NA NA NA NA NA NA NA NA NA NA NA NA NA NA NA NA NA NA NA NA NA NA NA NA NA NA NA NA
NA NA NA NA NA NA NA NA NA NA NA NA NA NA NA NA NA NA NA NA NA NA NA NA NA NA NA NA NA NA NA NA NA NA NA NA NA NA NA NA NA NA NA NA NA NA NA NA NA NA NA NA NA NA NA NA NA NA NA NA NA NA NA NA NA NA NA NA NA NA NA NA NA NA NA NA NA NA NA NA NA NA NA NA NA NA NA NA NA NA NA NA NA NA NA NA NA NA NA NA NA NA NA NA NA NA NA NA NA NA NA NA NA NA NA NA NA NA NA NA NA NA NA NA NA NA NA NA NA NA NA NA NA NA NA NA NA NA NA NA NA NA NA NA NA NA NA NA NA NA NA NA NA NA NA NA NA NA NA NA NA NA NA NA NA NA NA NA NA NA NA NA NA NA NA NA NA NA NA NA NA NA NA NA NA NA NA NA NA NA NA NA NA NA NA NA NA NA NA NA NA NA NA NA NA NA NA NA NA NA NA NA NA NA NA NA NA NA NA NA NA NA NA NA NA NA NA NA NA NA NA NA NA NA NA NA NA NA NA NA NA NA NA NA NA NA NA NA NA NA NA NA NA NA NA NA NA NA NA NA NA NA NA NA NA NA NA NA NA NA NA NA NA NA NA NA NA NA NA NA NA NA NA NA NA NA NA NA NA NA NA NA NA NA NA NA NA NA NA NA NA NA NA NA NA NA NA NA NA NA NA NA NA NA NA NA NA NA NA NA NA NA NA NA NA NA NA NA NA NA NA NA NA NA NA NA NA NA NA 226 225 226 226 226 NA NA NA NA NA NA NA NA NA 226 226 226 226 226 226 226 226 226 226 226 226 226 226 226 227 227 227 227 227 227 227 227 227 227 227 226 226 226 227 227 227 227 227 226 226 226 226 227 226 227 227 226 226 226 226 226 226 226 226 226 226 226 226 226 227 227 227 227 227 227 228 228 228 229 229 229 229 229 229 229 229 230 230 230 230 230 231 230 230 230 230 230 230 NA NA NA NA NA NA NA NA NA NA NA NA NA NA NA NA NA NA NA NA NA NA NA NA NA NA NA NA NA NA NA NA NA NA NA NA NA NA NA NA NA NA NA NA NA NA NA NA NA NA NA NA NA NA NA NA NA NA NA NA NA NA NA NA NA NA
NA NA NA NA NA NA NA NA NA NA NA NA NA NA NA NA NA NA NA NA NA NA NA NA NA NA NA NA NA NA NA NA NA NA NA NA NA NA NA NA NA NA NA NA NA NA NA NA NA NA NA NA NA NA NA NA NA NA NA NA NA NA NA NA NA NA NA NA NA NA NA NA NA NA NA NA NA NA NA NA NA NA NA NA NA NA NA NA NA NA NA NA NA NA NA NA NA NA NA NA NA NA NA NA NA NA NA NA NA NA NA NA NA NA NA NA NA NA NA NA NA NA NA NA NA NA NA NA NA NA NA NA NA NA NA NA NA NA NA NA NA NA NA NA NA NA NA NA NA NA NA NA NA NA NA NA NA NA NA NA NA NA NA NA NA NA NA NA NA NA NA NA NA NA NA NA NA NA NA NA NA NA NA NA NA NA NA NA NA NA NA NA NA NA NA NA NA NA NA NA NA NA NA NA NA NA NA NA NA NA NA NA NA NA NA NA NA NA NA NA NA NA NA NA NA NA NA NA NA NA NA NA NA NA NA NA NA NA NA NA NA NA NA NA NA NA NA NA NA NA NA NA NA NA NA NA NA NA NA NA NA NA NA NA NA NA NA NA NA NA NA NA NA NA NA NA NA NA NA NA NA NA NA NA NA NA NA NA NA NA NA NA NA NA NA NA NA NA NA NA NA NA NA NA NA NA NA NA NA NA NA NA NA NA NA NA NA NA NA NA NA NA NA NA NA NA NA NA NA NA NA NA NA NA NA NA NA NA NA 226 226 226 227 NA NA NA NA NA NA NA NA NA NA NA 226 226 227 226 227 226 226 226 226 226 226 226 226 226 226 226 227 227 227 227 227 227 227 227 227 227 226 226 226 226 226 227 227 226 226 226 226 227 226 227 227 227 227 226 226 226 226 226 226 226 226 226 227 227 227 227 228 228 228 227 227 228 228 229 229 230 229 229 229 229 229 230 230 230 230 230 230 230 230 230 230 230 231 231 231 NA NA NA NA NA NA NA NA NA NA NA NA NA NA NA NA NA NA NA NA NA NA NA NA NA NA NA NA NA NA NA NA NA NA NA NA NA NA NA NA NA NA NA NA NA NA NA NA NA NA NA NA NA NA NA NA NA NA NA NA NA NA NA NA
NA NA NA NA NA NA NA NA NA NA NA NA NA NA NA NA NA NA NA NA NA NA NA NA NA NA NA NA NA NA NA NA NA NA NA NA NA NA NA NA NA NA NA NA NA NA NA NA NA NA NA NA NA NA NA NA NA NA NA NA NA NA NA NA NA NA NA NA NA NA NA NA NA NA NA NA NA NA NA NA NA NA NA NA NA NA NA NA NA NA NA NA NA NA NA NA NA NA NA NA NA NA NA NA NA NA NA NA NA NA NA NA NA NA NA NA NA NA NA NA NA NA NA NA NA NA NA NA NA NA NA NA NA NA NA NA NA NA NA NA NA NA NA NA NA NA NA NA NA NA NA NA NA NA NA NA NA NA NA NA NA NA NA NA NA NA NA NA NA NA NA NA NA NA NA NA NA NA NA NA NA NA NA NA NA NA NA NA NA NA NA NA NA NA NA NA NA NA NA NA NA NA NA NA NA NA NA NA NA NA NA NA NA NA NA NA NA NA NA NA NA NA NA NA NA NA NA NA NA NA NA NA NA NA NA NA NA NA NA NA NA NA NA NA NA NA NA NA NA NA NA NA NA NA NA NA NA NA NA NA NA NA NA NA NA NA NA NA NA NA NA NA NA NA NA NA NA NA NA NA NA NA NA NA NA NA NA NA NA NA NA NA NA NA NA NA NA NA NA NA NA NA NA NA NA NA NA NA NA NA NA NA NA NA NA NA NA NA NA NA NA NA NA NA NA NA NA NA NA NA NA NA NA NA NA NA NA NA NA NA 226 227 NA NA NA NA NA NA NA NA NA NA NA NA NA 227 227 227 227 226 226 226 226 226 226 226 227 226 227 227 226 226 227 227 227 227 227 227 227 227 227 227 226 226 226 226 226 226 226 227 227 227 227 227 227 227 227 226 226 226 226 226 226 227 227 227 227 228 228 228 228 229 229 228 228 228 228 228 229 229 229 229 229 229 229 230 230 230 230 231 230 230 230 230 231 231 231 230 231 NA NA NA NA NA NA NA NA NA NA NA NA NA NA NA NA NA NA NA NA NA NA NA NA NA NA NA NA NA NA NA NA NA NA NA NA NA NA NA NA NA NA NA NA NA NA NA NA NA NA NA NA NA NA NA NA NA NA NA NA NA NA NA NA
NA NA NA NA NA NA NA NA NA NA NA NA NA NA NA NA NA NA NA NA NA NA NA NA NA NA NA NA NA NA NA NA NA NA NA NA NA NA NA NA NA NA NA NA NA NA NA NA NA NA NA NA NA NA NA NA NA NA NA NA NA NA NA NA NA NA NA NA NA NA NA NA NA NA NA NA NA NA NA NA NA NA NA NA NA NA NA NA NA NA NA NA NA NA NA NA NA NA NA NA NA NA NA NA NA NA NA NA NA NA NA NA NA NA NA NA NA NA NA NA NA NA NA NA NA NA NA NA NA NA NA NA NA NA NA NA NA NA NA NA NA NA NA NA NA NA NA NA NA NA NA NA NA NA NA NA NA NA NA NA NA NA NA NA NA NA NA NA NA NA NA NA NA NA NA NA NA NA NA NA NA NA NA NA NA NA NA NA NA NA NA NA NA NA NA NA NA NA NA NA NA NA NA NA NA NA NA NA NA NA NA NA NA NA NA NA NA NA NA NA NA NA NA NA NA NA NA NA NA NA NA NA NA NA NA NA NA NA NA NA NA NA NA NA NA NA NA NA NA NA NA NA NA NA NA NA NA NA NA NA NA NA NA NA NA NA NA NA NA NA NA NA NA NA NA NA NA NA NA NA NA NA NA NA NA NA NA NA NA NA NA NA NA NA NA NA NA NA NA NA NA NA NA NA NA NA NA NA NA NA NA NA NA NA NA NA NA NA NA NA NA NA NA NA NA NA NA NA NA NA NA NA NA NA NA NA NA NA NA NA NA NA NA NA NA NA NA NA NA NA NA NA NA NA NA NA 227 227 227 227 226 226 227 227 226 227 226 226 227 227 227 227 227 227 226 226 226 226 227 227 227 227 227 227 227 227 226 226 227 227 227 227 227 227 227 227 226 226 226 226 226 226 226 227 228 228 228 227 228 228 228 229 229 228 229 229 228 228 229 229 229 229 229 229 229 230 230 230 230 230 230 230 230 231 231 230 230 231 NA NA NA NA NA NA NA NA NA NA NA NA NA NA NA NA NA NA NA NA NA NA NA NA NA NA NA NA NA NA NA NA NA NA NA NA NA NA NA NA NA NA NA NA NA NA NA NA NA NA NA NA NA NA NA NA NA NA NA NA NA NA NA NA NA
NA NA NA NA NA NA NA NA NA NA NA NA NA NA NA NA NA NA NA NA NA NA NA NA NA NA NA NA NA NA NA NA NA NA NA NA NA NA NA NA NA NA NA NA NA NA NA NA NA NA NA NA NA NA NA NA NA NA NA NA NA NA NA NA NA NA NA NA NA NA NA NA NA NA NA NA NA NA NA NA NA NA NA NA NA NA NA NA NA NA NA NA NA NA NA NA NA NA NA NA NA NA NA NA NA NA NA NA NA NA NA NA NA NA NA NA NA NA NA NA NA NA NA NA NA NA NA NA NA NA NA NA NA NA NA NA NA NA NA NA NA NA NA NA NA NA NA NA NA NA NA NA NA NA NA NA NA NA NA NA NA NA NA NA NA NA NA NA NA NA NA NA NA NA NA NA NA NA NA NA NA NA NA NA NA NA NA NA NA NA NA NA NA NA NA NA NA NA NA NA NA NA NA NA NA NA NA NA NA NA NA NA NA NA NA NA NA NA NA NA NA NA NA NA NA NA NA NA NA NA NA NA NA NA NA NA NA NA NA NA NA NA NA NA NA NA NA NA NA NA NA NA NA NA NA NA NA NA NA NA NA NA NA NA NA NA NA NA NA NA NA NA NA NA NA NA NA NA NA NA NA NA NA NA NA NA NA NA NA NA NA NA NA NA NA NA NA NA NA NA NA NA NA NA NA NA NA NA NA NA NA NA NA NA NA NA NA NA NA NA NA NA NA NA NA NA NA NA NA NA NA NA NA NA NA NA NA NA NA NA NA NA NA NA NA NA NA NA NA NA NA NA NA NA NA NA NA 228 228 227 227 227 227 227 227 227 227 226 227 227 227 227 227 227 226 226 226 226 226 226 226 226 227 227 227 227 226 226 227 227 227 227 227 227 226 226 227 226 227 227 227 227 227 226 227 228 229 229 229 228 228 229 229 229 229 229 228 228 229 229 230 230 230 230 230 230 230 230 230 230 230 230 230 231 230 230 230 NA NA NA NA NA NA NA NA NA NA NA NA NA NA NA NA NA NA NA NA NA NA NA NA NA NA NA NA NA NA NA NA NA NA NA NA NA NA NA NA NA NA NA NA NA NA NA NA NA NA NA NA NA NA NA NA NA NA NA NA NA NA NA NA NA NA
NA NA NA NA NA NA NA NA NA NA NA NA NA NA NA NA NA NA NA NA NA NA NA NA NA NA NA NA NA NA NA NA NA NA NA NA NA NA NA NA NA NA NA NA NA NA NA NA NA NA NA NA NA NA NA NA NA NA NA NA NA NA NA NA NA NA NA NA NA NA NA NA NA NA NA NA NA NA NA NA NA NA NA NA NA NA NA NA NA NA NA NA NA NA NA NA NA NA NA NA NA NA NA NA NA NA NA NA NA NA NA NA NA NA NA NA NA NA NA NA NA NA NA NA NA NA NA NA NA NA NA NA NA NA NA NA NA NA NA NA NA NA NA NA NA NA NA NA NA NA NA NA NA NA NA NA NA NA NA NA NA NA NA NA NA NA NA NA NA NA NA NA NA NA NA NA NA NA NA NA NA NA NA NA NA NA NA NA NA NA NA NA NA NA NA NA NA NA NA NA NA NA NA NA NA NA NA NA NA NA NA NA NA NA NA NA NA NA NA NA NA NA NA NA NA NA NA NA NA NA NA NA NA NA NA NA NA NA NA NA NA NA NA NA NA NA NA NA NA NA NA NA NA NA NA NA NA NA NA NA NA NA NA NA NA NA NA NA NA NA NA NA NA NA NA NA NA NA NA NA NA NA NA NA NA NA NA NA NA NA NA NA NA NA NA NA NA NA NA NA NA NA NA NA NA NA NA NA NA NA NA NA NA NA NA NA NA NA NA NA NA NA NA NA NA NA NA NA NA NA NA NA NA NA NA NA NA NA NA NA NA NA NA NA NA NA NA NA NA NA NA NA NA NA NA NA 228 228 228 228 228 228 227 227 227 226 226 227 227 227 227 227 228 227 226 226 226 226 226 226 226 226 226 227 227 227 226 226 227 227 227 227 226 226 226 227 227 227 227 227 227 228 228 227 227 228 228 229 229 229 229 229 229 230 230 229 229 228 229 229 230 230 230 230 230 230 230 230 230 230 230 230 230 230 230 230 231 NA NA NA NA NA NA NA NA NA NA NA NA NA NA NA NA NA NA NA NA NA NA NA NA NA NA NA NA NA NA NA NA NA NA NA NA NA NA NA NA NA NA NA NA NA NA NA NA NA NA NA NA NA NA NA NA NA NA NA NA NA NA NA NA NA NA
NA NA NA NA NA NA NA NA NA NA NA NA NA NA NA NA NA NA NA NA NA NA NA NA NA NA NA NA NA NA NA NA NA NA NA NA NA NA NA NA NA NA NA NA NA NA NA NA NA NA NA NA NA NA NA NA NA NA NA NA NA NA NA NA NA NA NA NA NA NA NA NA NA NA NA NA NA NA NA NA NA NA NA NA NA NA NA NA NA NA NA NA NA NA NA NA NA NA NA NA NA NA NA NA NA NA NA NA NA NA NA NA NA NA NA NA NA NA NA NA NA NA NA NA NA NA NA NA NA NA NA NA NA NA NA NA NA NA NA NA NA NA NA NA NA NA NA NA NA NA NA NA NA NA NA NA NA NA NA NA NA NA NA NA NA NA NA NA NA NA NA NA NA NA NA NA NA NA NA NA NA NA NA NA NA NA NA NA NA NA NA NA NA NA NA NA NA NA NA NA NA NA NA NA NA NA NA NA NA NA NA NA NA NA NA NA NA NA NA NA NA NA NA NA NA NA NA NA NA NA NA NA NA NA NA NA NA NA NA NA NA NA NA NA NA NA NA NA NA NA NA NA NA NA NA NA NA NA NA NA NA NA NA NA NA NA NA NA NA NA NA NA NA NA NA NA NA NA NA NA NA NA NA NA NA NA NA NA NA NA NA NA NA NA NA NA NA NA NA NA NA NA NA NA NA NA NA NA NA NA NA NA NA NA NA NA NA NA NA NA NA NA NA NA NA NA NA NA NA NA NA NA NA NA NA NA NA NA NA NA NA NA NA NA NA NA NA NA NA NA NA NA NA NA NA 228 228 228 228 228 228 228 228 227 227 227 227 226 227 227 227 228 228 227 227 227 227 227 226 226 226 226 226 226 226 226 226 226 227 227 227 227 226 226 226 226 227 227 228 228 229 229 229 228 227 228 228 229 230 230 230 229 230 230 230 230 229 228 228 229 229 230 231 231 230 230 229 229 230 230 230 230 230 230 230 230 230 231 NA NA NA NA NA NA NA NA NA NA NA NA NA NA NA NA NA NA NA NA NA NA NA NA NA NA NA NA NA NA NA NA NA NA NA NA NA NA NA NA NA NA NA NA NA NA NA NA NA NA NA NA NA NA NA NA NA NA NA NA NA NA NA NA NA
NA NA NA NA NA NA NA NA NA NA NA NA NA NA NA NA NA NA NA NA NA NA NA NA NA NA NA NA NA NA NA NA NA NA NA NA NA NA NA NA NA NA NA NA NA NA NA NA NA NA NA NA NA NA NA NA NA NA NA NA NA NA NA NA NA NA NA NA NA NA NA NA NA NA NA NA NA NA NA NA NA NA NA NA NA NA NA NA NA NA NA NA NA NA NA NA NA NA NA NA NA NA NA NA NA NA NA NA NA NA NA NA NA NA NA NA NA NA NA NA NA NA NA NA NA NA NA NA NA NA NA NA NA NA NA NA NA NA NA NA NA NA NA NA NA NA NA NA NA NA NA NA NA NA NA NA NA NA NA NA NA NA NA NA NA NA NA NA NA NA NA NA NA NA NA NA NA NA NA NA NA NA NA NA NA NA NA NA NA NA NA NA NA NA NA NA NA NA NA NA NA NA NA NA NA NA NA NA NA NA NA NA NA NA NA NA NA NA NA NA NA NA NA NA NA NA NA NA NA NA NA NA NA NA NA NA NA NA NA NA NA NA NA NA NA NA NA NA NA NA NA NA NA NA NA NA NA NA NA NA NA NA NA NA NA NA NA NA NA NA NA NA NA NA NA NA NA NA NA NA NA NA NA NA NA NA NA NA NA NA NA NA NA NA NA NA NA NA NA NA NA NA NA NA NA NA NA NA NA NA NA NA NA NA NA NA NA NA NA NA NA NA NA NA NA NA NA NA NA NA NA NA NA NA NA NA NA NA NA NA NA NA NA NA NA NA NA NA NA NA NA NA 227 227 227 228 228 227 227 228 227 228 228 227 227 226 226 226 227 227 228 228 228 227 227 227 227 227 227 227 226 227 227 226 226 226 226 226 226 227 227 227 226 226 227 226 226 226 227 228 228 229 229 229 228 227 229 229 229 230 229 230 230 230 231 230 229 229 228 229 230 230 230 230 231 230 230 230 230 230 230 230 230 230 230 230 231 NA NA NA NA NA NA NA NA NA NA NA NA NA NA NA NA NA NA NA NA NA NA NA NA NA NA NA NA NA NA NA NA NA NA NA NA NA NA NA NA NA NA NA NA NA NA NA NA NA NA NA NA NA NA NA NA NA NA NA NA NA NA NA NA NA NA
NA NA NA NA NA NA NA NA NA NA NA NA NA NA NA NA NA NA NA NA NA NA NA NA NA NA NA NA NA NA NA NA NA NA NA NA NA NA NA NA NA NA NA NA NA NA NA NA NA NA NA NA NA NA NA NA NA NA NA NA NA NA NA NA NA NA NA NA NA NA NA NA NA NA NA NA NA NA NA NA NA NA NA NA NA NA NA NA NA NA NA NA NA NA NA NA NA NA NA NA NA NA NA NA NA NA NA NA NA NA NA NA NA NA NA NA NA NA NA NA NA NA NA NA NA NA NA NA NA NA NA NA NA NA NA NA NA NA NA NA NA NA NA NA NA NA NA NA NA NA NA NA NA NA NA NA NA NA NA NA NA NA NA NA NA NA NA NA NA NA NA NA NA NA NA NA NA NA NA NA NA NA NA NA NA NA NA NA NA NA NA NA NA NA NA NA NA NA NA NA NA NA NA NA NA NA NA NA NA NA NA NA NA NA NA NA NA NA NA NA NA NA NA NA NA NA NA NA NA NA NA NA NA NA NA NA NA NA NA NA NA NA NA NA NA NA NA NA NA NA NA NA NA NA NA NA NA NA NA NA NA NA NA NA NA NA NA NA NA NA NA NA NA NA NA NA NA NA NA NA NA NA NA NA NA NA NA NA NA NA NA NA NA NA NA NA NA NA NA NA NA NA NA NA NA NA NA NA NA NA NA NA NA NA NA NA NA NA NA NA NA NA NA NA NA NA NA NA NA NA NA NA NA NA NA NA NA NA NA NA NA NA NA NA NA NA NA NA NA NA NA NA NA 227 227 227 227 227 227 227 227 228 228 227 227 227 226 227 227 227 228 227 227 227 227 227 227 226 227 227 227 226 226 226 226 226 226 226 227 226 227 227 226 226 227 227 228 228 227 227 228 228 228 229 229 228 228 228 229 229 229 229 230 230 230 230 229 229 229 230 230 230 230 230 230 230 230 230 230 230 230 230 230 230 230 230 231 NA NA NA NA NA NA NA NA NA NA NA NA NA NA NA NA NA NA NA NA NA NA NA NA NA NA NA NA NA NA NA NA NA NA NA NA NA NA NA NA NA NA NA NA NA NA NA NA NA NA NA NA NA NA NA NA NA NA NA NA NA NA NA NA NA NA
NA NA NA NA NA NA NA NA NA NA NA NA NA NA NA NA NA NA NA NA NA NA NA NA NA NA NA NA NA NA NA NA NA NA NA NA NA NA NA NA NA NA NA NA NA NA NA NA NA NA NA NA NA NA NA NA NA NA NA NA NA NA NA NA NA NA NA NA NA NA NA NA NA NA NA NA NA NA NA NA NA NA NA NA NA NA NA NA NA NA NA NA NA NA NA NA NA NA NA NA NA NA NA NA NA NA NA NA NA NA NA NA NA NA NA NA NA NA NA NA NA NA NA NA NA NA NA NA NA NA NA NA NA NA NA NA NA NA NA NA NA NA NA NA NA NA NA NA NA NA NA NA NA NA NA NA NA NA NA NA NA NA NA NA NA NA NA NA NA NA NA NA NA NA NA NA NA NA NA NA NA NA NA NA NA NA NA NA NA NA NA NA NA NA NA NA NA NA NA NA NA NA NA NA NA NA NA NA NA NA NA NA NA NA NA NA NA NA NA NA NA NA NA NA NA NA NA NA NA NA NA NA NA NA NA NA NA NA NA NA NA NA NA NA NA NA NA NA NA NA NA NA NA NA NA NA NA NA NA NA NA NA NA NA NA NA NA NA NA NA NA NA NA NA NA NA NA NA NA NA NA NA NA NA NA NA NA NA NA NA NA NA NA NA NA NA NA NA NA NA NA NA NA NA NA NA NA NA NA NA NA NA NA NA NA NA NA NA NA NA NA NA NA NA NA NA NA NA NA NA NA NA NA NA NA NA NA NA NA NA NA NA NA NA NA NA NA NA NA NA NA NA 227 227 227 227 227 227 227 227 227 228 228 228 228 227 227 227 227 227 227 227 226 226 226 226 226 226 226 227 227 226 226 226 226 226 226 226 227 227 226 227 227 227 227 227 228 229 228 227 228 229 229 229 229 229 229 229 228 228 229 229 229 230 230 231 230 230 230 230 230 230 230 230 230 230 231 230 230 230 230 230 230 230 230 231 NA NA NA NA NA NA NA NA NA NA NA NA NA NA NA NA NA NA NA NA NA NA NA NA NA NA NA NA NA NA NA NA NA NA NA NA NA NA NA NA NA NA NA NA NA NA NA NA NA NA NA NA NA NA NA NA NA NA NA NA NA NA NA NA NA NA NA
NA NA NA NA NA NA NA NA NA NA NA NA NA NA NA NA NA NA NA NA NA NA NA NA NA NA NA NA NA NA NA NA NA NA NA NA NA NA NA NA NA NA NA NA NA NA NA NA NA NA NA NA NA NA NA NA NA NA NA NA NA NA NA NA NA NA NA NA NA NA NA NA NA NA NA NA NA NA NA NA NA NA NA NA NA NA NA NA NA NA NA NA NA NA NA NA NA NA NA NA NA NA NA NA NA NA NA NA NA NA NA NA NA NA NA NA NA NA NA NA NA NA NA NA NA NA NA NA NA NA NA NA NA NA NA NA NA NA NA NA NA NA NA NA NA NA NA NA NA NA NA NA NA NA NA NA NA NA NA NA NA NA NA NA NA NA NA NA NA NA NA NA NA NA NA NA NA NA NA NA NA NA NA NA NA NA NA NA NA NA NA NA NA NA NA NA NA NA NA NA NA NA NA NA NA NA NA NA NA NA NA NA NA NA NA NA NA NA NA NA NA NA NA NA NA NA NA NA NA NA NA NA NA NA NA NA NA NA NA NA NA NA NA NA NA NA NA NA NA NA NA NA NA NA NA NA NA NA NA NA NA NA NA NA NA NA NA NA NA NA NA NA NA NA NA NA NA NA NA NA NA NA NA NA NA NA NA NA NA NA NA NA NA NA NA NA NA NA NA NA NA NA NA NA NA NA NA NA NA NA NA NA NA NA NA NA NA NA NA NA NA NA NA NA NA NA NA NA NA NA NA NA NA NA NA NA NA NA NA NA NA NA NA NA NA NA NA NA NA NA 227 227 227 227 227 227 226 226 227 227 227 227 227 228 228 227 227 227 228 227 228 227 226 226 226 225 226 226 226 227 226 226 226 226 226 226 226 226 227 227 227 227 227 227 228 227 228 228 229 228 227 228 228 229 229 230 230 230 229 229 229 229 229 230 231 230 231 231 231 231 231 231 231 230 230 230 231 230 231 230 230 230 230 230 230 230 NA NA NA NA NA NA NA NA NA NA NA NA NA NA NA NA NA NA NA NA NA NA NA NA NA NA NA NA NA NA NA NA NA NA NA NA NA NA NA NA NA NA NA NA NA NA NA NA NA NA NA NA NA NA NA NA NA NA NA NA NA NA NA NA NA NA NA
NA NA NA NA NA NA NA NA NA NA NA NA NA NA NA NA NA NA NA NA NA NA NA NA NA NA NA NA NA NA NA NA NA NA NA NA NA NA NA NA NA NA NA NA NA NA NA NA NA NA NA NA NA NA NA NA NA NA NA NA NA NA NA NA NA NA NA NA NA NA NA NA NA NA NA NA NA NA NA NA NA NA NA NA NA NA NA NA NA NA NA NA NA NA NA NA NA NA NA NA NA NA NA NA NA NA NA NA NA NA NA NA NA NA NA NA NA NA NA NA NA NA NA NA NA NA NA NA NA NA NA NA NA NA NA NA NA NA NA NA NA NA NA NA NA NA NA NA NA NA NA NA NA NA NA NA NA NA NA NA NA NA NA NA NA NA NA NA NA NA NA NA NA NA NA NA NA NA NA NA NA NA NA NA NA NA NA NA NA NA NA NA NA NA NA NA NA NA NA NA NA NA NA NA NA NA NA NA NA NA NA NA NA NA NA NA NA NA NA NA NA NA NA NA NA NA NA NA NA NA NA NA NA NA NA NA NA NA NA NA NA NA NA NA NA NA NA NA NA NA NA NA NA NA NA NA NA NA NA NA NA NA NA NA NA NA NA NA NA NA NA NA NA NA NA NA NA NA NA NA NA NA NA NA NA NA NA NA NA NA NA NA NA NA NA NA NA NA NA NA NA NA NA NA NA NA NA NA NA NA NA NA NA NA NA NA NA NA NA NA NA NA NA NA NA NA NA NA NA NA NA NA NA NA NA NA NA NA NA NA NA NA NA NA NA NA NA NA NA NA 227 227 227 227 226 226 227 227 227 228 228 227 228 228 228 227 227 227 227 227 228 227 227 226 226 226 226 226 226 226 226 226 226 226 226 226 226 226 227 227 227 227 227 227 227 228 229 228 229 229 228 228 228 229 229 229 229 230 230 229 229 229 230 230 231 230 230 231 231 231 231 230 230 230 230 230 230 230 230 230 230 229 230 230 230 230 NA NA NA NA NA NA NA NA NA NA NA NA NA NA NA NA NA NA NA NA NA NA NA NA NA NA NA NA NA NA NA NA NA NA NA NA NA NA NA NA NA NA NA NA NA NA NA NA NA NA NA NA NA NA NA NA NA NA NA NA NA NA NA NA NA NA NA
NA NA NA NA NA NA NA NA NA NA NA NA NA NA NA NA NA NA NA NA NA NA NA NA NA NA NA NA NA NA NA NA NA NA NA NA NA NA NA NA NA NA NA NA NA NA NA NA NA NA NA NA NA NA NA NA NA NA NA NA NA NA NA NA NA NA NA NA NA NA NA NA NA NA NA NA NA NA NA NA NA NA NA NA NA NA NA NA NA NA NA NA NA NA NA NA NA NA NA NA NA NA NA NA NA NA NA NA NA NA NA NA NA NA NA NA NA NA NA NA NA NA NA NA NA NA NA NA NA NA NA NA NA NA NA NA NA NA NA NA NA NA NA NA NA NA NA NA NA NA NA NA NA NA NA NA NA NA NA NA NA NA NA NA NA NA NA NA NA NA NA NA NA NA NA NA NA NA NA NA NA NA NA NA NA NA NA NA NA NA NA NA NA NA NA NA NA NA NA NA NA NA NA NA NA NA NA NA NA NA NA NA NA NA NA NA NA NA NA NA NA NA NA NA NA NA NA NA NA NA NA NA NA NA NA NA NA NA NA NA NA NA NA NA NA NA NA NA NA NA NA NA NA NA NA NA NA NA NA NA NA NA NA NA NA NA NA NA NA NA NA NA NA NA NA NA NA NA NA NA NA NA NA NA NA NA NA NA NA NA NA NA NA NA NA NA NA NA NA NA NA NA NA NA NA NA NA NA NA NA NA NA NA NA NA NA NA NA NA NA NA NA NA NA NA NA NA NA NA NA NA NA NA NA NA NA NA NA NA NA NA NA NA NA NA NA NA NA NA NA NA 226 226 226 226 227 227 227 228 228 228 228 228 228 227 227 227 227 226 228 228 227 227 226 226 226 226 225 226 226 226 226 226 226 226 226 226 226 226 227 227 227 227 228 228 228 228 229 229 229 229 228 228 229 229 229 229 229 229 230 229 230 230 231 231 230 230 230 230 230 229 229 229 229 230 230 231 231 230 230 230 229 230 230 230 NA NA NA NA NA NA NA NA NA NA NA NA NA NA NA NA NA NA NA NA NA NA NA NA NA NA NA NA NA NA NA NA NA NA NA NA NA NA NA NA NA NA NA NA NA NA NA NA NA NA NA NA NA NA NA NA NA NA NA NA NA NA NA NA NA NA NA NA
NA NA NA NA NA NA NA NA NA NA NA NA NA NA NA NA NA NA NA NA NA NA NA NA NA NA NA NA NA NA NA NA NA NA NA NA NA NA NA NA NA NA NA NA NA NA NA NA NA NA NA NA NA NA NA NA NA NA NA NA NA NA NA NA NA NA NA NA NA NA NA NA NA NA NA NA NA NA NA NA NA NA NA NA NA NA NA NA NA NA NA NA NA NA NA NA NA NA NA NA NA NA NA NA NA NA NA NA NA NA NA NA NA NA NA NA NA NA NA NA NA NA NA NA NA NA NA NA NA NA NA NA NA NA NA NA NA NA NA NA NA NA NA NA NA NA NA NA NA NA NA NA NA NA NA NA NA NA NA NA NA NA NA NA NA NA NA NA NA NA NA NA NA NA NA NA NA NA NA NA NA NA NA NA NA NA NA NA NA NA NA NA NA NA NA NA NA NA NA NA NA NA NA NA NA NA NA NA NA NA NA NA NA NA NA NA NA NA NA NA NA NA NA NA NA NA NA NA NA NA NA NA NA NA NA NA NA NA NA NA NA NA NA NA NA NA NA NA NA NA NA NA NA NA NA NA NA NA NA NA NA NA NA NA NA NA NA NA NA NA NA NA NA NA NA NA NA NA NA NA NA NA NA NA NA NA NA NA NA NA NA NA NA NA NA NA NA NA NA NA NA NA NA NA NA NA NA NA NA NA NA NA NA NA NA NA NA NA NA NA NA NA NA NA NA NA NA NA NA NA NA NA NA NA NA NA NA NA NA NA NA NA NA NA NA NA NA NA NA NA NA NA 226 226 226 227 227 227 228 228 228 227 227 227 227 227 226 227 226 227 227 226 226 226 226 226 226 226 226 226 226 226 226 226 226 226 226 226 226 226 226 227 227 227 227 228 229 229 229 229 229 229 229 229 229 229 229 229 230 230 230 231 231 231 230 230 230 230 229 230 229 229 229 229 229 229 230 231 230 230 229 229 230 230 231 NA NA NA NA NA NA NA NA NA NA NA NA NA NA NA NA NA NA NA NA NA NA NA NA NA NA NA NA NA NA NA NA NA NA NA NA NA NA NA NA NA NA NA NA NA NA NA NA NA NA NA NA NA NA NA NA NA NA NA NA NA NA NA NA NA NA NA NA
NA NA NA NA NA NA NA NA NA NA NA NA NA NA NA NA NA NA NA NA NA NA NA NA NA NA NA NA NA NA NA NA NA NA NA NA NA NA NA NA NA NA NA NA NA NA NA NA NA NA NA NA NA NA NA NA NA NA NA NA NA NA NA NA NA NA NA NA NA NA NA NA NA NA NA NA NA NA NA NA NA NA NA NA NA NA NA NA NA NA NA NA NA NA NA NA NA NA NA NA NA NA NA NA NA NA NA NA NA NA NA NA NA NA NA NA NA NA NA NA NA NA NA NA NA NA NA NA NA NA NA NA NA NA NA NA NA NA NA NA NA NA NA NA NA NA NA NA NA NA NA NA NA NA NA NA NA NA NA NA NA NA NA NA NA NA NA NA NA NA NA NA NA NA NA NA NA NA NA NA NA NA NA NA NA NA NA NA NA NA NA NA NA NA NA NA NA NA NA NA NA NA NA NA NA NA NA NA NA NA NA NA NA NA NA NA NA NA NA NA NA NA NA NA NA NA NA NA NA NA NA NA NA NA NA NA NA NA NA NA NA NA NA NA NA NA NA NA NA NA NA NA NA NA NA NA NA NA NA NA NA NA NA NA NA NA NA NA NA NA NA NA NA NA NA NA NA NA NA NA NA NA NA NA NA NA NA NA NA NA NA NA NA NA NA NA NA NA NA NA NA NA NA NA NA NA NA NA NA NA NA NA NA NA NA NA NA NA NA NA NA NA NA NA NA NA NA NA NA NA NA NA NA NA NA NA NA NA NA NA NA NA NA NA NA NA NA NA NA NA NA NA 226 226 226 227 227 227 228 228 227 227 226 226 226 226 226 226 226 226 226 226 226 226 226 226 226 226 226 226 226 226 226 226 226 226 227 227 227 227 227 226 226 226 227 228 228 228 228 229 229 229 229 229 229 229 229 230 230 230 230 231 231 230 230 230 230 230 230 231 230 230 229 229 228 229 230 230 229 229 229 230 230 230 231 NA NA NA NA NA NA NA NA NA NA NA NA NA NA NA NA NA NA NA NA NA NA NA NA NA NA NA NA NA NA NA NA NA NA NA NA NA NA NA NA NA NA NA NA NA NA NA NA NA NA NA NA NA NA NA NA NA NA NA NA NA NA NA NA NA NA NA NA
NA NA NA NA NA NA NA NA NA NA NA NA NA NA NA NA NA NA NA NA NA NA NA NA NA NA NA NA NA NA NA NA NA NA NA NA NA NA NA NA NA NA NA NA NA NA NA NA NA NA NA NA NA NA NA NA NA NA NA NA NA NA NA NA NA NA NA NA NA NA NA NA NA NA NA NA NA NA NA NA NA NA NA NA NA NA NA NA NA NA NA NA NA NA NA NA NA NA NA NA NA NA NA NA NA NA NA NA NA NA NA NA NA NA NA NA NA NA NA NA NA NA NA NA NA NA NA NA NA NA NA NA NA NA NA NA NA NA NA NA NA NA NA NA NA NA NA NA NA NA NA NA NA NA NA NA NA NA NA NA NA NA NA NA NA NA NA NA NA NA NA NA NA NA NA NA NA NA NA NA NA NA NA NA NA NA NA NA NA NA NA NA NA NA NA NA NA NA NA NA NA NA NA NA NA NA NA NA NA NA NA NA NA NA NA NA NA NA NA NA NA NA NA NA NA NA NA NA NA NA NA NA NA NA NA NA NA NA NA NA NA NA NA NA NA NA NA NA NA NA NA NA NA NA NA NA NA NA NA NA NA NA NA NA NA NA NA NA NA NA NA NA NA NA NA NA NA NA NA NA NA NA NA NA NA NA NA NA NA NA NA NA NA NA NA NA NA NA NA NA NA NA NA NA NA NA NA NA NA NA NA NA NA NA NA NA NA NA NA NA NA NA NA NA NA NA NA NA NA NA NA NA NA NA NA NA NA NA NA NA NA NA NA NA NA NA NA NA NA NA NA NA 226 226 226 226 227 227 227 227 227 226 226 226 226 226 226 226 226 226 226 226 226 226 226 226 226 226 226 226 226 226 226 226 227 226 227 227 227 227 228 228 227 226 227 227 227 227 228 228 229 229 229 230 229 229 229 229 230 230 231 231 231 231 230 230 230 230 230 231 230 230 230 229 229 228 229 230 229 229 230 230 230 231 231 231 230 230 NA NA NA NA NA NA NA NA NA NA NA NA NA NA NA NA NA NA NA NA NA NA NA NA NA NA NA NA NA NA NA NA NA NA NA NA NA NA NA NA NA NA NA NA NA NA NA NA NA NA NA NA NA NA NA NA NA NA NA NA NA NA NA NA NA
NA NA NA NA NA NA NA NA NA NA NA NA NA NA NA NA NA NA NA NA NA NA NA NA NA NA NA NA NA NA NA NA NA NA NA NA NA NA NA NA NA NA NA NA NA NA NA NA NA NA NA NA NA NA NA NA NA NA NA NA NA NA NA NA NA NA NA NA NA NA NA NA NA NA NA NA NA NA NA NA NA NA NA NA NA NA NA NA NA NA NA NA NA NA NA NA NA NA NA NA NA NA NA NA NA NA NA NA NA NA NA NA NA NA NA NA NA NA NA NA NA NA NA NA NA NA NA NA NA NA NA NA NA NA NA NA NA NA NA NA NA NA NA NA NA NA NA NA NA NA NA NA NA NA NA NA NA NA NA NA NA NA NA NA NA NA NA NA NA NA NA NA NA NA NA NA NA NA NA NA NA NA NA NA NA NA NA NA NA NA NA NA NA NA NA NA NA NA NA NA NA NA NA NA NA NA NA NA NA NA NA NA NA NA NA NA NA NA NA NA NA NA NA NA NA NA NA NA NA NA NA NA NA NA NA NA NA NA NA NA NA NA NA NA NA NA NA NA NA NA NA NA NA NA NA NA NA NA NA NA NA NA NA NA NA NA NA NA NA NA NA NA NA NA NA NA NA NA NA NA NA NA NA NA NA NA NA NA NA NA NA NA NA NA NA NA NA NA NA NA NA NA NA NA NA NA NA NA NA NA NA NA NA NA NA NA NA NA NA NA NA NA NA NA NA NA NA NA NA NA NA NA NA NA NA NA NA NA NA NA NA NA NA NA NA NA NA NA NA NA NA 226 226 226 227 226 227 227 227 226 226 226 226 226 226 226 226 226 226 226 226 226 226 226 226 226 226 226 226 226 226 226 226 227 227 227 227 227 227 228 228 228 227 227 227 227 228 227 228 229 229 229 229 230 230 229 230 229 229 230 230 230 230 231 231 230 231 231 231 231 231 230 229 229 229 228 229 229 228 229 230 230 230 230 230 230 230 230 229 NA NA NA NA NA NA NA NA NA NA NA NA NA NA NA NA NA NA NA NA NA NA NA NA NA NA NA NA NA NA NA NA NA NA NA NA NA NA NA NA NA NA NA NA NA NA NA NA NA NA NA NA NA NA NA NA NA NA NA NA NA NA NA NA
NA NA NA NA NA NA NA NA NA NA NA NA NA NA NA NA NA NA NA NA NA NA NA NA NA NA NA NA NA NA NA NA NA NA NA NA NA NA NA NA NA NA NA NA NA NA NA NA NA NA NA NA NA NA NA NA NA NA NA NA NA NA NA NA NA NA NA NA NA NA NA NA NA NA NA NA NA NA NA NA NA NA NA NA NA NA NA NA NA NA NA NA NA NA NA NA NA NA NA NA NA NA NA NA NA NA NA NA NA NA NA NA NA NA NA NA NA NA NA NA NA NA NA NA NA NA NA NA NA NA NA NA NA NA NA NA NA NA NA NA NA NA NA NA NA NA NA NA NA NA NA NA NA NA NA NA NA NA NA NA NA NA NA NA NA NA NA NA NA NA NA NA NA NA NA NA NA NA NA NA NA NA NA NA NA NA NA NA NA NA NA NA NA NA NA NA NA NA NA NA NA NA NA NA NA NA NA NA NA NA NA NA NA NA NA NA NA NA NA NA NA NA NA NA NA NA NA NA NA NA NA NA NA NA NA NA NA NA NA NA NA NA NA NA NA NA NA NA NA NA NA NA NA NA NA NA NA NA NA NA NA NA NA NA NA NA NA NA NA NA NA NA NA NA NA NA NA NA NA NA NA NA NA NA NA NA NA NA NA NA NA NA NA NA NA NA NA NA NA NA NA NA NA NA NA NA NA NA NA NA NA NA NA NA NA NA NA NA NA NA NA NA NA NA NA NA NA NA NA NA NA NA NA NA NA NA NA NA NA NA NA NA NA NA NA NA 226 226 226 226 226 226 226 226 226 226 226 226 227 226 226 225 225 226 226 226 226 226 226 226 226 226 226 226 226 226 226 226 226 227 226 226 226 226 226 227 227 227 227 228 228 228 227 227 228 228 229 228 228 228 229 229 229 230 230 230 229 230 230 231 230 230 230 230 230 230 230 231 231 231 231 231 230 229 229 229 229 229 229 228 228 229 229 229 230 229 230 230 229 229 229 NA NA NA NA NA NA NA NA NA NA NA NA NA NA NA NA NA NA NA NA NA NA NA NA NA NA NA NA NA NA NA NA NA NA NA NA NA NA NA NA NA NA NA NA NA NA NA NA NA NA NA NA NA NA NA NA NA NA NA NA NA NA
NA NA NA NA NA NA NA NA NA NA NA NA NA NA NA NA NA NA NA NA NA NA NA NA NA NA NA NA NA NA NA NA NA NA NA NA NA NA NA NA NA NA NA NA NA NA NA NA NA NA NA NA NA NA NA NA NA NA NA NA NA NA NA NA NA NA NA NA NA NA NA NA NA NA NA NA NA NA NA NA NA NA NA NA NA NA NA NA NA NA NA NA NA NA NA NA NA NA NA NA NA NA NA NA NA NA NA NA NA NA NA NA NA NA NA NA NA NA NA NA NA NA NA NA NA NA NA NA NA NA NA NA NA NA NA NA NA NA NA NA NA NA NA NA NA NA NA NA NA NA NA NA NA NA NA NA NA NA NA NA NA NA NA NA NA NA NA NA NA NA NA NA NA NA NA NA NA NA NA NA NA NA NA NA NA NA NA NA NA NA NA NA NA NA NA NA NA NA NA NA NA NA NA NA NA NA NA NA NA NA NA NA NA NA NA NA NA NA NA NA NA NA NA NA NA NA NA NA NA NA NA NA NA NA NA NA NA NA NA NA NA NA NA NA NA NA NA NA NA NA NA NA NA NA NA NA NA NA NA NA NA NA NA NA NA NA NA NA NA NA NA NA NA NA NA NA NA NA NA NA NA NA NA NA NA NA NA NA NA NA NA NA NA NA NA NA NA NA NA NA NA NA NA NA NA NA NA NA NA NA NA NA NA NA NA NA NA NA NA NA NA NA NA NA NA NA NA NA NA NA NA NA NA NA NA NA NA NA NA NA NA NA NA NA NA NA 226 226 226 226 226 227 227 227 226 226 226 226 226 226 225 225 226 226 226 226 226 226 226 226 226 226 226 226 226 226 226 226 226 226 226 227 227 227 227 226 227 227 227 228 228 228 228 228 228 228 229 229 228 228 228 229 229 229 229 230 230 230 230 231 231 231 230 230 229 230 230 230 231 231 230 230 230 229 229 230 230 230 229 229 228 228 228 229 229 229 229 229 229 229 229 229 NA NA NA NA NA NA NA NA NA NA NA NA NA NA NA NA NA NA NA NA NA NA NA NA NA NA NA NA NA NA NA NA NA NA NA NA NA NA NA NA NA NA NA NA NA NA NA NA NA NA NA NA NA NA NA NA NA NA NA NA NA
NA NA NA NA NA NA NA NA NA NA NA NA NA NA NA NA NA NA NA NA NA NA NA NA NA NA NA NA NA NA NA NA NA NA NA NA NA NA NA NA NA NA NA NA NA NA NA NA NA NA NA NA NA NA NA NA NA NA NA NA NA NA NA NA NA NA NA NA NA NA NA NA NA NA NA NA NA NA NA NA NA NA NA NA NA NA NA NA NA NA NA NA NA NA NA NA NA NA NA NA NA NA NA NA NA NA NA NA NA NA NA NA NA NA NA NA NA NA NA NA NA NA NA NA NA NA NA NA NA NA NA NA NA NA NA NA NA NA NA NA NA NA NA NA NA NA NA NA NA NA NA NA NA NA NA NA NA NA NA NA NA NA NA NA NA NA NA NA NA NA NA NA NA NA NA NA NA NA NA NA NA NA NA NA NA NA NA NA NA NA NA NA NA NA NA NA NA NA NA NA NA NA NA NA NA NA NA NA NA NA NA NA NA NA NA NA NA NA NA NA NA NA NA NA NA NA NA NA NA NA NA NA NA NA NA NA NA NA NA NA NA NA NA NA NA NA NA NA NA NA NA NA NA NA NA NA NA NA NA NA NA NA NA NA NA NA NA NA NA NA NA NA NA NA NA NA NA NA NA NA NA NA NA NA NA NA NA NA NA NA NA NA NA NA NA NA NA NA NA NA NA NA NA NA NA NA NA NA NA NA NA NA NA NA NA NA NA NA NA NA NA NA NA NA NA NA NA NA NA NA NA NA NA NA NA NA NA NA NA NA NA NA NA NA NA NA 226 226 226 226 226 226 227 227 226 226 226 226 226 225 225 226 226 226 226 226 226 226 226 226 226 226 226 226 226 226 226 226 226 226 227 227 227 227 227 227 226 227 227 227 227 228 227 227 228 228 229 229 229 229 229 229 229 230 230 230 230 231 231 232 231 230 231 230 229 229 230 231 230 229 229 230 230 230 229 230 231 231 231 230 229 229 228 228 228 228 229 229 229 229 229 229 230 NA NA NA NA NA NA NA NA NA NA NA NA NA NA NA NA NA NA NA NA NA NA NA NA NA NA NA NA NA NA NA NA NA NA NA NA NA NA NA NA NA NA NA NA NA NA NA NA NA NA NA NA NA NA NA NA NA NA NA NA
NA NA NA NA NA NA NA NA NA NA NA NA NA NA NA NA NA NA NA NA NA NA NA NA NA NA NA NA NA NA NA NA NA NA NA NA NA NA NA NA NA NA NA NA NA NA NA NA NA NA NA NA NA NA NA NA NA NA NA NA NA NA NA NA NA NA NA NA NA NA NA NA NA NA NA NA NA NA NA NA NA NA NA NA NA NA NA NA NA NA NA NA NA NA NA NA NA NA NA NA NA NA NA NA NA NA NA NA NA NA NA NA NA NA NA NA NA NA NA NA NA NA NA NA NA NA NA NA NA NA NA NA NA NA NA NA NA NA NA NA NA NA NA NA NA NA NA NA NA NA NA NA NA NA NA NA NA NA NA NA NA NA NA NA NA NA NA NA NA NA NA NA NA NA NA NA NA NA NA NA NA NA NA NA NA NA NA NA NA NA NA NA NA NA NA NA NA NA NA NA NA NA NA NA NA NA NA NA NA NA NA NA NA NA NA NA NA NA NA NA NA NA NA NA NA NA NA NA NA NA NA NA NA NA NA NA NA NA NA NA NA NA NA NA NA NA NA NA NA NA NA NA NA NA NA NA NA NA NA NA NA NA NA NA NA NA NA NA NA NA NA NA NA NA NA NA NA NA NA NA NA NA NA NA NA NA NA NA NA NA NA NA NA NA NA NA NA NA NA NA NA NA NA NA NA NA NA NA NA NA NA NA NA NA NA NA NA NA NA NA NA NA NA NA NA NA NA NA NA NA NA NA NA NA NA NA NA NA NA NA NA NA NA NA NA NA NA 226 226 226 226 226 227 227 227 226 226 225 226 225 226 226 226 226 226 226 226 226 226 226 226 226 226 226 226 226 226 226 227 227 226 226 227 227 227 227 227 226 226 227 227 228 227 227 228 229 228 229 229 229 229 229 229 230 230 230 230 231 230 230 230 229 230 230 230 229 230 231 230 230 229 229 230 230 229 229 230 231 230 230 230 230 230 229 229 228 229 229 229 229 229 229 229 229 230 NA NA NA NA NA NA NA NA NA NA NA NA NA NA NA NA NA NA NA NA NA NA NA NA NA NA NA NA NA NA NA NA NA NA NA NA NA NA NA NA NA NA NA NA NA NA NA NA NA NA NA NA NA NA NA NA NA NA
NA NA NA NA NA NA NA NA NA NA NA NA NA NA NA NA NA NA NA NA NA NA NA NA NA NA NA NA NA NA NA NA NA NA NA NA NA NA NA NA NA NA NA NA NA NA NA NA NA NA NA NA NA NA NA NA NA NA NA NA NA NA NA NA NA NA NA NA NA NA NA NA NA NA NA NA NA NA NA NA NA NA NA NA NA NA NA NA NA NA NA NA NA NA NA NA NA NA NA NA NA NA NA NA NA NA NA NA NA NA NA NA NA NA NA NA NA NA NA NA NA NA NA NA NA NA NA NA NA NA NA NA NA NA NA NA NA NA NA NA NA NA NA NA NA NA NA NA NA NA NA NA NA NA NA NA NA NA NA NA NA NA NA NA NA NA NA NA NA NA NA NA NA NA NA NA NA NA NA NA NA NA NA NA NA NA NA NA NA NA NA NA NA NA NA NA NA NA NA NA NA NA NA NA NA NA NA NA NA NA NA NA NA NA NA NA NA NA NA NA NA NA NA NA NA NA NA NA NA NA NA NA NA NA NA NA NA NA NA NA NA NA NA NA NA NA NA NA NA NA NA NA NA NA NA NA NA NA NA NA NA NA NA NA NA NA NA NA NA NA NA NA NA NA NA NA NA NA NA NA NA NA NA NA NA NA NA NA NA NA NA NA NA NA NA NA NA NA NA NA NA NA NA NA NA NA NA NA NA NA NA NA NA NA NA NA NA NA NA NA NA NA NA NA NA NA NA NA NA NA NA NA NA NA NA NA NA NA NA NA NA NA NA NA NA 226 226 226 226 226 226 226 226 226 226 226 226 226 225 226 226 226 226 226 226 226 226 226 226 226 226 226 226 226 226 226 227 226 226 226 227 227 227 227 227 227 227 227 227 226 227 227 227 228 228 228 228 228 228 228 229 229 230 229 229 229 230 231 230 230 230 230 229 229 230 229 230 230 230 229 229 229 229 229 229 229 230 230 229 229 229 230 229 229 229 229 228 229 229 229 229 229 229 229 229 230 230 NA NA NA NA NA NA NA NA NA NA NA NA NA NA NA NA NA NA NA NA NA NA NA NA NA NA NA NA NA NA NA NA NA NA NA NA NA NA NA NA NA NA NA NA NA NA NA NA NA NA NA NA NA NA NA NA
NA NA NA NA NA NA NA NA NA NA NA NA NA NA NA NA NA NA NA NA NA NA NA NA NA NA NA NA NA NA NA NA NA NA NA NA NA NA NA NA NA NA NA NA NA NA NA NA NA NA NA NA NA NA NA NA NA NA NA NA NA NA NA NA NA NA NA NA NA NA NA NA NA NA NA NA NA NA NA NA NA NA NA NA NA NA NA NA NA NA NA NA NA NA NA NA NA NA NA NA NA NA NA NA NA NA NA NA NA NA NA NA NA NA NA NA NA NA NA NA NA NA NA NA NA NA NA NA NA NA NA NA NA NA NA NA NA NA NA NA NA NA NA NA NA NA NA NA NA NA NA NA NA NA NA NA NA NA NA NA NA NA NA NA NA NA NA NA NA NA NA NA NA NA NA NA NA NA NA NA NA NA NA NA NA NA NA NA NA NA NA NA NA NA NA NA NA NA NA NA NA NA NA NA NA NA NA NA NA NA NA NA NA NA NA NA NA NA NA NA NA NA NA NA NA NA NA NA NA NA NA NA NA NA NA NA NA NA NA NA NA NA NA NA NA NA NA NA NA NA NA NA NA NA NA NA NA NA NA NA NA NA NA NA NA NA NA NA NA NA NA NA NA NA NA NA NA NA NA NA NA NA NA NA NA NA NA NA NA NA NA NA NA NA NA NA NA NA NA NA NA NA NA NA NA NA NA NA NA NA NA NA NA NA NA NA NA NA NA NA NA NA NA NA NA NA NA NA NA NA NA NA NA NA NA NA NA NA NA NA NA NA NA NA NA 226 226 226 226 226 226 226 226 225 225 225 225 226 226 226 226 226 226 226 226 226 226 226 226 226 226 226 226 226 226 226 226 226 227 227 227 227 227 227 227 227 228 227 227 227 227 227 227 227 227 227 227 228 228 228 229 229 229 228 229 229 230 231 231 231 231 231 230 230 230 230 230 229 229 229 229 229 229 229 229 230 231 230 229 229 229 229 229 229 228 229 228 229 228 229 229 229 229 229 229 229 230 230 NA NA NA NA NA NA NA NA NA NA NA NA NA NA NA NA NA NA NA NA NA NA NA NA NA NA NA NA NA NA NA NA NA NA NA NA NA NA NA NA NA NA NA NA NA NA NA NA NA NA NA NA NA NA NA
NA NA NA NA NA NA NA NA NA NA NA NA NA NA NA NA NA NA NA NA NA NA NA NA NA NA NA NA NA NA NA NA NA NA NA NA NA NA NA NA NA NA NA NA NA NA NA NA NA NA NA NA NA NA NA NA NA NA NA NA NA NA NA NA NA NA NA NA NA NA NA NA NA NA NA NA NA NA NA NA NA NA NA NA NA NA NA NA NA NA NA NA NA NA NA NA NA NA NA NA NA NA NA NA NA NA NA NA NA NA NA NA NA NA NA NA NA NA NA NA NA NA NA NA NA NA NA NA NA NA NA NA NA NA NA NA NA NA NA NA NA NA NA NA NA NA NA NA NA NA NA NA NA NA NA NA NA NA NA NA NA NA NA NA NA NA NA NA NA NA NA NA NA NA NA NA NA NA NA NA NA NA NA NA NA NA NA NA NA NA NA NA NA NA NA NA NA NA NA NA NA NA NA NA NA NA NA NA NA NA NA NA NA NA NA NA NA NA NA NA NA NA NA NA NA NA NA NA NA NA NA NA NA NA NA NA NA NA NA NA NA NA NA NA NA NA NA NA NA NA NA NA NA NA NA NA NA NA NA NA NA NA NA NA NA NA NA NA NA NA NA NA NA NA NA NA NA NA NA NA NA NA NA NA NA NA NA NA NA NA NA NA NA NA NA NA NA NA NA NA NA NA NA NA NA NA NA NA NA NA NA NA NA NA NA NA NA NA NA NA NA NA NA NA NA NA NA NA NA NA NA NA NA NA NA NA NA NA NA NA NA NA NA 225 225 226 226 226 226 226 226 225 225 225 225 225 226 226 226 226 226 226 226 226 226 226 226 226 226 226 226 226 226 226 227 227 226 227 227 227 227 227 227 228 228 227 228 228 228 228 228 228 228 228 228 228 228 228 228 229 229 229 229 229 229 229 230 231 231 231 231 230 230 230 230 230 230 231 231 231 231 230 230 230 230 230 231 231 231 230 230 229 229 229 230 230 230 230 229 229 230 230 229 229 229 229 229 230 NA NA NA NA NA NA NA NA NA NA NA NA NA NA NA NA NA NA NA NA NA NA NA NA NA NA NA NA NA NA NA NA NA NA NA NA NA NA NA NA NA NA NA NA NA NA NA NA NA NA NA NA NA NA NA
NA NA NA NA NA NA NA NA NA NA NA NA NA NA NA NA NA NA NA NA NA NA NA NA NA NA NA NA NA NA NA NA NA NA NA NA NA NA NA NA NA NA NA NA NA NA NA NA NA NA NA NA NA NA NA NA NA NA NA NA NA NA NA NA NA NA NA NA NA NA NA NA NA NA NA NA NA NA NA NA NA NA NA NA NA NA NA NA NA NA NA NA NA NA NA NA NA NA NA NA NA NA NA NA NA NA NA NA NA NA NA NA NA NA NA NA NA NA NA NA NA NA NA NA NA NA NA NA NA NA NA NA NA NA NA NA NA NA NA NA NA NA NA NA NA NA NA NA NA NA NA NA NA NA NA NA NA NA NA NA NA NA NA NA NA NA NA NA NA NA NA NA NA NA NA NA NA NA NA NA NA NA NA NA NA NA NA NA NA NA NA NA NA NA NA NA NA NA NA NA NA NA NA NA NA NA NA NA NA NA NA NA NA NA NA NA NA NA NA NA NA NA NA NA NA NA NA NA NA NA NA NA NA NA NA NA NA NA NA NA NA NA NA NA NA NA NA NA NA NA NA NA NA NA NA NA NA NA NA NA NA NA NA NA NA NA NA NA NA NA NA NA NA NA NA NA NA NA NA NA NA NA NA NA NA NA NA NA NA NA NA NA NA NA NA NA NA NA NA NA NA NA NA NA NA NA NA NA NA NA NA NA NA NA NA NA NA NA NA NA NA NA NA NA NA NA NA NA NA NA NA NA NA NA NA NA NA NA NA NA NA NA 225 225 225 225 226 226 226 225 225 225 225 225 226 226 226 226 226 226 226 226 226 226 226 226 226 226 226 226 226 226 226 226 226 226 227 226 226 226 226 227 227 227 228 228 228 228 229 228 228 229 228 228 229 228 229 229 228 228 229 229 229 229 229 230 230 231 231 231 230 230 230 231 231 231 230 231 231 231 232 231 230 231 230 230 230 230 230 230 230 230 230 230 230 230 230 230 229 229 230 230 229 229 229 229 229 229 229 NA NA NA NA NA NA NA NA NA NA NA NA NA NA NA NA NA NA NA NA NA NA NA NA NA NA NA NA NA NA NA NA NA NA NA NA NA NA NA NA NA NA NA NA NA NA NA NA NA NA NA NA NA NA
NA NA NA NA NA NA NA NA NA NA NA NA NA NA NA NA NA NA NA NA NA NA NA NA NA NA NA NA NA NA NA NA NA NA NA NA NA NA NA NA NA NA NA NA NA NA NA NA NA NA NA NA NA NA NA NA NA NA NA NA NA NA NA NA NA NA NA NA NA NA NA NA NA NA NA NA NA NA NA NA NA NA NA NA NA NA NA NA NA NA NA NA NA NA NA NA NA NA NA NA NA NA NA NA NA NA NA NA NA NA NA NA NA NA NA NA NA NA NA NA NA NA NA NA NA NA NA NA NA NA NA NA NA NA NA NA NA NA NA NA NA NA NA NA NA NA NA NA NA NA NA NA NA NA NA NA NA NA NA NA NA NA NA NA NA NA NA NA NA NA NA NA NA NA NA NA NA NA NA NA NA NA NA NA NA NA NA NA NA NA NA NA NA NA NA NA NA NA NA NA NA NA NA NA NA NA NA NA NA NA NA NA NA NA NA NA NA NA NA NA NA NA NA NA NA NA NA NA NA NA NA NA NA NA NA NA NA NA NA NA NA NA NA NA NA NA NA NA NA NA NA NA NA NA NA NA NA NA NA NA NA NA NA NA NA NA NA NA NA NA NA NA NA NA NA NA NA NA NA NA NA NA NA NA NA NA NA NA NA NA NA NA NA NA NA NA NA NA NA NA NA NA NA NA NA NA NA NA NA NA NA NA NA NA NA NA NA NA NA NA NA NA NA NA NA NA NA NA NA NA NA NA NA NA NA NA NA NA NA NA NA 225 225 225 225 225 226 226 226 225 225 225 225 226 226 226 226 226 226 226 226 226 226 226 226 226 226 226 226 226 226 226 226 226 227 227 226 227 227 227 227 227 227 227 228 228 229 229 229 229 229 229 229 229 229 229 229 228 228 228 229 229 229 229 229 229 230 231 231 231 231 231 230 231 232 231 231 231 231 232 232 231 231 231 231 231 231 230 230 231 231 231 231 231 230 230 230 230 229 229 230 230 229 229 229 229 229 229 229 NA NA NA NA NA NA NA NA NA NA NA NA NA NA NA NA NA NA NA NA NA NA NA NA NA NA NA NA NA NA NA NA NA NA NA NA NA NA NA NA NA NA NA NA NA NA NA NA NA NA NA NA NA NA
NA NA NA NA NA NA NA NA NA NA NA NA NA NA NA NA NA NA NA NA NA NA NA NA NA NA NA NA NA NA NA NA NA NA NA NA NA NA NA NA NA NA NA NA NA NA NA NA NA NA NA NA NA NA NA NA NA NA NA NA NA NA NA NA NA NA NA NA NA NA NA NA NA NA NA NA NA NA NA NA NA NA NA NA NA NA NA NA NA NA NA NA NA NA NA NA NA NA NA NA NA NA NA NA NA NA NA NA NA NA NA NA NA NA NA NA NA NA NA NA NA NA NA NA NA NA NA NA NA NA NA NA NA NA NA NA NA NA NA NA NA NA NA NA NA NA NA NA NA NA NA NA NA NA NA NA NA NA NA NA NA NA NA NA NA NA NA NA NA NA NA NA NA NA NA NA NA NA NA NA NA NA NA NA NA NA NA NA NA NA NA NA NA NA NA NA NA NA NA NA NA NA NA NA NA NA NA NA NA NA NA NA NA NA NA NA NA NA NA NA NA NA NA NA NA NA NA NA NA NA NA NA NA NA NA NA NA NA NA NA NA NA NA NA NA NA NA NA NA NA NA NA NA NA NA NA NA NA NA NA NA NA NA NA NA NA NA NA NA NA NA NA NA NA NA NA NA NA NA NA NA NA NA NA NA NA NA NA NA NA NA NA NA NA NA NA NA NA NA NA NA NA NA NA NA NA NA NA NA NA NA NA NA NA NA NA NA NA NA NA NA NA NA NA NA NA NA NA NA NA NA NA NA NA NA NA NA NA NA NA 225 225 225 225 225 225 225 226 226 225 225 225 226 226 226 226 226 226 226 226 226 226 226 226 226 226 226 226 226 226 226 226 226 226 226 227 227 226 226 227 227 227 227 228 228 228 229 229 229 229 229 229 229 230 229 229 229 229 229 229 229 229 229 229 229 230 231 231 231 232 231 231 231 231 231 231 231 231 232 231 231 231 231 230 230 230 230 230 231 231 232 232 231 231 230 230 230 230 229 229 229 230 228 229 229 229 229 229 NA NA NA NA NA NA NA NA NA NA NA NA NA NA NA NA NA NA NA NA NA NA NA NA NA NA NA NA NA NA NA NA NA NA NA NA NA NA NA NA NA NA NA NA NA NA NA NA NA NA NA NA NA NA NA
NA NA NA NA NA NA NA NA NA NA NA NA NA NA NA NA NA NA NA NA NA NA NA NA NA NA NA NA NA NA NA NA NA NA NA NA NA NA NA NA NA NA NA NA NA NA NA NA NA NA NA NA NA NA NA NA NA NA NA NA NA NA NA NA NA NA NA NA NA NA NA NA NA NA NA NA NA NA NA NA NA NA NA NA NA NA NA NA NA NA NA NA NA NA NA NA NA NA NA NA NA NA NA NA NA NA NA NA NA NA NA NA NA NA NA NA NA NA NA NA NA NA NA NA NA NA NA NA NA NA NA NA NA NA NA NA NA NA NA NA NA NA NA NA NA NA NA NA NA NA NA NA NA NA NA NA NA NA NA NA NA NA NA NA NA NA NA NA NA NA NA NA NA NA NA NA NA NA NA NA NA NA NA NA NA NA NA NA NA NA NA NA NA NA NA NA NA NA NA NA NA NA NA NA NA NA NA NA NA NA NA NA NA NA NA NA NA NA NA NA NA NA NA NA NA NA NA NA NA NA NA NA NA NA NA NA NA NA NA NA NA NA NA NA NA NA NA NA NA NA NA NA NA NA NA NA NA NA NA NA NA NA NA NA NA NA NA NA NA NA NA NA NA NA NA NA NA NA NA NA NA NA NA NA NA NA NA NA NA NA NA NA NA NA NA NA NA NA NA NA NA NA NA NA NA NA NA NA NA NA NA NA NA NA NA NA NA NA NA NA NA NA NA NA NA NA NA NA NA NA NA NA NA NA NA NA NA NA 226 226 226 225 225 225 225 225 225 226 225 225 225 226 226 226 226 226 226 226 226 226 226 226 226 226 226 226 226 226 226 226 226 227 227 227 226 227 227 227 226 227 227 227 227 227 228 229 229 229 229 229 229 229 229 230 230 230 229 230 229 229 229 229 230 230 230 230 231 231 231 231 232 232 232 232 231 231 231 232 232 232 231 231 231 231 231 231 231 230 231 231 231 232 232 231 231 230 230 230 230 230 230 230 229 229 229 229 229 NA NA NA NA NA NA NA NA NA NA NA NA NA NA NA NA NA NA NA NA NA NA NA NA NA NA NA NA NA NA NA NA NA NA NA NA NA NA NA NA NA NA NA NA NA NA NA NA NA NA NA NA NA NA NA NA
NA NA NA NA NA NA NA NA NA NA NA NA NA NA NA NA NA NA NA NA NA NA NA NA NA NA NA NA NA NA NA NA NA NA NA NA NA NA NA NA NA NA NA NA NA NA NA NA NA NA NA NA NA NA NA NA NA NA NA NA NA NA NA NA NA NA NA NA NA NA NA NA NA NA NA NA NA NA NA NA NA NA NA NA NA NA NA NA NA NA NA NA NA NA NA NA NA NA NA NA NA NA NA NA NA NA NA NA NA NA NA NA NA NA NA NA NA NA NA NA NA NA NA NA NA NA NA NA NA NA NA NA NA NA NA NA NA NA NA NA NA NA NA NA NA NA NA NA NA NA NA NA NA NA NA NA NA NA NA NA NA NA NA NA NA NA NA NA NA NA NA NA NA NA NA NA NA NA NA NA NA NA NA NA NA NA NA NA NA NA NA NA NA NA NA NA NA NA NA NA NA NA NA NA NA NA NA NA NA NA NA NA NA NA NA NA NA NA NA NA NA NA NA NA NA NA NA NA NA NA NA NA NA NA NA NA NA NA NA NA NA NA NA NA NA NA NA NA NA NA NA NA NA NA NA NA NA NA NA NA NA NA NA NA NA NA NA NA NA NA NA NA NA NA NA NA NA NA NA NA NA NA NA NA NA NA NA NA NA NA NA NA NA NA NA NA NA NA NA NA NA NA NA NA NA NA NA NA NA NA NA NA NA NA NA NA NA NA NA NA NA NA NA NA NA NA NA NA NA NA NA NA NA NA NA NA NA 226 226 226 226 225 225 225 225 225 225 225 225 225 226 226 226 226 226 226 226 226 226 226 226 226 226 226 226 226 226 226 226 226 226 226 227 227 226 226 227 227 227 227 227 227 227 228 228 229 229 228 229 230 230 230 230 230 230 230 231 231 230 230 230 230 230 231 231 231 232 231 231 231 231 231 232 232 232 232 232 232 232 232 231 231 231 231 232 231 231 231 231 232 232 231 231 231 230 230 230 230 230 230 230 230 228 229 229 229 230 NA NA NA NA NA NA NA NA NA NA NA NA NA NA NA NA NA NA NA NA NA NA NA NA NA NA NA NA NA NA NA NA NA NA NA NA NA NA NA NA NA NA NA NA NA NA NA NA NA NA NA NA NA NA NA NA
NA NA NA NA NA NA NA NA NA NA NA NA NA NA NA NA NA NA NA NA NA NA NA NA NA NA NA NA NA NA NA NA NA NA NA NA NA NA NA NA NA NA NA NA NA NA NA NA NA NA NA NA NA NA NA NA NA NA NA NA NA NA NA NA NA NA NA NA NA NA NA NA NA NA NA NA NA NA NA NA NA NA NA NA NA NA NA NA NA NA NA NA NA NA NA NA NA NA NA NA NA NA NA NA NA NA NA NA NA NA NA NA NA NA NA NA NA NA NA NA NA NA NA NA NA NA NA NA NA NA NA NA NA NA NA NA NA NA NA NA NA NA NA NA NA NA NA NA NA NA NA NA NA NA NA NA NA NA NA NA NA NA NA NA NA NA NA NA NA NA NA NA NA NA NA NA NA NA NA NA NA NA NA NA NA NA NA NA NA NA NA NA NA NA NA NA NA NA NA NA NA NA NA NA NA NA NA NA NA NA NA NA NA NA NA NA NA NA NA NA NA NA NA NA NA NA NA NA NA NA NA NA NA NA NA NA NA NA NA NA NA NA NA NA NA NA NA NA NA NA NA NA NA NA NA NA NA NA NA NA NA NA NA NA NA NA NA NA NA NA NA NA NA NA NA NA NA NA NA NA NA NA NA NA NA NA NA NA NA NA NA NA NA NA NA NA NA NA NA NA NA NA NA NA NA NA NA NA NA NA NA NA NA NA NA NA NA NA NA NA NA NA NA NA NA NA NA NA NA NA NA NA NA NA NA NA NA 226 226 226 226 226 226 226 226 225 225 225 225 226 226 226 226 226 226 226 226 226 226 226 226 226 226 226 226 226 226 226 226 226 226 226 227 227 227 227 227 227 227 227 227 227 228 228 229 229 229 228 229 229 229 229 230 231 231 231 230 230 231 231 231 231 231 231 231 231 231 231 230 231 231 231 231 231 231 231 232 232 232 231 231 231 231 231 232 232 231 231 231 232 231 231 230 230 230 230 230 230 230 230 231 230 228 229 229 229 229 NA NA NA NA NA NA NA NA NA NA NA NA NA NA NA NA NA NA NA NA NA NA NA NA NA NA NA NA NA NA NA NA NA NA NA NA NA NA NA NA NA NA NA NA NA NA NA NA NA NA NA NA NA NA NA NA
NA NA NA NA NA NA NA NA NA NA NA NA NA NA NA NA NA NA NA NA NA NA NA NA NA NA NA NA NA NA NA NA NA NA NA NA NA NA NA NA NA NA NA NA NA NA NA NA NA NA NA NA NA NA NA NA NA NA NA NA NA NA NA NA NA NA NA NA NA NA NA NA NA NA NA NA NA NA NA NA NA NA NA NA NA NA NA NA NA NA NA NA NA NA NA NA NA NA NA NA NA NA NA NA NA NA NA NA NA NA NA NA NA NA NA NA NA NA NA NA NA NA NA NA NA NA NA NA NA NA NA NA NA NA NA NA NA NA NA NA NA NA NA NA NA NA NA NA NA NA NA NA NA NA NA NA NA NA NA NA NA NA NA NA NA NA NA NA NA NA NA NA NA NA NA NA NA NA NA NA NA NA NA NA NA NA NA NA NA NA NA NA NA NA NA NA NA NA NA NA NA NA NA NA NA NA NA NA NA NA NA NA NA NA NA NA NA NA NA NA NA NA NA NA NA NA NA NA NA NA NA NA NA NA NA NA NA NA NA NA NA NA NA NA NA NA NA NA NA NA NA NA NA NA NA NA NA NA NA NA NA NA NA NA NA NA NA NA NA NA NA NA NA NA NA NA NA NA NA NA NA NA NA NA NA NA NA NA NA NA NA NA NA NA NA NA NA NA NA NA NA NA NA NA NA NA NA NA NA NA NA NA NA NA NA NA NA NA NA NA NA NA NA NA NA NA NA NA NA NA NA NA NA NA NA NA NA NA 226 226 226 226 226 226 225 225 225 225 226 226 226 226 226 226 226 226 226 226 226 226 226 226 226 226 226 226 226 226 226 226 226 226 227 227 227 227 227 227 228 227 228 228 228 228 229 229 229 228 228 228 228 229 229 230 231 231 230 230 230 230 231 231 231 231 231 230 231 231 230 231 231 230 231 231 232 232 232 232 231 231 231 231 231 231 232 232 231 231 232 232 231 231 231 230 230 230 230 230 230 230 230 230 229 228 229 229 230 NA NA NA NA NA NA NA NA NA NA NA NA NA NA NA NA NA NA NA NA NA NA NA NA NA NA NA NA NA NA NA NA NA NA NA NA NA NA NA NA NA NA NA NA NA NA NA NA NA NA NA NA NA NA NA NA
NA NA NA NA NA NA NA NA NA NA NA NA NA NA NA NA NA NA NA NA NA NA NA NA NA NA NA NA NA NA NA NA NA NA NA NA NA NA NA NA NA NA NA NA NA NA NA NA NA NA NA NA NA NA NA NA NA NA NA NA NA NA NA NA NA NA NA NA NA NA NA NA NA NA NA NA NA NA NA NA NA NA NA NA NA NA NA NA NA NA NA NA NA NA NA NA NA NA NA NA NA NA NA NA NA NA NA NA NA NA NA NA NA NA NA NA NA NA NA NA NA NA NA NA NA NA NA NA NA NA NA NA NA NA NA NA NA NA NA NA NA NA NA NA NA NA NA NA NA NA NA NA NA NA NA NA NA NA NA NA NA NA NA NA NA NA NA NA NA NA NA NA NA NA NA NA NA NA NA NA NA NA NA NA NA NA NA NA NA NA NA NA NA NA NA NA NA NA NA NA NA NA NA NA NA NA NA NA NA NA NA NA NA NA NA NA NA NA NA NA NA NA NA NA NA NA NA NA NA NA NA NA NA NA NA NA NA NA NA NA NA NA NA NA NA NA NA NA NA NA NA NA NA NA NA NA NA NA NA NA NA NA NA NA NA NA NA NA NA NA NA NA NA NA NA NA NA NA NA NA NA NA NA NA NA NA NA NA NA NA NA NA NA NA NA NA NA NA NA NA NA NA NA NA NA NA NA NA NA NA NA NA NA NA NA NA NA NA NA NA NA NA NA NA NA NA NA NA NA NA NA NA NA NA NA NA NA NA NA 226 226 226 226 226 226 226 225 226 226 226 226 226 226 226 226 226 226 226 226 226 226 226 226 226 226 226 226 226 227 227 226 226 227 227 227 228 227 227 227 228 228 227 228 228 228 229 228 228 228 229 229 229 229 229 230 230 230 230 230 231 231 231 230 231 231 231 230 231 230 231 231 230 230 231 231 231 232 232 232 231 231 231 232 232 232 232 232 232 233 232 232 231 230 230 230 230 230 230 231 231 231 231 229 229 228 229 NA NA NA NA NA NA NA NA NA NA NA NA NA NA NA NA NA NA NA NA NA NA NA NA NA NA NA NA NA NA NA NA NA NA NA NA NA NA NA NA NA NA NA NA NA NA NA NA NA NA NA NA NA NA NA NA NA
NA NA NA NA NA NA NA NA NA NA NA NA NA NA NA NA NA NA NA NA NA NA NA NA NA NA NA NA NA NA NA NA NA NA NA NA NA NA NA NA NA NA NA NA NA NA NA NA NA NA NA NA NA NA NA NA NA NA NA NA NA NA NA NA NA NA NA NA NA NA NA NA NA NA NA NA NA NA NA NA NA NA NA NA NA NA NA NA NA NA NA NA NA NA NA NA NA NA NA NA NA NA NA NA NA NA NA NA NA NA NA NA NA NA NA NA NA NA NA NA NA NA NA NA NA NA NA NA NA NA NA NA NA NA NA NA NA NA NA NA NA NA NA NA NA NA NA NA NA NA NA NA NA NA NA NA NA NA NA NA NA NA NA NA NA NA NA NA NA NA NA NA NA NA NA NA NA NA NA NA NA NA NA NA NA NA NA NA NA NA NA NA NA NA NA NA NA NA NA NA NA NA NA NA NA NA NA NA NA NA NA NA NA NA NA NA NA NA NA NA NA NA NA NA NA NA NA NA NA NA NA NA NA NA NA NA NA NA NA NA NA NA NA NA NA NA NA NA NA NA NA NA NA NA NA NA NA NA NA NA NA NA NA NA NA NA NA NA NA NA NA NA NA NA NA NA NA NA NA NA NA NA NA NA NA NA NA NA NA NA NA NA NA NA NA NA NA NA NA NA NA NA NA NA NA NA NA NA NA NA NA NA NA NA NA NA NA NA NA NA NA NA NA NA NA NA NA NA NA NA NA NA NA NA NA NA NA NA 226 226 226 226 226 226 226 226 226 226 226 226 226 226 226 226 226 226 226 226 226 226 226 226 226 226 226 226 226 226 227 227 227 227 227 227 227 227 227 227 227 227 227 228 228 228 228 228 228 228 229 229 229 229 230 230 230 231 231 230 230 230 231 231 230 231 231 231 230 231 230 230 230 230 231 230 231 231 232 231 232 232 232 232 232 233 232 232 232 233 233 233 232 231 230 230 231 230 230 230 230 230 231 230 229 229 228 229 NA NA NA NA NA NA NA NA NA NA NA NA NA NA NA NA NA NA NA NA NA NA NA NA NA NA NA NA NA NA NA NA NA NA NA NA NA NA NA NA NA NA NA NA NA NA NA NA NA NA NA NA NA NA NA NA NA
NA NA NA NA NA NA NA NA NA NA NA NA NA NA NA NA NA NA NA NA NA NA NA NA NA NA NA NA NA NA NA NA NA NA NA NA NA NA NA NA NA NA NA NA NA NA NA NA NA NA NA NA NA NA NA NA NA NA NA NA NA NA NA NA NA NA NA NA NA NA NA NA NA NA NA NA NA NA NA NA NA NA NA NA NA NA NA NA NA NA NA NA NA NA NA NA NA NA NA NA NA NA NA NA NA NA NA NA NA NA NA NA NA NA NA NA NA NA NA NA NA NA NA NA NA NA NA NA NA NA NA NA NA NA NA NA NA NA NA NA NA NA NA NA NA NA NA NA NA NA NA NA NA NA NA NA NA NA NA NA NA NA NA NA NA NA NA NA NA NA NA NA NA NA NA NA NA NA NA NA NA NA NA NA NA NA NA NA NA NA NA NA NA NA NA NA NA NA NA NA NA NA NA NA NA NA NA NA NA NA NA NA NA NA NA NA NA NA NA NA NA NA NA NA NA NA NA NA NA NA NA NA NA NA NA NA NA NA NA NA NA NA NA NA NA NA NA NA NA NA NA NA NA NA NA NA NA NA NA NA NA NA NA NA NA NA NA NA NA NA NA NA NA NA NA NA NA NA NA NA NA NA NA NA NA NA NA NA NA NA NA NA NA NA NA NA NA NA NA NA NA NA NA NA NA NA NA NA NA NA NA NA NA NA NA NA NA NA NA NA NA NA NA NA NA NA NA NA NA NA NA NA NA NA NA NA NA NA NA NA 226 226 226 226 226 226 226 226 226 226 226 226 226 226 226 226 226 226 226 226 226 226 227 227 226 226 226 226 227 227 227 227 227 227 227 227 228 228 227 227 227 228 228 228 228 228 227 228 229 229 229 229 229 230 230 230 230 230 230 230 230 230 230 231 231 231 230 230 230 230 230 231 231 231 231 231 231 231 232 232 232 232 232 232 232 232 232 232 232 232 232 231 231 231 231 230 230 230 230 230 230 230 229 229 229 NA NA NA NA NA NA NA NA NA NA NA NA NA NA NA NA NA NA NA NA NA NA NA NA NA NA NA NA NA NA NA NA NA NA NA NA NA NA NA NA NA NA NA NA NA NA NA NA NA NA NA NA NA NA NA NA NA NA
NA NA NA NA NA NA NA NA NA NA NA NA NA NA NA NA NA NA NA NA NA NA NA NA NA NA NA NA NA NA NA NA NA NA NA NA NA NA NA NA NA NA NA NA NA NA NA NA NA NA NA NA NA NA NA NA NA NA NA NA NA NA NA NA NA NA NA NA NA NA NA NA NA NA NA NA NA NA NA NA NA NA NA NA NA NA NA NA NA NA NA NA NA NA NA NA NA NA NA NA NA NA NA NA NA NA NA NA NA NA NA NA NA NA NA NA NA NA NA NA NA NA NA NA NA NA NA NA NA NA NA NA NA NA NA NA NA NA NA NA NA NA NA NA NA NA NA NA NA NA NA NA NA NA NA NA NA NA NA NA NA NA NA NA NA NA NA NA NA NA NA NA NA NA NA NA NA NA NA NA NA NA NA NA NA NA NA NA NA NA NA NA NA NA NA NA NA NA NA NA NA NA NA NA NA NA NA NA NA NA NA NA NA NA NA NA NA NA NA NA NA NA NA NA NA NA NA NA NA NA NA NA NA NA NA NA NA NA NA NA NA NA NA NA NA NA NA NA NA NA NA NA NA NA NA NA NA NA NA NA NA NA NA NA NA NA NA NA NA NA NA NA NA NA NA NA NA NA NA NA NA NA NA NA NA NA NA NA NA NA NA NA NA NA NA NA NA NA NA NA NA NA NA NA NA NA NA NA NA NA NA NA NA NA NA NA NA NA NA NA NA NA NA NA NA NA NA NA NA NA NA NA NA NA NA NA NA NA 226 226 226 226 226 226 226 226 226 226 226 226 226 226 226 226 226 226 226 226 226 226 226 226 226 226 227 226 226 226 226 227 227 227 227 227 227 227 228 228 228 228 228 228 227 228 228 228 228 228 228 228 228 229 229 230 229 229 229 229 230 230 229 229 230 230 230 230 230 231 231 231 230 231 231 231 232 231 231 231 232 232 232 232 232 231 232 231 232 232 232 232 231 232 232 231 230 230 230 230 230 230 230 231 229 229 229 NA NA NA NA NA NA NA NA NA NA NA NA NA NA NA NA NA NA NA NA NA NA NA NA NA NA NA NA NA NA NA NA NA NA NA NA NA NA NA NA NA NA NA NA NA NA NA NA NA NA NA NA NA NA NA NA NA NA
NA NA NA NA NA NA NA NA NA NA NA NA NA NA NA NA NA NA NA NA NA NA NA NA NA NA NA NA NA NA NA NA NA NA NA NA NA NA NA NA NA NA NA NA NA NA NA NA NA NA NA NA NA NA NA NA NA NA NA NA NA NA NA NA NA NA NA NA NA NA NA NA NA NA NA NA NA NA NA NA NA NA NA NA NA NA NA NA NA NA NA NA NA NA NA NA NA NA NA NA NA NA NA NA NA NA NA NA NA NA NA NA NA NA NA NA NA NA NA NA NA NA NA NA NA NA NA NA NA NA NA NA NA NA NA NA NA NA NA NA NA NA NA NA NA NA NA NA NA NA NA NA NA NA NA NA NA NA NA NA NA NA NA NA NA NA NA NA NA NA NA NA NA NA NA NA NA NA NA NA NA NA NA NA NA NA NA NA NA NA NA NA NA NA NA NA NA NA NA NA NA NA NA NA NA NA NA NA NA NA NA NA NA NA NA NA NA NA NA NA NA NA NA NA NA NA NA NA NA NA NA NA NA NA NA NA NA NA NA NA NA NA NA NA NA NA NA NA NA NA NA NA NA NA NA NA NA NA NA NA NA NA NA NA NA NA NA NA NA NA NA NA NA NA NA NA NA NA NA NA NA NA NA NA NA NA NA NA NA NA NA NA NA NA NA NA NA NA NA NA NA NA NA NA NA NA NA NA NA NA NA NA NA NA NA NA NA NA NA NA NA NA NA NA NA NA NA NA NA NA NA NA NA NA NA NA NA NA 226 226 226 226 226 226 226 226 226 226 226 226 226 226 226 226 226 226 226 226 227 226 226 227 227 226 227 226 226 226 226 227 227 227 227 227 227 227 227 227 227 227 227 227 227 227 228 228 228 228 228 228 228 228 229 229 229 229 228 229 229 229 229 230 230 231 231 231 230 231 231 231 231 231 230 231 232 232 231 231 232 232 232 232 231 232 231 231 231 231 231 231 231 231 231 232 231 230 230 230 230 231 231 NA NA 230 NA NA NA NA NA NA NA NA NA NA NA NA NA NA NA NA NA NA NA NA NA NA NA NA NA NA NA NA NA NA NA NA NA NA NA NA NA NA NA NA NA NA NA NA NA NA NA NA NA NA NA NA NA NA NA NA NA NA NA
NA NA NA NA NA NA NA NA NA NA NA NA NA NA NA NA NA NA NA NA NA NA NA NA NA NA NA NA NA NA NA NA NA NA NA NA NA NA NA NA NA NA NA NA NA NA NA NA NA NA NA NA NA NA NA NA NA NA NA NA NA NA NA NA NA NA NA NA NA NA NA NA NA NA NA NA NA NA NA NA NA NA NA NA NA NA NA NA NA NA NA NA NA NA NA NA NA NA NA NA NA NA NA NA NA NA NA NA NA NA NA NA NA NA NA NA NA NA NA NA NA NA NA NA NA NA NA NA NA NA NA NA NA NA NA NA NA NA NA NA NA NA NA NA NA NA NA NA NA NA NA NA NA NA NA NA NA NA NA NA NA NA NA NA NA NA NA NA NA NA NA NA NA NA NA NA NA NA NA NA NA NA NA NA NA NA NA NA NA NA NA NA NA NA NA NA NA NA NA NA NA NA NA NA NA NA NA NA NA NA NA NA NA NA NA NA NA NA NA NA NA NA NA NA NA NA NA NA NA NA NA NA NA NA NA NA NA NA NA NA NA NA NA NA NA NA NA NA NA NA NA NA NA NA NA NA NA NA NA NA NA NA NA NA NA NA NA NA NA NA NA NA NA NA NA NA NA NA NA NA NA NA NA NA NA NA NA NA NA NA NA NA NA NA NA NA NA NA NA NA NA NA NA NA NA NA NA NA NA NA NA NA NA NA NA NA NA NA NA NA NA NA NA NA NA NA NA NA NA NA NA NA NA NA NA NA NA 226 226 226 225 225 226 226 226 226 226 226 226 226 226 226 226 227 227 226 226 226 227 226 227 227 227 227 227 227 227 227 226 227 227 227 227 227 227 227 227 227 227 227 227 227 227 227 227 227 228 228 228 228 228 228 229 228 228 228 228 229 229 230 230 230 230 231 231 231 231 231 231 231 231 231 231 230 231 232 231 231 232 232 232 232 232 232 232 232 231 232 231 231 231 230 231 231 231 230 230 230 230 231 NA NA NA NA NA NA NA NA NA NA NA NA NA NA NA NA NA NA NA NA NA NA NA NA NA NA NA NA NA NA NA NA NA NA NA NA NA NA NA NA NA NA NA NA NA NA NA NA NA NA NA NA NA NA NA NA NA NA NA NA NA NA NA
NA NA NA NA NA NA NA NA NA NA NA NA NA NA NA NA NA NA NA NA NA NA NA NA NA NA NA NA NA NA NA NA NA NA NA NA NA NA NA NA NA NA NA NA NA NA NA NA NA NA NA NA NA NA NA NA NA NA NA NA NA NA NA NA NA NA NA NA NA NA NA NA NA NA NA NA NA NA NA NA NA NA NA NA NA NA NA NA NA NA NA NA NA NA NA NA NA NA NA NA NA NA NA NA NA NA NA NA NA NA NA NA NA NA NA NA NA NA NA NA NA NA NA NA NA NA NA NA NA NA NA NA NA NA NA NA NA NA NA NA NA NA NA NA NA NA NA NA NA NA NA NA NA NA NA NA NA NA NA NA NA NA NA NA NA NA NA NA NA NA NA NA NA NA NA NA NA NA NA NA NA NA NA NA NA NA NA NA NA NA NA NA NA NA NA NA NA NA NA NA NA NA NA NA NA NA NA NA NA NA NA NA NA NA NA NA NA NA NA NA NA NA NA NA NA NA NA NA NA NA NA NA NA NA NA NA NA NA NA NA NA NA NA NA NA NA NA NA NA NA NA NA NA NA NA NA NA NA NA NA NA NA NA NA NA NA NA NA NA NA NA NA NA NA NA NA NA NA NA NA NA NA NA NA NA NA NA NA NA NA NA NA NA NA NA NA NA NA NA NA NA NA NA NA NA NA NA NA NA NA NA NA NA NA NA NA NA NA NA NA NA NA NA NA NA NA NA NA NA NA NA NA 225 225 NA NA NA 226 226 226 226 226 226 226 226 226 226 226 226 226 226 226 226 226 226 227 226 227 227 227 227 227 226 226 226 226 226 226 226 227 227 227 227 227 227 227 227 227 227 227 227 227 227 227 227 227 228 228 227 227 227 228 229 228 228 228 229 229 230 230 231 230 230 231 232 231 231 231 231 231 231 231 231 230 231 231 232 232 232 233 232 232 233 233 232 232 232 232 232 232 232 231 231 231 231 230 231 231 231 NA NA NA NA NA NA NA NA NA NA NA NA NA NA NA NA NA NA NA NA NA NA NA NA NA NA NA NA NA NA NA NA NA NA NA NA NA NA NA NA NA NA NA NA NA NA NA NA NA NA NA NA NA NA NA NA NA NA NA NA NA NA NA NA
NA NA NA NA NA NA NA NA NA NA NA NA NA NA NA NA NA NA NA NA NA NA NA NA NA NA NA NA NA NA NA NA NA NA NA NA NA NA NA NA NA NA NA NA NA NA NA NA NA NA NA NA NA NA NA NA NA NA NA NA NA NA NA NA NA NA NA NA NA NA NA NA NA NA NA NA NA NA NA NA NA NA NA NA NA NA NA NA NA NA NA NA NA NA NA NA NA NA NA NA NA NA NA NA NA NA NA NA NA NA NA NA NA NA NA NA NA NA NA NA NA NA NA NA NA NA NA NA NA NA NA NA NA NA NA NA NA NA NA NA NA NA NA NA NA NA NA NA NA NA NA NA NA NA NA NA NA NA NA NA NA NA NA NA NA NA NA NA NA NA NA NA NA NA NA NA NA NA NA NA NA NA NA NA NA NA NA NA NA NA NA NA NA NA NA NA NA NA NA NA NA NA NA NA NA NA NA NA NA NA NA NA NA NA NA NA NA NA NA NA NA NA NA NA NA NA NA NA NA NA NA NA NA NA NA NA NA NA NA NA NA NA NA NA NA NA NA NA NA NA NA NA NA NA NA NA NA NA NA NA NA NA NA NA NA NA NA NA NA NA NA NA NA NA NA NA NA NA NA NA NA NA NA NA NA NA NA NA NA NA NA NA NA NA NA NA NA NA NA NA NA NA NA NA NA NA NA NA NA NA NA NA NA NA NA NA NA NA NA NA NA NA NA NA NA NA NA NA NA NA NA 226 226 226 226 226 227 226 226 226 226 226 226 226 226 226 226 226 226 226 226 226 226 226 226 227 227 227 227 227 227 227 226 226 226 226 226 226 227 227 227 227 227 227 227 227 227 227 227 227 227 228 227 227 228 227 228 228 228 228 227 227 228 228 228 229 230 229 230 230 231 231 231 231 232 231 231 232 231 231 232 232 231 231 231 232 NA NA 232 233 233 232 232 232 232 232 231 231 231 231 231 231 231 231 230 231 232 232 NA NA NA NA NA NA NA NA NA NA NA NA NA NA NA NA NA NA NA NA NA NA NA NA NA NA NA NA NA NA NA NA NA NA NA NA NA NA NA NA NA NA NA NA NA NA NA NA NA NA NA NA NA NA NA NA NA NA NA NA NA NA NA NA NA
NA NA NA NA NA NA NA NA NA NA NA NA NA NA NA NA NA NA NA NA NA NA NA NA NA NA NA NA NA NA NA NA NA NA NA NA NA NA NA NA NA NA NA NA NA NA NA NA NA NA NA NA NA NA NA NA NA NA NA NA NA NA NA NA NA NA NA NA NA NA NA NA NA NA NA NA NA NA NA NA NA NA NA NA NA NA NA NA NA NA NA NA NA NA NA NA NA NA NA NA NA NA NA NA NA NA NA NA NA NA NA NA NA NA NA NA NA NA NA NA NA NA NA NA NA NA NA NA NA NA NA NA NA NA NA NA NA NA NA NA NA NA NA NA NA NA NA NA NA NA NA NA NA NA NA NA NA NA NA NA NA NA NA NA NA NA NA NA NA NA NA NA NA NA NA NA NA NA NA NA NA NA NA NA NA NA NA NA NA NA NA NA NA NA NA NA NA NA NA NA NA NA NA NA NA NA NA NA NA NA NA NA NA NA NA NA NA NA NA NA NA NA NA NA NA NA NA NA NA NA NA NA NA NA NA NA NA NA NA NA NA NA NA NA NA NA NA NA NA NA NA NA NA NA NA NA NA NA NA NA NA NA NA NA NA NA NA NA NA NA NA NA NA NA NA NA NA NA NA NA NA NA NA NA NA NA NA NA NA NA NA NA NA NA NA NA NA NA NA NA NA NA NA NA NA NA NA NA NA NA NA NA NA NA NA NA NA NA NA NA NA NA NA NA NA NA 226 227 227 227 227 226 226 226 226 226 226 226 226 226 226 226 226 226 226 226 226 226 226 226 226 226 226 226 226 227 227 227 227 227 227 227 226 226 226 226 227 226 227 227 227 227 228 228 227 227 227 227 227 227 228 228 228 227 228 228 228 228 228 228 228 228 228 228 229 229 230 229 229 229 230 231 231 231 231 231 231 231 231 231 232 232 232 NA 231 NA NA NA 232 232 232 232 232 231 231 231 231 230 230 230 231 231 231 230 231 231 232 NA NA NA NA NA NA NA NA NA NA NA NA NA NA NA NA NA NA NA NA NA NA NA NA NA NA NA NA NA NA NA NA NA NA NA NA NA NA NA NA NA NA NA NA NA NA NA NA NA NA NA NA NA NA NA NA NA NA NA NA NA NA NA NA NA NA
NA NA NA NA NA NA NA NA NA NA NA NA NA NA NA NA NA NA NA NA NA NA NA NA NA NA NA NA NA NA NA NA NA NA NA NA NA NA NA NA NA NA NA NA NA NA NA NA NA NA NA NA NA NA NA NA NA NA NA NA NA NA NA NA NA NA NA NA NA NA NA NA NA NA NA NA NA NA NA NA NA NA NA NA NA NA NA NA NA NA NA NA NA NA NA NA NA NA NA NA NA NA NA NA NA NA NA NA NA NA NA NA NA NA NA NA NA NA NA NA NA NA NA NA NA NA NA NA NA NA NA NA NA NA NA NA NA NA NA NA NA NA NA NA NA NA NA NA NA NA NA NA NA NA NA NA NA NA NA NA NA NA NA NA NA NA NA NA NA NA NA NA NA NA NA NA NA NA NA NA NA NA NA NA NA NA NA NA NA NA NA NA NA NA NA NA NA NA NA NA NA NA NA NA NA NA NA NA NA NA NA NA NA NA NA NA NA NA NA NA NA NA NA NA NA NA NA NA NA NA NA NA NA NA NA NA NA NA NA NA NA NA NA NA NA NA NA NA NA NA NA NA NA NA NA NA NA NA NA NA NA NA NA NA NA NA NA NA NA NA NA NA NA NA NA NA NA NA NA NA NA NA NA NA NA NA NA NA NA NA NA NA NA NA NA NA NA NA NA NA NA NA NA NA NA NA NA NA NA NA NA NA NA NA NA NA NA NA NA NA NA NA NA NA NA NA 227 227 227 226 226 226 226 226 226 226 226 226 226 226 226 227 226 226 226 226 226 226 226 226 226 226 226 226 226 227 227 227 227 227 227 226 227 227 226 227 227 227 227 227 228 228 227 227 227 227 227 228 228 228 228 229 228 228 228 228 228 228 228 228 228 228 228 228 228 229 229 229 230 230 230 231 231 232 231 231 231 231 231 232 232 232 NA NA NA NA NA 232 231 231 231 232 232 231 231 231 232 231 231 231 230 231 231 231 231 231 232 NA NA NA NA NA NA NA NA NA NA NA NA NA NA NA NA NA NA NA NA NA NA NA NA NA NA NA NA NA NA NA NA NA NA NA NA NA NA NA NA NA NA NA NA NA NA NA NA NA NA NA NA NA NA NA NA NA NA NA NA NA NA NA NA NA NA
NA NA NA NA NA NA NA NA NA NA NA NA NA NA NA NA NA NA NA NA NA NA NA NA NA NA NA NA NA NA NA NA NA NA NA NA NA NA NA NA NA NA NA NA NA NA NA NA NA NA NA NA NA NA NA NA NA NA NA NA NA NA NA NA NA NA NA NA NA NA NA NA NA NA NA NA NA NA NA NA NA NA NA NA NA NA NA NA NA NA NA NA NA NA NA NA NA NA NA NA NA NA NA NA NA NA NA NA NA NA NA NA NA NA NA NA NA NA NA NA NA NA NA NA NA NA NA NA NA NA NA NA NA NA NA NA NA NA NA NA NA NA NA NA NA NA NA NA NA NA NA NA NA NA NA NA NA NA NA NA NA NA NA NA NA NA NA NA NA NA NA NA NA NA NA NA NA NA NA NA NA NA NA NA NA NA NA NA NA NA NA NA NA NA NA NA NA NA NA NA NA NA NA NA NA NA NA NA NA NA NA NA NA NA NA NA NA NA NA NA NA NA NA NA NA NA NA NA NA NA NA NA NA NA NA NA NA NA NA NA NA NA NA NA NA NA NA NA NA NA NA NA NA NA NA NA NA NA NA NA NA NA NA NA NA NA NA NA NA NA NA NA NA NA NA NA NA NA NA NA NA NA NA NA NA NA NA NA NA NA NA NA NA NA NA NA NA NA NA NA NA NA NA NA NA NA NA NA NA NA NA NA NA NA NA NA NA NA NA NA NA NA NA NA NA 226 227 227 226 226 226 226 226 226 226 226 226 226 226 226 226 226 226 226 226 226 226 226 226 226 226 226 226 227 226 226 227 227 227 227 226 226 226 227 227 227 227 227 227 227 227 227 226 227 227 227 227 228 228 229 228 229 229 229 228 229 229 229 229 228 228 229 229 228 229 229 229 229 229 230 230 231 231 231 231 231 231 231 231 231 232 NA NA NA NA NA NA NA 231 231 231 231 231 231 231 231 231 231 231 231 231 231 231 231 231 231 232 NA NA NA NA NA NA NA NA NA NA NA NA NA NA NA NA NA NA NA NA NA NA NA NA NA NA NA NA NA NA NA NA NA NA NA NA NA NA NA NA NA NA NA NA NA NA NA NA NA NA NA NA NA NA NA NA NA NA NA NA NA NA NA NA NA NA
NA NA NA NA NA NA NA NA NA NA NA NA NA NA NA NA NA NA NA NA NA NA NA NA NA NA NA NA NA NA NA NA NA NA NA NA NA NA NA NA NA NA NA NA NA NA NA NA NA NA NA NA NA NA NA NA NA NA NA NA NA NA NA NA NA NA NA NA NA NA NA NA NA NA NA NA NA NA NA NA NA NA NA NA NA NA NA NA NA NA NA NA NA NA NA NA NA NA NA NA NA NA NA NA NA NA NA NA NA NA NA NA NA NA NA NA NA NA NA NA NA NA NA NA NA NA NA NA NA NA NA NA NA NA NA NA NA NA NA NA NA NA NA NA NA NA NA NA NA NA NA NA NA NA NA NA NA NA NA NA NA NA NA NA NA NA NA NA NA NA NA NA NA NA NA NA NA NA NA NA NA NA NA NA NA NA NA NA NA NA NA NA NA NA NA NA NA NA NA NA NA NA NA NA NA NA NA NA NA NA NA NA NA NA NA NA NA NA NA NA NA NA NA NA NA NA NA NA NA NA NA NA NA NA NA NA NA NA NA NA NA NA NA NA NA NA NA NA NA NA NA NA NA NA NA NA NA NA NA NA NA NA NA NA NA NA NA NA NA NA NA NA NA NA NA NA NA NA NA NA NA NA NA NA NA NA NA NA NA NA NA NA NA NA NA NA NA NA NA NA NA NA NA NA NA NA NA NA NA NA NA NA NA NA NA NA NA NA NA NA NA NA NA NA NA 226 226 227 226 226 226 226 226 226 226 226 226 226 225 226 226 226 226 226 226 226 226 226 226 226 226 226 226 226 226 227 227 227 227 227 226 226 226 227 227 227 227 227 227 227 226 226 227 227 NA NA NA 227 228 228 229 229 230 229 230 229 229 229 229 229 229 229 229 228 228 229 230 229 229 229 230 231 231 231 231 NA NA 231 NA 231 NA NA NA NA NA NA NA NA NA 231 231 231 231 231 231 231 231 231 231 231 232 232 231 231 231 232 232 NA NA NA NA NA NA NA NA NA NA NA NA NA NA NA NA NA NA NA NA NA NA NA NA NA NA NA NA NA NA NA NA NA NA NA NA NA NA NA NA NA NA NA NA NA NA NA NA NA NA NA NA NA NA NA NA NA NA NA NA NA NA NA NA NA NA
NA NA NA NA NA NA NA NA NA NA NA NA NA NA NA NA NA NA NA NA NA NA NA NA NA NA NA NA NA NA NA NA NA NA NA NA NA NA NA NA NA NA NA NA NA NA NA NA NA NA NA NA NA NA NA NA NA NA NA NA NA NA NA NA NA NA NA NA NA NA NA NA NA NA NA NA NA NA NA NA NA NA NA NA NA NA NA NA NA NA NA NA NA NA NA NA NA NA NA NA NA NA NA NA NA NA NA NA NA NA NA NA NA NA NA NA NA NA NA NA NA NA NA NA NA NA NA NA NA NA NA NA NA NA NA NA NA NA NA NA NA NA NA NA NA NA NA NA NA NA NA NA NA NA NA NA NA NA NA NA NA NA NA NA NA NA NA NA NA NA NA NA NA NA NA NA NA NA NA NA NA NA NA NA NA NA NA NA NA NA NA NA NA NA NA NA NA NA NA NA NA NA NA NA NA NA NA NA NA NA NA NA NA NA NA NA NA NA NA NA NA NA NA NA NA NA NA NA NA NA NA NA NA NA NA NA NA NA NA NA NA NA NA NA NA NA NA NA NA NA NA NA NA NA NA NA NA NA NA NA NA NA NA NA NA NA NA NA NA NA NA NA NA NA NA NA NA NA NA NA NA NA NA NA NA NA NA NA NA NA NA NA NA NA NA NA NA NA NA NA NA NA NA NA NA NA NA NA NA NA NA NA NA NA NA NA NA NA NA NA NA NA NA NA NA 226 226 226 226 226 226 226 226 227 227 226 226 226 226 226 226 226 226 226 226 226 226 227 227 226 226 226 226 226 227 227 227 227 227 227 227 226 226 226 227 227 227 227 227 226 226 227 227 227 NA NA NA NA NA 228 228 228 229 229 229 230 230 229 229 229 229 229 228 229 228 229 229 230 229 229 230 230 230 231 NA NA NA NA NA NA NA NA NA NA NA NA NA NA NA NA NA 231 232 232 232 232 232 232 232 232 NA NA NA 231 231 NA NA NA NA NA NA NA NA NA NA NA NA NA NA NA NA NA NA NA NA NA NA NA NA NA NA NA NA NA NA NA NA NA NA NA NA NA NA NA NA NA NA NA NA NA NA NA NA NA NA NA NA NA NA NA NA NA NA NA NA NA NA NA NA NA NA NA NA
NA NA NA NA NA NA NA NA NA NA NA NA NA NA NA NA NA NA NA NA NA NA NA NA NA NA NA NA NA NA NA NA NA NA NA NA NA NA NA NA NA NA NA NA NA NA NA NA NA NA NA NA NA NA NA NA NA NA NA NA NA NA NA NA NA NA NA NA NA NA NA NA NA NA NA NA NA NA NA NA NA NA NA NA NA NA NA NA NA NA NA NA NA NA NA NA NA NA NA NA NA NA NA NA NA NA NA NA NA NA NA NA NA NA NA NA NA NA NA NA NA NA NA NA NA NA NA NA NA NA NA NA NA NA NA NA NA NA NA NA NA NA NA NA NA NA NA NA NA NA NA NA NA NA NA NA NA NA NA NA NA NA NA NA NA NA NA NA NA NA NA NA NA NA NA NA NA NA NA NA NA NA NA NA NA NA NA NA NA NA NA NA NA NA NA NA NA NA NA NA NA NA NA NA NA NA NA NA NA NA NA NA NA NA NA NA NA NA NA NA NA NA NA NA NA NA NA NA NA NA NA NA NA NA NA NA NA NA NA NA NA NA NA NA NA NA NA NA NA NA NA NA NA NA NA NA NA NA NA NA NA NA NA NA NA NA NA NA NA NA NA NA NA NA NA NA NA NA NA NA NA NA NA NA NA NA NA NA NA NA NA NA NA NA NA NA NA NA NA NA NA NA NA NA NA NA NA NA NA NA NA NA NA NA NA NA NA NA NA NA NA NA NA NA NA NA 226 226 226 226 227 226 226 227 227 227 226 226 226 226 226 226 226 226 226 226 226 227 227 227 226 226 226 226 227 227 227 227 227 227 226 226 NA NA NA 227 227 227 226 226 227 227 227 228 NA NA NA NA NA NA NA NA 228 229 229 229 230 229 229 229 229 229 229 229 229 228 229 230 230 NA 229 230 230 NA NA NA NA NA NA NA NA NA NA NA NA NA NA NA NA NA NA NA 231 232 232 232 NA NA NA NA NA NA NA NA NA NA NA NA NA NA NA NA NA NA NA NA NA NA NA NA NA NA NA NA NA NA NA NA NA NA NA NA NA NA NA NA NA NA NA NA NA NA NA NA NA NA NA NA NA NA NA NA NA NA NA NA NA NA NA NA NA NA NA NA NA NA NA NA NA NA NA NA NA
NA NA NA NA NA NA NA NA NA NA NA NA NA NA NA NA NA NA NA NA NA NA NA NA NA NA NA NA NA NA NA NA NA NA NA NA NA NA NA NA NA NA NA NA NA NA NA NA NA NA NA NA NA NA NA NA NA NA NA NA NA NA NA NA NA NA NA NA NA NA NA NA NA NA NA NA NA NA NA NA NA NA NA NA NA NA NA NA NA NA NA NA NA NA NA NA NA NA NA NA NA NA NA NA NA NA NA NA NA NA NA NA NA NA NA NA NA NA NA NA NA NA NA NA NA NA NA NA NA NA NA NA NA NA NA NA NA NA NA NA NA NA NA NA NA NA NA NA NA NA NA NA NA NA NA NA NA NA NA NA NA NA NA NA NA NA NA NA NA NA NA NA NA NA NA NA NA NA NA NA NA NA NA NA NA NA NA NA NA NA NA NA NA NA NA NA NA NA NA NA NA NA NA NA NA NA NA NA NA NA NA NA NA NA NA NA NA NA NA NA NA NA NA NA NA NA NA NA NA NA NA NA NA NA NA NA NA NA NA NA NA NA NA NA NA NA NA NA NA NA NA NA NA NA NA NA NA NA NA NA NA NA NA NA NA NA NA NA NA NA NA NA NA NA NA NA NA NA NA NA NA NA NA NA NA NA NA NA NA NA NA NA NA NA NA NA NA NA NA NA NA NA NA NA NA NA NA NA NA NA NA NA NA NA NA NA NA NA NA NA NA NA NA NA NA NA NA 226 NA 227 226 226 226 227 227 227 226 226 225 225 225 226 226 226 226 226 227 227 227 226 226 226 226 226 226 227 227 227 227 227 226 226 NA NA NA NA 226 226 226 226 227 228 228 229 NA NA NA NA NA NA NA NA NA 228 229 229 230 229 230 230 229 229 229 229 229 229 NA 229 230 NA NA NA NA NA NA NA NA NA NA NA NA NA NA NA NA NA NA NA NA NA NA NA NA NA NA NA NA NA NA NA NA NA NA NA NA NA NA NA NA NA NA NA NA NA NA NA NA NA NA NA NA NA NA NA NA NA NA NA NA NA NA NA NA NA NA NA NA NA NA NA NA NA NA NA NA NA NA NA NA NA NA NA NA NA NA NA NA NA NA NA NA NA NA NA NA NA NA NA NA NA NA NA NA
NA NA NA NA NA NA NA NA NA NA NA NA NA NA NA NA NA NA NA NA NA NA NA NA NA NA NA NA NA NA NA NA NA NA NA NA NA NA NA NA NA NA NA NA NA NA NA NA NA NA NA NA NA NA NA NA NA NA NA NA NA NA NA NA NA NA NA NA NA NA NA NA NA NA NA NA NA NA NA NA NA NA NA NA NA NA NA NA NA NA NA NA NA NA NA NA NA NA NA NA NA NA NA NA NA NA NA NA NA NA NA NA NA NA NA NA NA NA NA NA NA NA NA NA NA NA NA NA NA NA NA NA NA NA NA NA NA NA NA NA NA NA NA NA NA NA NA NA NA NA NA NA NA NA NA NA NA NA NA NA NA NA NA NA NA NA NA NA NA NA NA NA NA NA NA NA NA NA NA NA NA NA NA NA NA NA NA NA NA NA NA NA NA NA NA NA NA NA NA NA NA NA NA NA NA NA NA NA NA NA NA NA NA NA NA NA NA NA NA NA NA NA NA NA NA NA NA NA NA NA NA NA NA NA NA NA NA NA NA NA NA NA NA NA NA NA NA NA NA NA NA NA NA NA NA NA NA NA NA NA NA NA NA NA NA NA NA NA NA NA NA NA NA NA NA NA NA NA NA NA NA NA NA NA NA NA NA NA NA NA NA NA NA NA NA NA NA NA NA NA NA NA NA NA NA NA NA NA NA NA NA NA NA NA NA NA NA NA NA NA NA NA NA NA NA NA NA NA NA NA 227 226 227 226 226 226 226 226 226 225 226 226 226 226 226 226 227 227 227 226 226 226 226 226 227 227 227 227 227 227 226 NA NA NA NA NA NA NA NA 227 228 NA NA NA NA NA NA NA NA NA NA NA NA NA 228 229 229 NA NA 230 229 229 229 NA NA NA NA NA NA NA NA NA NA NA NA NA NA NA NA NA NA NA NA NA NA NA NA NA NA NA NA NA NA NA NA NA NA NA NA NA NA NA NA NA NA NA NA NA NA NA NA NA NA NA NA NA NA NA NA NA NA NA NA NA NA NA NA NA NA NA NA NA NA NA NA NA NA NA NA NA NA NA NA NA NA NA NA NA NA NA NA NA NA NA NA NA NA NA NA NA NA NA NA NA NA NA NA NA NA NA NA NA NA
NA NA NA NA NA NA NA NA NA NA NA NA NA NA NA NA NA NA NA NA NA NA NA NA NA NA NA NA NA NA NA NA NA NA NA NA NA NA NA NA NA NA NA NA NA NA NA NA NA NA NA NA NA NA NA NA NA NA NA NA NA NA NA NA NA NA NA NA NA NA NA NA NA NA NA NA NA NA NA NA NA NA NA NA NA NA NA NA NA NA NA NA NA NA NA NA NA NA NA NA NA NA NA NA NA NA NA NA NA NA NA NA NA NA NA NA NA NA NA NA NA NA NA NA NA NA NA NA NA NA NA NA NA NA NA NA NA NA NA NA NA NA NA NA NA NA NA NA NA NA NA NA NA NA NA NA NA NA NA NA NA NA NA NA NA NA NA NA NA NA NA NA NA NA NA NA NA NA NA NA NA NA NA NA NA NA NA NA NA NA NA NA NA NA NA NA NA NA NA NA NA NA NA NA NA NA NA NA NA NA NA NA NA NA NA NA NA NA NA NA NA NA NA NA NA NA NA NA NA NA NA NA NA NA NA NA NA NA NA NA NA NA NA NA NA NA NA NA NA NA NA NA NA NA NA NA NA NA NA NA NA NA NA NA NA NA NA NA NA NA NA NA NA NA NA NA NA NA NA NA NA NA NA NA NA NA NA NA NA NA NA NA NA NA NA NA NA NA NA NA NA NA NA NA NA NA NA NA NA NA NA NA NA NA NA NA NA NA NA NA NA NA NA NA NA NA NA NA NA NA 227 227 226 226 226 226 226 226 226 226 226 226 226 226 226 227 227 227 226 226 227 227 227 227 227 227 227 NA 227 226 NA NA NA NA NA NA NA NA NA NA NA NA NA NA NA NA NA NA NA NA NA NA NA NA NA NA NA NA NA NA NA NA NA NA NA NA NA NA NA NA NA NA NA NA NA NA NA NA NA NA NA NA NA NA NA NA NA NA NA NA NA NA NA NA NA NA NA NA NA NA NA NA NA NA NA NA NA NA NA NA NA NA NA NA NA NA NA NA NA NA NA NA NA NA NA NA NA NA NA NA NA NA NA NA NA NA NA NA NA NA NA NA NA NA NA NA NA NA NA NA NA NA NA NA NA NA NA NA NA NA NA NA NA NA NA NA NA NA NA NA NA NA NA
NA NA NA NA NA NA NA NA NA NA NA NA NA NA NA NA NA NA NA NA NA NA NA NA NA NA NA NA NA NA NA NA NA NA NA NA NA NA NA NA NA NA NA NA NA NA NA NA NA NA NA NA NA NA NA NA NA NA NA NA NA NA NA NA NA NA NA NA NA NA NA NA NA NA NA NA NA NA NA NA NA NA NA NA NA NA NA NA NA NA NA NA NA NA NA NA NA NA NA NA NA NA NA NA NA NA NA NA NA NA NA NA NA NA NA NA NA NA NA NA NA NA NA NA NA NA NA NA NA NA NA NA NA NA NA NA NA NA NA NA NA NA NA NA NA NA NA NA NA NA NA NA NA NA NA NA NA NA NA NA NA NA NA NA NA NA NA NA NA NA NA NA NA NA NA NA NA NA NA NA NA NA NA NA NA NA NA NA NA NA NA NA NA NA NA NA NA NA NA NA NA NA NA NA NA NA NA NA NA NA NA NA NA NA NA NA NA NA NA NA NA NA NA NA NA NA NA NA NA NA NA NA NA NA NA NA NA NA NA NA NA NA NA NA NA NA NA NA NA NA NA NA NA NA NA NA NA NA NA NA NA NA NA NA NA NA NA NA NA NA NA NA NA NA NA NA NA NA NA NA NA NA NA NA NA NA NA NA NA NA NA NA NA NA NA NA NA NA NA NA NA NA NA NA NA NA NA NA NA NA NA NA NA NA NA NA NA NA NA NA NA NA NA NA NA NA NA NA NA NA NA 227 227 226 227 226 227 226 226 226 226 226 226 226 226 227 227 227 226 226 227 227 227 227 227 227 227 NA NA NA NA NA NA NA NA NA NA NA NA NA NA NA NA NA NA NA NA NA NA NA NA NA NA NA NA NA NA NA NA NA NA NA NA NA NA NA NA NA NA NA NA NA NA NA NA NA NA NA NA NA NA NA NA NA NA NA NA NA NA NA NA NA NA NA NA NA NA NA NA NA NA NA NA NA NA NA NA NA NA NA NA NA NA NA NA NA NA NA NA NA NA NA NA NA NA NA NA NA NA NA NA NA NA NA NA NA NA NA NA NA NA NA NA NA NA NA NA NA NA NA NA NA NA NA NA NA NA NA NA NA NA NA NA NA NA NA NA NA NA NA NA NA NA
NA NA NA NA NA NA NA NA NA NA NA NA NA NA NA NA NA NA NA NA NA NA NA NA NA NA NA NA NA NA NA NA NA NA NA NA NA NA NA NA NA NA NA NA NA NA NA NA NA NA NA NA NA NA NA NA NA NA NA NA NA NA NA NA NA NA NA NA NA NA NA NA NA NA NA NA NA NA NA NA NA NA NA NA NA NA NA NA NA NA NA NA NA NA NA NA NA NA NA NA NA NA NA NA NA NA NA NA NA NA NA NA NA NA NA NA NA NA NA NA NA NA NA NA NA NA NA NA NA NA NA NA NA NA NA NA NA NA NA NA NA NA NA NA NA NA NA NA NA NA NA NA NA NA NA NA NA NA NA NA NA NA NA NA NA NA NA NA NA NA NA NA NA NA NA NA NA NA NA NA NA NA NA NA NA NA NA NA NA NA NA NA NA NA NA NA NA NA NA NA NA NA NA NA NA NA NA NA NA NA NA NA NA NA NA NA NA NA NA NA NA NA NA NA NA NA NA NA NA NA NA NA NA NA NA NA NA NA NA NA NA NA NA NA NA NA NA NA NA NA NA NA NA NA NA NA NA NA NA NA NA NA NA NA NA NA NA NA NA NA NA NA NA NA NA NA NA NA NA NA NA NA NA NA NA NA NA NA NA NA NA NA NA NA NA NA NA NA NA NA NA NA NA NA NA NA NA NA NA NA NA NA NA NA NA NA NA NA NA NA NA NA NA NA NA NA NA NA NA NA NA NA 227 226 226 226 226 226 226 226 226 226 226 226 226 226 227 227 226 226 226 227 227 227 227 227 NA NA NA NA NA NA NA NA NA NA NA NA NA NA NA NA NA NA NA NA NA NA NA NA NA NA NA NA NA NA NA NA NA NA NA NA NA NA NA NA NA NA NA NA NA NA NA NA NA NA NA NA NA NA NA NA NA NA NA NA NA NA NA NA NA NA NA NA NA NA NA NA NA NA NA NA NA NA NA NA NA NA NA NA NA NA NA NA NA NA NA NA NA NA NA NA NA NA NA NA NA NA NA NA NA NA NA NA NA NA NA NA NA NA NA NA NA NA NA NA NA NA NA NA NA NA NA NA NA NA NA NA NA NA NA NA NA NA NA NA NA NA NA NA NA NA NA
NA NA NA NA NA NA NA NA NA NA NA NA NA NA NA NA NA NA NA NA NA NA NA NA NA NA NA NA NA NA NA NA NA NA NA NA NA NA NA NA NA NA NA NA NA NA NA NA NA NA NA NA NA NA NA NA NA NA NA NA NA NA NA NA NA NA NA NA NA NA NA NA NA NA NA NA NA NA NA NA NA NA NA NA NA NA NA NA NA NA NA NA NA NA NA NA NA NA NA NA NA NA NA NA NA NA NA NA NA NA NA NA NA NA NA NA NA NA NA NA NA NA NA NA NA NA NA NA NA NA NA NA NA NA NA NA NA NA NA NA NA NA NA NA NA NA NA NA NA NA NA NA NA NA NA NA NA NA NA NA NA NA NA NA NA NA NA NA NA NA NA NA NA NA NA NA NA NA NA NA NA NA NA NA NA NA NA NA NA NA NA NA NA NA NA NA NA NA NA NA NA NA NA NA NA NA NA NA NA NA NA NA NA NA NA NA NA NA NA NA NA NA NA NA NA NA NA NA NA NA NA NA NA NA NA NA NA NA NA NA NA NA NA NA NA NA NA NA NA NA NA NA NA NA NA NA NA NA NA NA NA NA NA NA NA NA NA NA NA NA NA NA NA NA NA NA NA NA NA NA NA NA NA NA NA NA NA NA NA NA NA NA NA NA NA NA NA NA NA NA NA NA NA NA NA NA NA NA NA NA NA NA NA NA NA NA NA NA NA NA NA NA NA NA NA NA NA NA NA NA NA NA NA 226 226 226 226 226 226 226 226 226 226 226 226 226 226 227 227 226 226 227 227 227 227 NA NA NA NA NA NA NA NA NA NA NA NA NA NA NA NA NA NA NA NA NA NA NA NA NA NA NA NA NA NA NA NA NA NA NA NA NA NA NA NA NA NA NA NA NA NA NA NA NA NA NA NA NA NA NA NA NA NA NA NA NA NA NA NA NA NA NA NA NA NA NA NA NA NA NA NA NA NA NA NA NA NA NA NA NA NA NA NA NA NA NA NA NA NA NA NA NA NA NA NA NA NA NA NA NA NA NA NA NA NA NA NA NA NA NA NA NA NA NA NA NA NA NA NA NA NA NA NA NA NA NA NA NA NA NA NA NA NA NA NA NA NA NA NA NA NA NA NA
NA NA NA NA NA NA NA NA NA NA NA NA NA NA NA NA NA NA NA NA NA NA NA NA NA NA NA NA NA NA NA NA NA NA NA NA NA NA NA NA NA NA NA NA NA NA NA NA NA NA NA NA NA NA NA NA NA NA NA NA NA NA NA NA NA NA NA NA NA NA NA NA NA NA NA NA NA NA NA NA NA NA NA NA NA NA NA NA NA NA NA NA NA NA NA NA NA NA NA NA NA NA NA NA NA NA NA NA NA NA NA NA NA NA NA NA NA NA NA NA NA NA NA NA NA NA NA NA NA NA NA NA NA NA NA NA NA NA NA NA NA NA NA NA NA NA NA NA NA NA NA NA NA NA NA NA NA NA NA NA NA NA NA NA NA NA NA NA NA NA NA NA NA NA NA NA NA NA NA NA NA NA NA NA NA NA NA NA NA NA NA NA NA NA NA NA NA NA NA NA NA NA NA NA NA NA NA NA NA NA NA NA NA NA NA NA NA NA NA NA NA NA NA NA NA NA NA NA NA NA NA NA NA NA NA NA NA NA NA NA NA NA NA NA NA NA NA NA NA NA NA NA NA NA NA NA NA NA NA NA NA NA NA NA NA NA NA NA NA NA NA NA NA NA NA NA NA NA NA NA NA NA NA NA NA NA NA NA NA NA NA NA NA NA NA NA NA NA NA NA NA NA NA NA NA NA NA NA NA NA NA NA NA NA NA NA NA NA NA NA NA NA NA NA NA NA NA NA NA NA NA NA 227 226 226 226 226 226 227 226 226 226 226 226 226 226 226 226 227 NA 227 227 227 227 NA NA NA NA NA NA NA NA NA NA NA NA NA NA NA NA NA NA NA NA NA NA NA NA NA NA NA NA NA NA NA NA NA NA NA NA NA NA NA NA NA NA NA NA NA NA NA NA NA NA NA NA NA NA NA NA NA NA NA NA NA NA NA NA NA NA NA NA NA NA NA NA NA NA NA NA NA NA NA NA NA NA NA NA NA NA NA NA NA NA NA NA NA NA NA NA NA NA NA NA NA NA NA NA NA NA NA NA NA NA NA NA NA NA NA NA NA NA NA NA NA NA NA NA NA NA NA NA NA NA NA NA NA NA NA NA NA NA NA NA NA NA NA NA NA NA NA NA NA
NA NA NA NA NA NA NA NA NA NA NA NA NA NA NA NA NA NA NA NA NA NA NA NA NA NA NA NA NA NA NA NA NA NA NA NA NA NA NA NA NA NA NA NA NA NA NA NA NA NA NA NA NA NA NA NA NA NA NA NA NA NA NA NA NA NA NA NA NA NA NA NA NA NA NA NA NA NA NA NA NA NA NA NA NA NA NA NA NA NA NA NA NA NA NA NA NA NA NA NA NA NA NA NA NA NA NA NA NA NA NA NA NA NA NA NA NA NA NA NA NA NA NA NA NA NA NA NA NA NA NA NA NA NA NA NA NA NA NA NA NA NA NA NA NA NA NA NA NA NA NA NA NA NA NA NA NA NA NA NA NA NA NA NA NA NA NA NA NA NA NA NA NA NA NA NA NA NA NA NA NA NA NA NA NA NA NA NA NA NA NA NA NA NA NA NA NA NA NA NA NA NA NA NA NA NA NA NA NA NA NA NA NA NA NA NA NA NA NA NA NA NA NA NA NA NA NA NA NA NA NA NA NA NA NA NA NA NA NA NA NA NA NA NA NA NA NA NA NA NA NA NA NA NA NA NA NA NA NA NA NA NA NA NA NA NA NA NA NA NA NA NA NA NA NA NA NA NA NA NA NA NA NA NA NA NA NA NA NA NA NA NA NA NA NA NA NA NA NA NA NA NA NA NA NA NA NA NA NA NA NA NA NA NA NA NA NA NA NA NA NA NA NA NA NA NA NA NA NA NA NA NA NA NA NA NA NA 226 226 226 226 226 226 226 226 226 226 226 227 NA NA NA NA NA NA NA NA NA NA NA NA NA NA NA NA NA NA NA NA NA NA NA NA NA NA NA NA NA NA NA NA NA NA NA NA NA NA NA NA NA NA NA NA NA NA NA NA NA NA NA NA NA NA NA NA NA NA NA NA NA NA NA NA NA NA NA NA NA NA NA NA NA NA NA NA NA NA NA NA NA NA NA NA NA NA NA NA NA NA NA NA NA NA NA NA NA NA NA NA NA NA NA NA NA NA NA NA NA NA NA NA NA NA NA NA NA NA NA NA NA NA NA NA NA NA NA NA NA NA NA NA NA NA NA NA NA NA NA NA NA NA NA NA NA NA NA NA NA NA NA NA NA NA
NA NA NA NA NA NA NA NA NA NA NA NA NA NA NA NA NA NA NA NA NA NA NA NA NA NA NA NA NA NA NA NA NA NA NA NA NA NA NA NA NA NA NA NA NA NA NA NA NA NA NA NA NA NA NA NA NA NA NA NA NA NA NA NA NA NA NA NA NA NA NA NA NA NA NA NA NA NA NA NA NA NA NA NA NA NA NA NA NA NA NA NA NA NA NA NA NA NA NA NA NA NA NA NA NA NA NA NA NA NA NA NA NA NA NA NA NA NA NA NA NA NA NA NA NA NA NA NA NA NA NA NA NA NA NA NA NA NA NA NA NA NA NA NA NA NA NA NA NA NA NA NA NA NA NA NA NA NA NA NA NA NA NA NA NA NA NA NA NA NA NA NA NA NA NA NA NA NA NA NA NA NA NA NA NA NA NA NA NA NA NA NA NA NA NA NA NA NA NA NA NA NA NA NA NA NA NA NA NA NA NA NA NA NA NA NA NA NA NA NA NA NA NA NA NA NA NA NA NA NA NA NA NA NA NA NA NA NA NA NA NA NA NA NA NA NA NA NA NA NA NA NA NA NA NA NA NA NA NA NA NA NA NA NA NA NA NA NA NA NA NA NA NA NA NA NA NA NA NA NA NA NA NA NA NA NA NA NA NA NA NA NA NA NA NA NA NA NA NA NA NA NA NA NA NA NA NA NA NA NA NA NA NA NA NA NA NA NA NA NA NA NA NA NA NA NA NA NA NA NA NA NA NA NA NA NA NA NA NA NA NA NA 226 226 226 226 226 226 NA NA NA NA NA NA NA NA NA NA NA NA NA NA NA NA NA NA NA NA NA NA NA NA NA NA NA NA NA NA NA NA NA NA NA NA NA NA NA NA NA NA NA NA NA NA NA NA NA NA NA NA NA NA NA NA NA NA NA NA NA NA NA NA NA NA NA NA NA NA NA NA NA NA NA NA NA NA NA NA NA NA NA NA NA NA NA NA NA NA NA NA NA NA NA NA NA NA NA NA NA NA NA NA NA NA NA NA NA NA NA NA NA NA NA NA NA NA NA NA NA NA NA NA NA NA NA NA NA NA NA NA NA NA NA NA NA NA NA NA NA NA NA NA NA NA NA NA NA NA NA NA NA NA NA
NA NA NA NA NA NA NA NA NA NA NA NA NA NA NA NA NA NA NA NA NA NA NA NA NA NA NA NA NA NA NA NA NA NA NA NA NA NA NA NA NA NA NA NA NA NA NA NA NA NA NA NA NA NA NA NA NA NA NA NA NA NA NA NA NA NA NA NA NA NA NA NA NA NA NA NA NA NA NA NA NA NA NA NA NA NA NA NA NA NA NA NA NA NA NA NA NA NA NA NA NA NA NA NA NA NA NA NA NA NA NA NA NA NA NA NA NA NA NA NA NA NA NA NA NA NA NA NA NA NA NA NA NA NA NA NA NA NA NA NA NA NA NA NA NA NA NA NA NA NA NA NA NA NA NA NA NA NA NA NA NA NA NA NA NA NA NA NA NA NA NA NA NA NA NA NA NA NA NA NA NA NA NA NA NA NA NA NA NA NA NA NA NA NA NA NA NA NA NA NA NA NA NA NA NA NA NA NA NA NA NA NA NA NA NA NA NA NA NA NA NA NA NA NA NA NA NA NA NA NA NA NA NA NA NA NA NA NA NA NA NA NA NA NA NA NA NA NA NA NA NA NA NA NA NA NA NA NA NA NA NA NA NA NA NA NA NA NA NA NA NA NA NA NA NA NA NA NA NA NA NA NA NA NA NA NA NA NA NA NA NA NA NA NA NA NA NA NA NA NA NA NA NA NA NA NA NA NA NA NA NA NA NA NA NA NA NA NA NA NA NA NA NA NA NA NA NA NA NA NA NA NA NA NA NA NA NA NA NA NA NA NA NA NA NA 226 227 NA NA NA NA NA NA NA NA NA NA NA NA NA NA NA NA NA NA NA NA NA NA NA NA NA NA NA NA NA NA NA NA NA NA NA NA NA NA NA NA NA NA NA NA NA NA NA NA NA NA NA NA NA NA NA NA NA NA NA NA NA NA NA NA NA NA NA NA NA NA NA NA NA NA NA NA NA NA NA NA NA NA NA NA NA NA NA NA NA NA NA NA NA NA NA NA NA NA NA NA NA NA NA NA NA NA NA NA NA NA NA NA NA NA NA NA NA NA NA NA NA NA NA NA NA NA NA NA NA NA NA NA NA NA NA NA NA NA NA NA NA NA NA NA NA NA NA NA NA NA NA NA NA NA NA NA
